0.000000000000000000e+00,-1.082417433550105557e+01,-6.986178822592922444e+00,-1.398606135771305325e+00,-1.398606135771302661e+00,1.690237536874287461e+00,3.812328569469247252e+00,6.108606135771299961e+00,6.108606135771307954e+00,9.300412184112179403e+00,1.204737486763826304e+01
1.000000000000000000e+00,-1.082495910630932556e+01,-6.984646282280894347e+00,-1.398325346767878674e+00,-1.398325346767875121e+00,1.690453664475661810e+00,3.812541668134837636e+00,6.108325346767876418e+00,6.108325346767879083e+00,9.299979791767562176e+00,1.204663026421215832e+01
2.000000000000000000e+00,-1.082730952062351371e+01,-6.980052701703935547e+00,-1.397483130870541546e+00,-1.397483130870539325e+00,1.691101931212077858e+00,3.813180668745620228e+00,6.107483130870535071e+00,6.107483130870536847e+00,9.298682720417531300e+00,1.204439690195222212e+01
3.000000000000000000e+00,-1.083121395417714083e+01,-6.972410132052218046e+00,-1.396079941483735931e+00,-1.396079941483734821e+00,1.692181987932674936e+00,3.814244685882327790e+00,6.106079941483736562e+00,6.106079941483738338e+00,9.296521287140176781e+00,1.204067612527417808e+01
4.000000000000000000e+00,-1.083665326384970840e+01,-6.961738428580470206e+00,-1.394116534500376536e+00,-1.394116534500374538e+00,1.693693249562105096e+00,3.815732246305608033e+00,6.104116534500375835e+00,6.104116534500381164e+00,9.293496020489151022e+00,1.203547017607331959e+01
5.000000000000000000e+00,-1.084360112373254381e+01,-6.948064915434756017e+00,-1.391593968630507216e+00,-1.391593968630506328e+00,1.695634890370668391e+00,3.817641292634815109e+00,6.101593968630505849e+00,6.101593968630506737e+00,9.289607660633757646e+00,1.202878219552805028e+01
6.000000000000000000e+00,-1.085202447652194202e+01,-6.931423935510020229e+00,-1.388513605862268907e+00,-1.388513605862267131e+00,1.698005837364391590e+00,3.819969188477905675e+00,6.098513605862269316e+00,6.098513605862270204e+00,9.284857159564745999e+00,1.202061622662492191e+01
7.000000000000000000e+00,-1.086188408278348128e+01,-6.911856302796032026e+00,-1.384877112055968640e+00,-1.384877112055967752e+00,1.700804761806606669e+00,3.822712724992289424e+00,6.094877112055963941e+00,6.094877112055970159e+00,9.279245681375469346e+00,1.201097721740514324e+01
8.000000000000000000e+00,-1.087313514778582757e+01,-6.889408677514380130e+00,-1.380686457672347212e+00,-1.380686457672344991e+00,1.704030068885185711e+00,3.825868128851484418e+00,6.090686457672346066e+00,6.090686457672350507e+00,9.272774602631537633e+00,1.199987102493199842e+01
9.000000000000000000e+00,-1.088572800404260121e+01,-6.864132885910329662e+00,-1.375943918636252761e+00,-1.375943918636250096e+00,1.707679885542191078e+00,3.829431071587425350e+00,6.085943918636251837e+00,6.085943918636257166e+00,9.265445512844665998e+00,1.198730441997865626e+01
1.000000000000000000e+01,-1.089960882741295656e+01,-6.836085206850739837e+00,-1.370652077337270791e+00,-1.370652077337267682e+00,1.711752046484306566e+00,3.833396680274226309e+00,6.080652077337266093e+00,6.080652077337269645e+00,9.257260215070274967e+00,1.197328509243488170e+01
1.100000000000000000e+01,-1.091472036548144686e+01,-6.805325646510294924e+00,-1.364813823768960210e+00,-1.364813823768959322e+00,1.716244078394090433e+00,3.837759549515178836e+00,6.074813823768957732e+00,6.074813823768959509e+00,9.248220726651904755e+00,1.195782165743057668e+01
1.200000000000000000e+01,-1.093100265876359067e+01,-6.771917220602793108e+00,-1.358432356808645824e+00,-1.358432356808644048e+00,1.721153182362623602e+00,3.842513754691737837e+00,6.068432356808645345e+00,6.068432356808647121e+00,9.238329280139211619e+00,1.194092366217281587e+01
1.300000000000000000e+01,-1.094839373782194336e+01,-6.735925261075964343e+00,-1.351511185639749923e+00,-1.351511185639749701e+00,1.726476214564579115e+00,3.847652866430760099e+00,6.061511185639751886e+00,6.061511185639752775e+00,9.227588324410989529e+00,1.192260159349158322e+01
1.400000000000000000e+01,-1.096683028236170543e+01,-6.697416761205188251e+00,-1.344054131319017742e+00,-1.344054131319014189e+00,1.732209665196099868e+00,3.853169966244281319e+00,6.054054131319016818e+00,6.054054131319018595e+00,9.216000526038758522e+00,1.190286688608776444e+01
1.500000000000000000e+01,-1.098624823155382124e+01,-6.656459769842574481e+00,-1.336065328490947390e+00,-1.336065328490945170e+00,1.738349635694926620e+00,3.859057663295160534e+00,6.046065328490946911e+00,6.046065328490948687e+00,9.203568770932033516e+00,1.188173193147427753e+01
1.600000000000000000e+01,-1.100658333798596189e+01,-6.613122842426097492e+00,-1.327549227252019293e+00,-1.327549227252016628e+00,1.744891814260454366e+00,3.865308112241315985e+00,6.037549227252015704e+00,6.037549227252018369e+00,9.190296166311359372e+00,1.185921008759893525e+01
1.700000000000000000e+01,-1.102777166059392222e+01,-6.567474553402519177e+00,-1.318510595167332156e+00,-1.318510595167329491e+00,1.751831449689055908e+00,3.871913032111796049e+00,6.028510595167329456e+00,6.028510595167332120e+00,9.176186043061647979e+00,1.183531568913394949e+01
1.800000000000000000e+01,-1.104974999455091833e+01,-6.519583072092802745e+00,-1.308954519442386166e+00,-1.308954519442383946e+00,1.759163323537133339e+00,3.878863726168867654e+00,6.018954519442383244e+00,6.018954519442387685e+00,9.161241958524644957e+00,1.181006405841307583e+01
1.900000000000000000e+01,-1.107245623831726178e+01,-6.469515801805042265e+00,-1.298886409252810070e+00,-1.298886409252808960e+00,1.766881720620816498e+00,3.886151102711999261e+00,6.008886409252808036e+00,6.008886409252811589e+00,9.145467699796615335e+00,1.178347151699287565e+01
2.000000000000000000e+01,-1.109582969984507628e+01,-6.417339080208710911e+00,-1.288311998234842104e+00,-1.288311998234841438e+00,1.774980397857510050e+00,3.893765696782085062e+00,5.998311998234835407e+00,5.998311998234842513e+00,9.128867287605109127e+00,1.175555539780908632e+01
2.100000000000000000e+01,-1.111981134529470339e+01,-6.363117937622444487e+00,-1.277237347139311918e+00,-1.277237347139311030e+00,1.783452551449943746e+00,3.901697692727274625e+00,5.987237347139312327e+00,5.987237347139312327e+00,9.111444980847281272e+00,1.172633405789263783e+01
2.200000000000000000e+01,-1.114434399458265190e+01,-6.306915908906087331e+00,-1.265668846651941459e+00,-1.265668846651939683e+00,1.792290782409164507e+00,3.909936947595285872e+00,5.975668846651937649e+00,5.975668846651939425e+00,9.093205281881207469e+00,1.169582689160307432e+01
2.300000000000000000e+01,-1.116937246868864264e+01,-6.248794894040733183e+00,-1.253613220382499449e+00,-1.253613220382497673e+00,1.801487060407970020e+00,3.918473015321128461e+00,5.963613220382494973e+00,5.963613220382496749e+00,9.074152942671881661e+00,1.166405434432839705e+01
2.400000000000000000e+01,-1.119484369395843970e+01,-6.188815062173076420e+00,-1.241077528025337440e+00,-1.241077528025335219e+00,1.811032685951909471e+00,3.927295171683804487e+00,5.951077528025335184e+00,5.951077528025340513e+00,9.054292971904111198e+00,1.163103792659168789e+01
2.500000000000000000e+01,-1.122070676870555594e+01,-6.127034793834889470e+00,-1.228069168693492808e+00,-1.228069168693492363e+00,1.820918250850401821e+00,3.936392440010044513e+00,5.938069168693492550e+00,5.938069168693495214e+00,9.033630643186096876e+00,1.159680022849390646e+01
2.600000000000000000e+01,-1.124691299729506433e+01,-6.063510656170679525e+00,-1.214595884428308459e+00,-1.214595884428307571e+00,1.831133596966753485e+00,3.945753617608379837e+00,5.924595884428304871e+00,5.924595884428306647e+00,9.012171504479583817e+00,1.156136493441102608e+01
2.700000000000000000e+01,-1.127341589663641663e+01,-5.998297406263809251e+00,-1.200665763886107795e+00,-1.200665763886106463e+00,1.841667773222291027e+00,3.955367302921683148e+00,5.910665763886105317e+00,5.910665763886108870e+00,8.989921388905717237e+00,1.152475683785053917e+01
2.800000000000000000e+01,-1.130017117966323603e+01,-5.931448018003291800e+00,-1.186287246203034940e+00,-1.186287246203034051e+00,1.852508990827900215e+00,3.965221923391404779e+00,5.896287246203036680e+00,5.896287246203038457e+00,8.966886427088867961e+00,1.148700185635835425e+01
2.900000000000000000e+01,-1.132713671997291094e+01,-5.863013728339718789e+00,-1.171469125038499870e+00,-1.171469125038498538e+00,1.863644576714867718e+00,3.975305764031269007e+00,5.881469125038497836e+00,5.881469125038501389e+00,8.943073061215169872e+00,1.144812704635133116e+01
3.000000000000000000e+01,-1.135427250136681288e+01,-5.793044099214443854e+00,-1.156220552797136536e+00,-1.156220552797135204e+00,1.875060925137767898e+00,3.985606996712537597e+00,5.866220552797135390e+00,5.866220552797138055e+00,8.918488060996782707e+00,1.140816061773416301e+01
3.100000000000000000e+01,-1.138154055559446221e+01,-5.721587091885269594e+00,-1.140551045028205923e+00,-1.140551045028204147e+00,1.886743447424835685e+00,3.996113710166425914e+00,5.850551045028204555e+00,5.850551045028208108e+00,8.893138541747633852e+00,1.136713194814082506e+01
3.200000000000000000e+01,-1.140890489117973949e+01,-5.648689150801100567e+00,-1.124470485000561348e+00,-1.124470485000558906e+00,1.898676519856456801e+00,4.006813940711857036e+00,5.834470485000558426e+00,5.834470485000563755e+00,8.867031984790877175e+00,1.132507159662164398e+01
3.300000000000000000e+01,-1.143633141580410140e+01,-5.574395294584010507e+00,-1.107989128450074690e+00,-1.107989128450070693e+00,1.910843429660914250e+00,4.017695703718100475e+00,5.817989128450072656e+00,5.817989128450075320e+00,8.840176260432407673e+00,1.128201131657668910e+01
3.400000000000000000e+01,-1.146378785434907677e+01,-5.498749212053932744e+00,-1.091117608495228763e+00,-1.091117608495226543e+00,1.923226319128720663e+00,4.028747025811610705e+00,5.801117608495227174e+00,5.801117608495228062e+00,8.812579653748132458e+00,1.123798406771454239e+01
3.500000000000000000e+01,-1.149124366436189604e+01,-5.421793361573787884e+00,-1.073866940715054064e+00,-1.073866940715051399e+00,1.935806127863321180e+00,4.039955977834237544e+00,5.783866940715048699e+00,5.783866940715054916e+00,8.784250893444335517e+00,1.119302402679378616e+01
3.600000000000000000e+01,-1.151866995040446895e+01,-5.343569072301523448e+00,-1.056248528381885876e+00,-1.056248528381884988e+00,1.948562533208068270e+00,4.051310708555296181e+00,5.766248528381886729e+00,5.766248528381887617e+00,8.755199184060373341e+00,1.114716659688225420e+01
3.700000000000000000e+01,-1.154603937847941886e+01,-5.264116646206950634e+00,-1.038274167839561501e+00,-1.038274167839557505e+00,1.961473888917197650e+00,4.062799479132592317e+00,5.748274167839559468e+00,5.748274167839564797e+00,8.725434241789820078e+00,1.110044841484675437e+01
3.800000000000000000e+01,-1.157332609149269054e+01,-5.183475459952073372e+00,-1.019956054015424218e+00,-1.019956054015422442e+00,1.974517162173832441e+00,4.074410698306591527e+00,5.729956054015420186e+00,5.729956054015422851e+00,8.694966334199614622e+00,1.105290735676471847e+01
3.900000000000000000e+01,-1.160050562651172967e+01,-5.101684065940423451e+00,-1.001306786052080122e+00,-1.001306786052078790e+00,1.987667869101440887e+00,4.086132958296809115e+00,5.711306786052077200e+00,5.711306786052078976e+00,8.663806324124857738e+00,1.100458254092904298e+01
4.000000000000000000e+01,-1.162755483440562188e+01,-5.018780292021496336e+00,-9.823393730420886261e-01,-9.823393730420864056e-01,2.000900008968012234e+00,4.097955071350038558e+00,5.692339373042086592e+00,5.692339373042088368e+00,8.631965718009979582e+00,1.095551432809908121e+01
4.100000000000000000e+01,-1.165445180230849331e+01,-4.934801339489709449e+00,-9.630672398455975003e-01,-9.630672398455961680e-01,2.014185997345875112e+00,4.109866106864671131e+00,5.673067239845594578e+00,5.673067239845596355e+00,8.599456718951740797e+00,1.090574431863590554e+01
4.200000000000000000e+01,-1.168117577922515693e+01,-4.849783879149992316e+00,-9.435042329675502604e-01,-9.435042329675498163e-01,2.027496598565774022e+00,4.121855428984188663e+00,5.653504232967550003e+00,5.653504232967550891e+00,8.566292284676334745e+00,1.085531534614885452e+01
4.300000000000000000e+01,-1.170770710499686018e+01,-4.763764145333579059e+00,-9.236646264671676265e-01,-9.236646264671665163e-01,2.040800857893076525e+00,4.133912734514512799e+00,5.633664626467170145e+00,5.633664626467171033e+00,8.532486190649001045e+00,1.080427146727385512e+01
4.400000000000000000e+01,-1.173402714276101122e+01,-4.676778027844425090e+00,-9.035631278681061085e-01,-9.035631278681041101e-01,2.054066033958452664e+00,4.146028090973802982e+00,5.613563127868102853e+00,5.613563127868105518e+00,8.498053098468469457e+00,1.075265794720471568e+01
4.500000000000000000e+01,-1.176011821497169763e+01,-4.588861161898122987e+00,-8.832148840329845374e-01,-8.832148840329832051e-01,2.067257532095864825e+00,4.158191974528572032e+00,5.593214884032979839e+00,5.593214884032985168e+00,8.463008629639126923e+00,1.070052124060625864e+01
4.600000000000000000e+01,-1.178596354299236637e+01,-4.500049016186645545e+00,-8.626354869607305575e-01,-8.626354869607294473e-01,2.080338839379695770e+00,4.170395307506181481e+00,5.572635486960730411e+00,5.572635486960732187e+00,8.427369444738683768e+00,1.064790896755444649e+01
4.700000000000000000e+01,-1.181154719022890376e+01,-4.410376979264011510e+00,-8.418409794593930684e-01,-8.418409794593912920e-01,2.093271462310220876e+00,4.182629495100042227e+00,5.551840979459391257e+00,5.551840979459393921e+00,8.391153327906744508e+00,1.059486988417590325e+01
4.800000000000000000e+01,-1.183685400873746474e+01,-4.319880444503385597e+00,-8.208478606408521339e-01,-8.208478606408510236e-01,2.106014868274544760e+00,4.194886460800185013e+00,5.530847860640852431e+00,5.530847860640854208e+00,8.354379276469323656e+00,1.054145384769680760e+01
4.900000000000000000e+01,-1.186186958921506651e+01,-4.228594893926617360e+00,-7.996730911769348582e-01,-7.996730911769328598e-01,2.118526432108259527e+00,4.207158679987905714e+00,5.509673091176934712e+00,5.509673091176939153e+00,8.317067595383841550e+00,1.048771177566166379e+01
5.000000000000000000e+01,-1.188658021426158307e+01,-4.136555981255273018e+00,-7.783340982490215554e-01,-7.783340982490195570e-01,2.130761389301858433e+00,4.219439211030097781e+00,5.488334098249019632e+00,5.488334098249022297e+00,8.279239996038963767e+00,1.043369559914593481e+01
5.100000000000000000e+01,-1.191097281478789682e+01,-4.043799614578556856e+00,-7.568487801151521088e-01,-7.568487801151505545e-01,2.142672797634688209e+00,4.231721723096380394e+00,5.466848780115150852e+00,5.466848780115152628e+00,8.240919698772749769e+00,1.037945820986263890e+01
5.200000000000000000e+01,-1.193503492943497335e+01,-3.950362039081432908e+00,-7.352355102100109896e-01,-7.352355102100083251e-01,2.154211509275883785e+00,4.244000519803764249e+00,5.445235510210008734e+00,5.445235510210010510e+00,8.202131538283056855e+00,1.032505340115369918e+01
5.300000000000000000e+01,-1.195875466686274535e+01,-3.856279920326397548e+00,-7.135131406837926793e-01,-7.135131406837913470e-01,2.165326155664315078e+00,4.256270557670019272e+00,5.423513140683787093e+00,5.423513140683793310e+00,8.162902070896199902e+00,1.027053580295859980e+01
5.400000000000000000e+01,-1.198212067076475407e+01,-3.761590428636716332e+00,-6.917010052761980443e-01,-6.917010052761958239e-01,2.175963147762984384e+00,4.268527458233465133e+00,5.401701005276191125e+00,5.401701005276196454e+00,8.123259682438446205e+00,1.021596081096657471e+01
5.500000000000000000e+01,-1.200512208746331844e+01,-3.666331325190686385e+00,-6.698189214112053591e-01,-6.698189214112040268e-01,2.186066694573109981e+00,4.280767512577432932e+00,5.379818921411202659e+00,5.379818921411208876e+00,8.083234695222405009e+00,1.016138451028105116e+01
5.600000000000000000e+01,-1.202774853594122284e+01,-3.570541050505607661e+00,-6.478871913873873734e-01,-6.478871913873860411e-01,2.195578843081221532e+00,4.292987676888530224e+00,5.357887191387384895e+00,5.357887191387384895e+00,8.042859472424364498e+00,1.010686359405271695e+01
5.700000000000000000e+01,-1.204999008016844186e+01,-3.474258816072159473e+00,-6.259266025269569766e-01,-6.259266025269552003e-01,2.204439543090234821e+00,4.305185557587096312e+00,5.335926602526951612e+00,5.335926602526957829e+00,8.002168517895549726e+00,1.005245527766772540e+01
5.800000000000000000e+01,-1.207183720358536583e+01,-3.377524699994541191e+00,-6.039584261349731920e-01,-6.039584261349716376e-01,2.212586740642684013e+00,4.317359384503765440e+00,5.313958426134970381e+00,5.313958426134974822e+00,7.961198569228903565e+00,9.998217209204556255e+00
5.900000000000000000e+01,-1.209328078560908537e+01,-3.280379747605290497e+00,-5.820044151079238892e-01,-5.820044151079196704e-01,2.219956503967965400e+00,4.329507970549349771e+00,5.292004415107920856e+00,5.292004415107925297e+00,7.919988681705694589e+00,9.944207376991359482e+00
6.000000000000000000e+01,-1.211431208003348559e+01,-3.182866078158170353e+00,-5.600868000186625117e-01,-5.600868000186610685e-01,2.226483186063484165e+00,4.341630656345875749e+00,5.270086800018662920e+00,5.270086800018666473e+00,7.878580300582092910e+00,9.890484015200200929e+00
6.100000000000000000e+01,-1.213492269519937850e+01,-3.085026998864520476e+00,-5.382282834924688730e-01,-5.382282834924642101e-01,2.232099628138407343e+00,4.353727238367368635e+00,5.248228283492462509e+00,5.248228283492465174e+00,7.837017319060208820e+00,9.837105508497906214e+00
6.200000000000000000e+01,-1.215510457581650350e+01,-2.986907127732736811e+00,-5.164520326769608261e-01,-5.164520326769594938e-01,2.236737408195406118e+00,4.365797879290629346e+00,5.226452032676959902e+00,5.226452032676967896e+00,7.795346119233213855e+00,9.784130296829999907e+00
6.300000000000000000e+01,-1.217484998632475524e+01,-2.888552526905999507e+00,-4.947816695972951373e-01,-4.947816695972941381e-01,2.240327138990359845e+00,4.377842999489520714e+00,5.204781669597290161e+00,5.204781669597292826e+00,7.753615593312851217e+00,9.731616781438024333e+00
6.400000000000000000e+01,-1.219415149568747303e+01,-2.790010848477880501e+00,-4.732412591772334753e-01,-4.732412591772303667e-01,2.242798819485674500e+00,4.389863148929570968e+00,5.183241259177233218e+00,5.183241259177237659e+00,7.711877142553709596e+00,9.679623233196410936e+00
6.500000000000000000e+01,-1.221300196351581313e+01,-2.691331495111935368e+00,-4.518552946974997431e-01,-4.518552946974973006e-01,2.244082243698610313e+00,4.401858859138594759e+00,5.161855294697494045e+00,5.161855294697498486e+00,7.670184651490947303e+00,9.628207704299605041e+00
6.600000000000000000e+01,-1.223139452742796962e+01,-2.592565798212763450e+00,-4.306486804547218772e-01,-4.306486804547195457e-01,2.244107470550166017e+00,4.413830475444552093e+00,5.140648680454718900e+00,5.140648680454719788e+00,7.628594435415930519e+00,9.577427944230091583e+00
6.700000000000000000e+01,-1.224932259155309211e+01,-2.493767216911881857e+00,-4.096467113786151915e-01,-4.096467113786149694e-01,2.242805357960063084e+00,4.425777970279957785e+00,5.119646711378617709e+00,5.119646711378617709e+00,7.587165159430313111e+00,9.527341320794635138e+00
6.800000000000000000e+01,-1.226677981609466528e+01,-2.394991561762084054e+00,-3.888750493617535442e-01,-3.888750493617524340e-01,2.240108164042009076e+00,4.437700739042160336e+00,5.098875049361748957e+00,5.098875049361750733e+00,7.545957727942933957e+00,9.478004746829640226e+00
6.900000000000000000e+01,-1.228376010787311756e+01,-2.296297247809801156e+00,-3.683596960559986089e-01,-3.683596960559939459e-01,2.235950217877681556e+00,4.449597380754094722e+00,5.078359696055994910e+00,5.078359696055998462e+00,7.505035144098037847e+00,9.429474612953109514e+00
7.000000000000000000e+01,-1.230025761177253507e+01,-2.197745582667802733e+00,-3.481269618933862664e-01,-3.481269618933848231e-01,2.230268662054336826e+00,4.461465466566235882e+00,5.058126961893385065e+00,5.058126961893389506e+00,7.464462339334238195e+00,9.381806726485516279e+00
7.100000000000000000e+01,-1.231626670302063786e+01,-2.099401096386984023e+00,-3.282034310969043078e-01,-3.282034310969023094e-01,2.223004269024700275e+00,4.473301299948080789e+00,5.038203431096903273e+00,5.038203431096904161e+00,7.424305974050075640e+00,9.335056256384762108e+00
7.200000000000000000e+01,-1.233178198023604644e+01,-2.001331921378425083e+00,-3.086159224594921535e-01,-3.086159224594896000e-01,2.214102333496235087e+00,4.485099673202054937e+00,5.018615922459488843e+00,5.018615922459491507e+00,7.384634211164765816e+00,9.289277683751405945e+00
7.300000000000000000e+01,-1.234679825918052032e+01,-1.903610232433435634e+00,-2.893914456880646302e-01,-2.893914456880632979e-01,2.203513643607392769e+00,4.496853625656783038e+00,4.999391445688062596e+00,4.999391445688065261e+00,7.345516465177617249e+00,9.244524757172159823e+00
7.400000000000000000e+01,-1.236131056715844778e+01,-1.806312759113058330e+00,-2.705571531338806790e-01,-2.705571531338774594e-01,2.191195534750296936e+00,4.508554209524002765e+00,4.980557153133879922e+00,4.980557153133880810e+00,7.307023130102696662e+00,9.200850451894517334e+00
7.500000000000000000e+01,-1.237531413800922309e+01,-1.709521385530083037e+00,-2.521402867621317379e-01,-2.521402867621288513e-01,2.177113031720508740e+00,4.520190269898459512e+00,4.962140286762127594e+00,4.962140286762130259e+00,7.269225290343236168e+00,9.158306931577094190e+00
7.600000000000000000e+01,-1.238880440764181401e+01,-1.613323855947560448e+00,-2.341681202523694105e-01,-2.341681202523674676e-01,2.161240087600324600e+00,4.531748245715413681e+00,4.944168120252367515e+00,4.944168120252369292e+00,7.232194419122661699e+00,9.116945511150971626e+00
7.700000000000000000e+01,-1.240177701006448174e+01,-1.517814608809051613e+00,-2.166678961679054938e-01,-2.166678961679043836e-01,2.143560931609345133e+00,4.543211998633451820e+00,4.926667896167902683e+00,4.926667896167905347e+00,7.196002069461835404e+00,9.076816619168894817e+00
7.800000000000000000e+01,-1.241422777386540588e+01,-1.423095766954805663e+00,-1.996667581866927443e-01,-1.996667581866899133e-01,2.124071543286203401e+00,4.554562676769928764e+00,4.909666758186692626e+00,4.909666758186697955e+00,7.160719562842642105e+00,9.037969757921437974e+00
7.900000000000000000e+01,-1.242615271910337782e+01,-1.329278318028641825e+00,-1.831916784487273575e-01,-1.831916784487263583e-01,2.102781276987653047e+00,4.565778619978862807e+00,4.893191678448729043e+00,4.893191678448729043e+00,7.126417680595757531e+00,9.000453459569742520e+00
8.000000000000000000e+01,-1.243754805457029988e+01,-1.236483526583823656e+00,-1.672693801451999862e-01,-1.672693801451979878e-01,2.079714668956068824e+00,4.576835312932241884e+00,4.877269380145198063e+00,4.877269380145199840e+00,7.093166362677597370e+00,8.964315236588207725e+00
8.100000000000000000e+01,-1.244841017539011574e+01,-1.144844628225672123e+00,-1.519262555523262226e-01,-1.519262555523248348e-01,2.054913469170998930e+00,4.587705391655694243e+00,4.861926255552326381e+00,4.861926255552328158e+00,7.061034417858710555e+00,8.929601524930387058e+00
8.200000000000000000e+01,-1.245873566092123497e+01,-1.054508866186371296e+00,-1.371882797970394308e-01,-1.371882797970375989e-01,2.028438951733963158e+00,4.598358708392766836e+00,4.847188279797040700e+00,4.847188279797042476e+00,7.030089248455444917e+00,8.896357618525428279e+00
8.300000000000000000e+01,-1.246852127293191792e+01,-9.656399415750692716e-01,-1.230809207314761400e-01,-1.230809207314754739e-01,2.000374570144608288e+00,4.608762458740264911e+00,4.833080920731474883e+00,4.833080920731477548e+00,7.000396591643921695e+00,8.864627593978198661e+00
8.400000000000000000e+01,-1.247776395402053851e+01,-8.784209590972057446e-01,-1.096290453870661513e-01,-1.096290453870642362e-01,1.970829036353949348e+00,4.618881373919867528e+00,4.819629045387062938e+00,4.819629045387064714e+00,6.972020278168198359e+00,8.834454224675727829e+00
8.500000000000000000e+01,-1.248646082625435128e+01,-7.930579580396466266e-01,-9.685682357515022767e-02,-9.685682357514825702e-02,1.939939912593443783e+00,4.628677979829067368e+00,4.806856823575149207e+00,4.806856823575149207e+00,6.945022007984150036e+00,8.805878883887347186e+00
8.600000000000000000e+01,-1.249460919000302894e+01,-7.097841195086200816e-01,-8.478762929721217478e-02,-8.478762929721106456e-02,1.907877808323505286e+00,4.638112923144024791e+00,4.794787629297212028e+00,4.794787629297212916e+00,6.919461141171606933e+00,8.778941436872509385e+00
8.700000000000000000e+01,-1.250220652294455448e+01,-6.288647276766329286e-01,-7.344394072159061981e-02,-7.344394072158959286e-02,1.874851263523350742e+00,4.647145363216888647e+00,4.783443940721590515e+00,4.783443940721593179e+00,6.895394501415035293e+00,8.753680122465910429e+00
8.800000000000000000e+01,-1.250925047922329902e+01,-5.506029222236447085e-01,-6.284723957213564360e-02,-6.284723957213370071e-02,1.841112360950571292e+00,4.655733426810098052e+00,4.772847239572135081e+00,4.772847239572137745e+00,6.872876188609887471e+00,8.730131425076381291e+00
8.900000000000000000e+01,-1.251573888874161078e+01,-4.753461904053914444e-01,-5.301791085476550286e-02,-5.301791085476457305e-02,1.806963023015276892e+00,4.663834720835942527e+00,4.763017910854763670e+00,4.763017910854765447e+00,6.851957396797152988e+00,8.708329938498630796e+00
9.000000000000000000e+01,-1.252166975656794712e+01,-4.034933786970598124e-01,-4.397514391719015842e-02,-4.397514391718859023e-02,1.772761781926001756e+00,4.671406896229433947e+00,4.753975143917188007e+00,4.753975143917191559e+00,6.832686233734202474e+00,8.688308223375367234e+00
9.100000000000000000e+01,-1.252704126244612581e+01,-3.355017122429757026e-01,-3.573683589205801231e-02,-3.573683589205666616e-02,1.738930521223634784e+00,4.678408253911261028e+00,4.745736835892052419e+00,4.745736835892058636e+00,6.815107539008754323e+00,8.670096660545448586e+00
9.200000000000000000e+01,-1.253185176039186288e+01,-2.718928446041632419e-01,-2.831949861184710274e-02,-2.831949861184537495e-02,1.705960221906221319e+00,4.684798381559676983e+00,4.738319498611847536e+00,4.738319498611851976e+00,6.799262698677275729e+00,8.653723302852851518e+00
9.300000000000000000e+01,-1.253609977836388722e+01,-2.132562818943961602e-01,-2.173817010202154162e-02,-2.173817010201958486e-02,1.674414068407687139e+00,4.690538807708229285e+00,4.731738170102021357e+00,4.731738170102022245e+00,6.785189455885939580e+00,8.639213728256422087e+00
9.400000000000000000e+01,-1.253978401799877318e+01,-1.602476560385050486e-01,-1.600633175537527833e-02,-1.600633175537432423e-02,1.644925400435783613e+00,4.695593657661308207e+00,4.726006331755376877e+00,4.726006331755377765e+00,6.772921718681804926e+00,8.626590897258381574e+00
9.500000000000000000e+01,-1.254290335439937998e+01,-1.135784335360871256e-01,-1.113583226354642429e-02,-1.113583226354529845e-02,1.618187108077394631e+00,4.699930294042101941e+00,4.721135832263547272e+00,4.721135832263548160e+00,6.762489368067091000e+00,8.615875017748875209e+00
9.600000000000000000e+01,-1.254545683596851546e+01,-7.399318045464522986e-02,-7.136819330304855491e-03,-7.136819330303856290e-03,1.594928601356459641e+00,4.703519923647857759e+00,4.717136819330304931e+00,4.717136819330309372e+00,6.753918071079622720e+00,8.607083420339218804e+00
9.700000000000000000e+01,-1.254744368428040779e+01,-4.223123487677077348e-02,-4.017680115682497471e-03,-4.017680115680032429e-03,1.575877215083176575e+00,4.706338151869785769e+00,4.714017680115682118e+00,4.714017680115683895e+00,6.747229105080385203e+00,8.600230447123832889e+00
9.800000000000000000e+01,-1.254886329398382472e+01,-1.897246970608733319e-02,-1.784991260770973920e-03,-1.784991260769919208e-03,1.561703740423922016e+00,4.708365466396478460e+00,4.711784991260769218e+00,4.711784991260774547e+00,6.742439200296272972e+00,8.595327356573250199e+00
9.900000000000000000e+01,-1.254971523273190570e+01,-4.772105651937998821e-03,-4.434792220716910469e-04,-4.434792220712144317e-04,1.552957050246278170e+00,4.709587633358147230e+00,4.710443479222067964e+00,4.710443479222072405e+00,6.739560407856214574e+00,8.592382246923207845e+00
1.000000000000000000e+02,-1.254999924113471010e+01,4.008495979812565224e-06,4.008495980336961628e-06,4.008495980398391845e-06,1.549999241134711436e+00,4.709995991504019486e+00,4.709995991504019486e+00,4.709995991504021262e+00,6.738599999999999923e+00,8.591400000000000148e+00
1.010000000000000000e+02,-1.254962056153919825e+01,-5.256188979128466852e-03,-1.146265384249156626e-03,-1.146265384248202745e-03,1.553942675779635740e+00,4.708344640351069366e+00,4.711146265384248188e+00,4.711146265384248188e+00,6.739880001220080352e+00,8.592709433167543764e+00
1.020000000000000000e+02,-1.254848461732276377e+01,-2.086480447659975340e-02,-4.592589311831088948e-03,-4.592589311829161670e-03,1.565600940674365837e+00,4.703405353775325537e+00,4.714592589311829229e+00,4.714592589311834558e+00,6.743710316307272024e+00,8.596632811042390188e+00
1.030000000000000000e+02,-1.254659169213964987e+01,-4.633454798961554599e-02,-1.032153675297971598e-02,-1.032153675297870984e-02,1.584486577678805297e+00,4.695221854702043451e+00,4.720321536752980940e+00,4.720321536752981828e+00,6.750062379088031861e+00,8.603155428660368642e+00
1.040000000000000000e+02,-1.254394225856048806e+01,-8.093818140763080204e-02,-1.831094977843591293e-02,-1.831094977843450433e-02,1.609872128845711181e+00,4.683865143824490040e+00,4.728310949778434136e+00,4.728310949778435024e+00,6.758890191153224869e+00,8.612252976144693761e+00
1.050000000000000000e+02,-1.254053697779420951e+01,-1.238054133482988928e-01,-2.853026028867148081e-02,-2.853026028867097427e-02,1.640887120805639698e+00,4.669430876137304232e+00,4.738530260288671414e+00,4.738530260288673190e+00,6.770132562548106137e+00,8.623891831651468109e+00
1.060000000000000000e+02,-1.253637669930150444e+01,-1.740152255043038165e-01,-4.094092383995177886e-02,-4.094092383995058537e-02,1.676610514432985921e+00,4.652036022530559478e+00,4.750940923839948482e+00,4.750940923839951147e+00,6.783715925582233019e+00,8.638029462260034208e+00
1.070000000000000000e+02,-1.253146246030301292e+01,-2.306670716352851591e-01,-5.549695139027986668e-02,-5.549695139027856217e-02,1.716142058859443154e+00,4.631815086235866907e+00,4.765496951390275626e+00,4.765496951390279179e+00,6.799557463093442777e+00,8.654614923749539557e+00
1.080000000000000000e+02,-1.252579548518604469e+01,-2.929261084701942908e-01,-7.214552168243108798e-02,-7.214552168242945041e-02,1.758647706438590586e+00,4.608916146468982511e+00,4.782145521682429568e+00,4.782145521682434008e+00,6.817568292837342447e+00,8.673589447911322026e+00
1.090000000000000000e+02,-1.251937718481461026e+01,-3.600456835261228727e-01,-9.082765536034773102e-02,-9.082765536034601017e-02,1.803382310411453249e+00,4.583496972867935781e+00,4.800827655360348167e+00,4.800827655360351720e+00,6.837656481021671340e+00,8.694887104039672465e+00
1.100000000000000000e+02,-1.251220915574831416e+01,-4.313735343675950129e-01,-1.114789312929202053e-01,-1.114789312929190673e-01,1.849696055957656515e+00,4.555721404573984223e+00,4.821478931292916492e+00,4.821478931292920045e+00,6.859729709955706412e+00,8.718435519628567221e+00
1.110000000000000000e+02,-1.250429317937714835e+01,-5.063480693911583952e-01,-1.340302258954615966e-01,-1.340302258954605974e-01,1.897030990320093924e+00,4.525756128639942588e+00,4.844030225895460617e+00,4.844030225895465946e+00,6.883697485629355128e+00,8.744156644178930904e+00
1.120000000000000000e+02,-1.249563122097956835e+01,-5.844895994592816946e-01,-1.584084573721186440e-01,-1.584084573721165901e-01,1.944912516414670778e+00,4.493767934020643118e+00,4.868408457372119358e+00,4.868408457372122022e+00,6.909472830534221011e+00,8.771967539469311959e+00
1.130000000000000000e+02,-1.248622542871279606e+01,-6.653897031457910449e-01,-1.845373185858678877e-01,-1.845373185858664999e-01,1.992939027322056189e+00,4.459921466820373048e+00,4.894537318585865826e+00,4.894537318585866714e+00,6.936973458008289128e+00,8.801781179707862890e+00
1.140000000000000000e+02,-1.247607813254555609e+01,-7.487005581567887091e-01,-2.123379845093186225e-01,-2.123379845093170681e-01,2.040771508492378761e+00,4.424377473463871446e+00,4.922337984509317366e+00,4.922337984509319142e+00,6.966122463083515903e+00,8.833507245662575613e+00
1.150000000000000000e+02,-1.246519184314390216e+01,-8.341251565144583990e-01,-2.417297827281611189e-01,-2.417297827281596201e-01,2.088124019256191399e+00,4.387291491850791481e+00,4.951729782728159002e+00,4.951729782728160778e+00,6.996848590436544946e+00,8.867052898114836879e+00
1.160000000000000000e+02,-1.245356925072313814e+01,-9.214087668824967325e-01,-2.726308180835764206e-01,-2.726308180835745332e-01,2.134755410894936034e+00,4.348812935192874818e+00,4.982630818083575441e+00,4.982630818083577218e+00,7.029086153810689019e+00,8.902323517707134926e+00
1.170000000000000000e+02,-1.244121322387933404e+01,-1.010331702811209542e+00,-3.049585450989154567e-01,-3.049585450989144575e-01,2.180462333937235986e+00,4.309084506917695734e+00,5.014958545098914477e+00,5.014958545098917142e+00,7.062774685496599147e+00,8.939223400339015413e+00
1.180000000000000000e+02,-1.242812680841603878e+01,-1.100703306195676356e+00,-3.386302842206264652e-01,-3.386302842206253549e-01,2.225073438034784967e+00,4.268241885253046597e+00,5.048630284220624098e+00,5.048630284220628539e+00,7.097858391756494356e+00,8.977656399567383261e+00
1.190000000000000000e+02,-1.241431322618290878e+01,-1.192356994717562957e+00,-3.735636800297320592e-01,-3.735636800297309490e-01,2.268444607582284167e+00,4.226413620565793394e+00,5.083563680029731913e+00,5.083563680029734577e+00,7.134285482906033593e+00,9.017526509846359062e+00
1.200000000000000000e+02,-1.239977587394513669e+01,-1.285146208795434619e+00,-4.096771013970884057e-01,-4.096771013970874065e-01,2.310455063489544436e+00,4.183721195331764342e+00,5.119677101397090091e+00,5.119677101397092756e+00,7.172007437151785680e+00,9.058738386767474893e+00
1.210000000000000000e+02,-1.238451832230393457e+01,-1.378941103148134895e+00,-4.468899850412647035e-01,-4.468899850412637043e-01,2.351004171721911451e+00,4.140279204368209065e+00,5.156889985041260616e+00,5.156889985041265057e+00,7.210978246738697806e+00,9.101197802623246957e+00
1.220000000000000000e+02,-1.236854431469090443e+01,-1.473625846963872332e+00,-4.851231251044278436e-01,-4.851231251044261783e-01,2.390008818853311290e+00,4.096195620736949650e+00,5.195123125104427864e+00,5.195123125104427864e+00,7.251153684531757015e+00,9.144812037532755511e+00
1.230000000000000000e+02,-1.235185776646070721e+01,-1.569096417847562819e+00,-5.242989122084520393e-01,-5.242989122084507070e-01,2.427401236866801426e+00,4.051572119970914265e+00,5.234298912208450894e+00,5.234298912208451782e+00,7.292490619486295067e+00,9.189490207984260195e+00
1.240000000000000000e+02,-1.233446276410924902e+01,-1.665258794841054435e+00,-5.643415260223606511e-01,-5.643415260223595409e-01,2.463127180392179483e+00,4.006504441714251463e+00,5.274341526022355175e+00,5.274341526022356952e+00,7.334946400903175956e+00,9.235143535940695259e+00
1.250000000000000000e+02,-1.231636356464699134e+01,-1.762027473509578668e+00,-6.051770857016151028e-01,-6.051770857016131044e-01,2.497144378060819569e+00,3.961082773415692149e+00,5.315177085701613180e+00,5.315177085701617621e+00,7.378478324060967708e+00,9.281685562619092167e+00
1.260000000000000000e+02,-1.229756459515970235e+01,-1.859324241006611755e+00,-6.467337626905057535e-01,-6.467337626905046433e-01,2.529421195258243493e+00,3.915392145419849701e+00,5.356733762690503831e+00,5.356733762690506495e+00,7.423043183775821952e+00,9.329032311712392556e+00
1.270000000000000000e+02,-1.227807045259225127e+01,-1.957077161292220868e+00,-6.889418603515641282e-01,-6.889418603515630180e-01,2.559935458307381673e+00,3.869512830781890678e+00,5.398941860351565758e+00,5.398941860351566646e+00,7.468596917590916817e+00,9.377102407204287005e+00
1.280000000000000000e+02,-1.225788590379415588e+01,-2.055219730604946449e+00,-7.317338647380993155e-01,-7.317338647380979832e-01,2.588673400244914546e+00,3.823520746553182192e+00,5.441733864738099946e+00,5.441733864738100834e+00,7.515094336527154972e+00,9.425817151073838218e+00
1.290000000000000000e+02,-1.223701588586930455e+01,-2.153690171244856622e+00,-7.750444705912472587e-01,-7.750444705912463705e-01,2.615628696118932783e+00,3.777487856346250616e+00,5.485044470591248889e+00,5.485044470591250665e+00,7.562488938506808367e+00,9.475100566142169001e+00
1.300000000000000000e+02,-1.221546550687643951e+01,-2.252430838070387242e+00,-8.188105863499210990e-01,-8.188105863499202108e-01,2.640801561355585747e+00,3.731482576913506044e+00,5.528810586349925060e+00,5.528810586349925060e+00,7.610732797558561913e+00,9.524879409119169082e+00
1.310000000000000000e+02,-1.219324004693095276e+01,-2.351387717156173895e+00,-8.629713216345337168e-01,-8.629713216345308302e-01,2.664197890345706199e+00,3.685570194534011801e+00,5.572971321634529573e+00,5.572971321634531350e+00,7.659776520600474647e+00,9.575083158606926048e+00
1.320000000000000000e+02,-1.217034495976398389e+01,-2.450510000066083993e+00,-9.074679603223750890e-01,-9.074679603223730906e-01,2.685828413997539688e+00,3.639813300531428819e+00,5.617467960322373166e+00,5.617467960322375831e+00,7.709569262858384064e+00,9.625643982442719349e+00
1.330000000000000000e+02,-1.214678587479943594e+01,-2.549749720378483797e+00,-9.522439219884538675e-01,-9.522439219884527573e-01,2.705707854431965043e+00,3.594272259692049776e+00,5.662243921988454609e+00,5.662243921988454609e+00,7.760058792705970099e+00,9.676496688347928199e+00
1.340000000000000000e+02,-1.212256859981591361e+01,-2.649061441632620362e+00,-9.972447141513495206e-01,-9.972447141513488544e-01,2.723854051872266258e+00,3.549005731347202541e+00,5.707244714151345377e+00,5.707244714151348930e+00,7.811191596812903093e+00,9.727578661416165673e+00
1.350000000000000000e+02,-1.209769912426679461e+01,-2.748401987882013398e+00,-1.042417877446754515e+00,-1.042417877446754071e+00,2.740287032369388420e+00,3.504071271363949247e+00,5.752417877446752925e+00,5.752417877446759142e+00,7.862913016874226280e+00,9.778829791541250316e+00
1.360000000000000000e+02,-1.207218362333867390e+01,-2.847730209651197608e+00,-1.087712925556673316e+00,-1.087712925556669763e+00,2.755027974049692574e+00,3.459526055677793810e+00,5.797712925556671060e+00,5.797712925556673724e+00,7.915167409793474995e+00,9.830192393468916379e+00
1.370000000000000000e+02,-1.204602846283672868e+01,-2.947006779381202701e+00,-1.133081281452676947e+00,-1.133081281452675171e+00,2.768098011998285646e+00,3.415427784518076049e+00,5.843081281452675135e+00,5.843081281452676023e+00,7.967898323937119720e+00,9.881611121764452221e+00
1.380000000000000000e+02,-1.201924020499369483e+01,-3.046194011483517983e+00,-1.178476211268381757e+00,-1.178476211268379092e+00,2.779516794323847684e+00,3.371835854611316741e+00,5.888476211268378613e+00,5.888476211268383054e+00,8.021048684914324767e+00,9.933032882627728100e+00
1.390000000000000000e+02,-1.199182561530962943e+01,-3.145255702953778876e+00,-1.223852756899224348e+00,-1.223852756899223015e+00,2.789300658983841164e+00,3.328812929903075535e+00,5.933852756899222314e+00,5.933852756899224978e+00,8.074560985215228470e+00,9.984406744161267611e+00
1.400000000000000000e+02,-1.196379167053957282e+01,-3.244156991167425286e+00,-1.269167668236308444e+00,-1.269167668236308000e+00,2.797460234091372566e+00,3.286427108283918930e+00,5.979167668236307520e+00,5.979167668236307520e+00,8.128377472925102154e+00,1.003568384640659339e+01
1.410000000000000000e+02,-1.193514556795900994e+01,-3.342864226020630269e+00,-1.314379335773643520e+00,-1.314379335773642188e+00,2.803997160895767671e+00,3.244754985285148940e+00,6.024379335773637933e+00,6.024379335773641486e+00,8.182440335589598490e+00,1.008681731220912603e+01
1.420000000000000000e+02,-1.190589473605019855e+01,-3.441344854017962973e+00,-1.359447724183040274e+00,-1.359447724183038941e+00,2.808899481063558579e+00,3.203886073139311286e+00,6.069447724183040016e+00,6.069447724183040904e+00,8.236691876114731414e+00,1.013776215975055806e+01
1.430000000000000000e+02,-1.187604684676691136e+01,-3.539567312262760002e+00,-1.404334307326431830e+00,-1.404334307326430942e+00,2.812135001122566536e+00,3.163929262181420121e+00,6.114334307326430462e+00,6.114334307326432238e+00,8.291074678327971625e+00,1.018847521739771622e+01
1.440000000000000000e+02,-1.184560982955288289e+01,-3.637500930592068027e+00,-1.449002005068863008e+00,-1.449002005068860788e+00,2.813641653861684855e+00,3.125022304435314702e+00,6.159002005068861862e+00,6.159002005068863639e+00,8.345531760492535867e+00,1.023891504135541908e+01
1.450000000000000000e+02,-1.181459188730681475e+01,-3.735115840330168968e+00,-1.493415122165715703e+00,-1.493415122165713482e+00,2.813313635325768836e+00,3.087345540184476711e+00,6.203415122165711892e+00,6.203415122165716333e+00,8.400006715650960132e+00,1.028904183647578030e+01
1.460000000000000000e+02,-1.178300151450875433e+01,-3.832382888319371350e+00,-1.537539289421979261e+00,-1.537539289421978150e+00,2.810982391532546920e+00,3.051140792658220580e+00,6.247539289421977671e+00,6.247539289421981223e+00,8.454443838174185544e+00,1.033881738046316734e+01
1.470000000000000000e+02,-1.175084751774544145e+01,-3.929273555035644350e+00,-1.581341407258705978e+00,-1.581341407258704201e+00,2.806393868087408094e+00,3.016734016760663550e+00,6.291341407258703278e+00,6.291341407258705942e+00,8.508788236311152886e+00,1.038820495162186219e+01
1.480000000000000000e+02,-1.171813903889898612e+01,-4.025759875712468627e+00,-1.624789591769595143e+00,-1.624789591769591146e+00,2.799191413837490039e+00,2.984552309681026028e+00,6.334789591769590444e+00,6.334789591769594885e+00,8.562985930875242957e+00,1.043716926021769709e+01
1.490000000000000000e+02,-1.168488558129260824e+01,-4.121814363486482335e+00,-1.667853123308415286e+00,-1.667853123308414842e+00,2.788932107016963702e+00,2.955107513823034271e+00,6.377853123308414141e+00,6.377853123308415917e+00,8.616983940474435499e+00,1.048567638346465181e+01
1.500000000000000000e+02,-1.165109703912068717e+01,-4.217409933644735709e+00,-1.710502397613363978e+00,-1.710502397613363090e+00,2.775185697949888119e+00,2.928897216817694993e+00,6.420502397613359058e+00,6.420502397613361723e+00,8.670730353898283838e+00,1.053369370409956041e+01
1.510000000000000000e+02,-1.161678373052749436e+01,-4.312519828100713326e+00,-1.752708879447000712e+00,-1.752708879446999823e+00,2.757739085425810366e+00,2.906200230306307475e+00,6.462708879446997123e+00,6.462708879446998012e+00,8.724174390425481818e+00,1.058118985247061516e+01
1.520000000000000000e+02,-1.158195643474112480e+01,-4.407117539254622685e+00,-1.794445058708745266e+00,-1.794445058708743934e+00,2.736798249098658431e+00,2.886874623942053297e+00,6.504445058708743233e+00,6.504445058708745897e+00,8.777266448917643515e+00,1.062813465203739582e+01
1.530000000000000000e+02,-1.154662643371671038e+01,-4.501176732406436010e+00,-1.835684408960015501e+00,-1.835684408960013281e+00,2.712986265354895288e+00,2.870359685982708076e+00,6.545684408960013911e+00,6.545684408960015688e+00,8.829958146626509574e+00,1.067449906815903660e+01
1.540000000000000000e+02,-1.151080555879551426e+01,-4.594671165888193798e+00,-1.876401348289503890e+00,-1.876401348289502113e+00,2.687118801225758080e+00,2.855900414755632166e+00,6.586401348289499857e+00,6.586401348289505187e+00,8.882202348669864023e+00,1.072025516003245649e+01
1.550000000000000000e+02,-1.147450624294711119e+01,-4.687574608065106396e+00,-1.916571202436673227e+00,-1.916571202436672783e+00,2.659964285174640786e+00,2.842787341072293472e+00,6.626571202436671193e+00,6.626571202436673858e+00,8.933953189132532557e+00,1.076537603563275880e+01
1.560000000000000000e+02,-1.143774157922823420e+01,-4.779860750325497065e+00,-1.956170170085154592e+00,-1.956170170085153037e+00,2.632130881090378516e+00,2.830469554232087237e+00,6.666170170085150559e+00,6.666170170085152336e+00,8.985166084729124591e+00,1.080983580950215028e+01
1.570000000000000000e+02,-1.140052538616761879e+01,-4.871503115135657147e+00,-1.995175290233545784e+00,-1.995175290233544008e+00,2.604059878689255925e+00,2.818561317453396775e+00,6.705175290233539087e+00,6.705175290233542640e+00,9.035797741929435745e+00,1.085360956323119197e+01
1.580000000000000000e+02,-1.136287228087023671e+01,-4.962474958178667350e+00,-2.033564411548660633e+00,-2.033564411548658413e+00,2.576060475443047615e+00,2.806807296729267431e+00,6.743564411548658377e+00,6.743564411548660154e+00,9.085806158400341559e+00,1.089667330847624349e+01
1.590000000000000000e+02,-1.132479776072856659e+01,-5.052749163525257714e+00,-2.071316163605735117e+00,-2.071316163605734229e+00,2.548347986882712135e+00,2.795044365449401713e+00,6.781316163605732861e+00,6.781316163605740854e+00,9.135150619562816487e+00,1.093900395235889533e+01
1.600000000000000000e+02,-1.128631829473351189e+01,-5.142298130700422298e+00,-2.108409929920240344e+00,-2.108409929920235903e+00,2.521073624628292542e+00,2.783171844705238041e+00,6.818409929920234980e+00,6.818409929920236756e+00,9.183791691003373003e+00,1.098057926509703464e+01
1.610000000000000000e+02,-1.124745142549375387e+01,-5.231093652409795958e+00,-2.144825822677454141e+00,-2.144825822677452365e+00,2.494345159141268198e+00,2.771130861623881447e+00,6.854825822677449665e+00,6.854825822677454106e+00,9.231691207416817591e+00,1.102137784972158130e+01
1.620000000000000000e+02,-1.120821588320109896e+01,-5.319106781577117360e+00,-2.180544659068018643e+00,-2.180544659068017754e+00,2.468240659277705973e+00,2.758890633066530818e+00,6.890544659068012834e+00,6.890544659068024380e+00,9.278812258695033677e+00,1.106137911373894767e+01
1.630000000000000000e+02,-1.116863171291977075e+01,-5.406307686215723329e+00,-2.215547939140278366e+00,-2.215547939140277478e+00,2.442817529418896072e+00,2.746439453396599895e+00,6.925547939140277443e+00,6.925547939140279219e+00,9.325119173714861986e+00,1.110056324260514060e+01
1.640000000000000000e+02,-1.112872041673119128e+01,-5.492665490515291182e+00,-2.249817825083315626e+00,-2.249817825083311185e+00,2.418118478183609810e+00,2.733778751859276213e+00,6.959817825083313814e+00,6.959817825083318255e+00,9.370577502319218155e+00,1.113891117488437743e+01
1.650000000000000000e+02,-1.108850511242997072e+01,-5.578148100370615481e+00,-2.283337121857919705e+00,-2.283337121857917928e+00,2.394175505326901821e+00,2.720919132572581223e+00,6.993337121857916117e+00,6.993337121857919669e+00,9.415153995929301800e+00,1.117640457897181250e+01
1.660000000000000000e+02,-1.104801071064092000e+01,-5.662722011413308998e+00,-2.316089259096247410e+00,-2.316089259096247410e+00,2.371012603697879584e+00,2.707877699916598324e+00,7.026089259096246487e+00,7.026089259096250927e+00,9.458816587172725221e+00,1.121302583126702679e+01
1.670000000000000000e+02,-1.100726411240771085e+01,-5.746352097434246353e+00,-2.348058274194616324e+00,-2.348058274194612771e+00,2.348647619093969574e+00,2.694676226191976554e+00,7.058058274194611847e+00,7.058058274194615400e+00,9.501534368863932656e+00,1.124875799569207224e+01
1.680000000000000000e+02,-1.096629442948417577e+01,-5.829001376910349030e+00,-2.379228796527474987e+00,-2.379228796527473211e+00,2.327093550453770643e+00,2.681339878858579606e+00,7.089228796527473619e+00,7.089228796527475396e+00,9.543277572627404837e+00,1.128358480445476708e+01
1.690000000000000000e+02,-1.092513322973431578e+01,-5.910630755180179108e+00,-2.409586032714458259e+00,-2.409586032714455595e+00,2.306359472362631280e+00,2.667896325173066518e+00,7.119586032714458668e+00,7.119586032714461332e+00,9.584017547413946403e+00,1.131749063996484139e+01
1.700000000000000000e+02,-1.088381481020012131e+01,-5.991198739664287842e+00,-2.439115752875935073e+00,-2.439115752875931520e+00,2.286451198695668818e+00,2.654375095228945991e+00,7.149115752875932372e+00,7.149115752875935037e+00,9.623726738122314828e+00,1.135046051781747423e+01
1.710000000000000000e+02,-1.084237650051387902e+01,-6.070661125413217896e+00,-2.467804277816089797e+00,-2.467804277816087133e+00,2.267371766166790703e+00,2.640807124490011759e+00,7.177804277816086653e+00,7.177804277816090206e+00,9.662378664505327563e+00,1.138248007076496826e+01
1.720000000000000000e+02,-1.080085899938613636e+01,-6.148970648215245305e+00,-2.495638467076164435e+00,-2.495638467076163547e+00,2.249121790843637392e+00,2.627224422644296897e+00,7.205638467076161291e+00,7.205638467076161291e+00,9.699947900509403809e+00,1.141353553360403339e+01
1.730000000000000000e+02,-1.075930674685733024e+01,-6.226076602542138794e+00,-2.522605707803723174e+00,-2.522605707803721398e+00,2.231699733979124467e+00,2.613659832338386391e+00,7.232605707803722694e+00,7.232605707803728023e+00,9.736410054169780892e+00,1.144361372891218309e+01
1.740000000000000000e+02,-1.071776833481534652e+01,-6.301924421800065623e+00,-2.548693904387170583e+00,-2.548693904387168807e+00,2.215102102517678251e+00,2.600146852365536887e+00,7.258693904387168772e+00,7.258693904387171436e+00,9.771741748159984198e+00,1.147270205357221329e+01
1.750000000000000000e+02,-1.067629695788502175e+01,-6.376455218751368115e+00,-2.573891468807880223e+00,-2.573891468807877114e+00,2.199323602324881666e+00,2.586719507207682955e+00,7.283891468807878411e+00,7.283891468807881964e+00,9.805920601073404796e+00,1.150078846603043203e+01
1.760000000000000000e+02,-1.063495090610943805e+01,-6.449605284661187987e+00,-2.598187311665230759e+00,-2.598187311665228982e+00,2.184357257291212218e+00,2.573412249744796654e+00,7.308187311665230723e+00,7.308187311665233388e+00,9.838925209496283131e+00,1.152786147423833008e+01
1.770000000000000000e+02,-1.059379409975189823e+01,-6.521305546815783671e+00,-2.621570833832797653e+00,-2.621570833832793213e+00,2.170194504166861105e+00,2.560259887251187028e+00,7.331570833832791401e+00,7.331570833832794065e+00,9.870735130915869959e+00,1.155391012423376651e+01
1.780000000000000000e+02,-1.055289666491590062e+01,-6.591480985692974137e+00,-2.644031918706567286e+00,-2.644031918706564621e+00,2.156825270777432024e+00,2.547297523016237353e+00,7.354031918706565918e+00,7.354031918706568582e+00,9.901330867493349785e+00,1.157892398932185074e+01
1.790000000000000000e+02,-1.051233554632858791e+01,-6.660050015417772862e+00,-2.665560925008825688e+00,-2.665560925008825688e+00,2.144238043811365291e+00,2.534560507394746143e+00,7.375560925008823432e+00,7.375560925008826985e+00,9.930693850719482185e+00,1.160289315982076630e+01
1.800000000000000000e+02,-1.047219515035274995e+01,-6.726923834418625958e+00,-2.686148680113549680e+00,-2.686148680113547904e+00,2.132419931433821247e+00,2.522084393035120886e+00,7.396148680113546980e+00,7.396148680113548757e+00,9.958806426960624236e+00,1.162580823334180558e+01
1.810000000000000000e+02,-1.043256800683332841e+01,-6.792005757659680398e+00,-2.705786473861804264e+00,-2.705786473861802044e+00,2.121356725414432098e+00,2.509904889607035283e+00,7.415786473861799344e+00,7.415786473861803785e+00,9.985651843894196134e+00,1.164766030557735199e+01
1.820000000000000000e+02,-1.039355543247664571e+01,-6.855190547733298168e+00,-2.724466052837595686e+00,-2.724466052837592134e+00,2.111032967145371586e+00,2.498057813665078175e+00,7.434466052837588990e+00,7.434466052837594319e+00,1.001121423782531039e+01,1.166844096157418242e+01
1.830000000000000000e+02,-1.035526817083325213e+01,-6.916363769725165866e+00,-2.742179615076878907e+00,-2.742179615076875798e+00,2.101432021786124871e+00,2.486579029428982235e+00,7.452179615076872210e+00,7.452179615076877539e+00,1.003547862187046924e+01,1.168814226747283769e+01
1.840000000000000000e+02,-1.031782697438237051e+01,-6.975401204338792738e+00,-2.758919805184419705e+00,-2.758919805184417484e+00,2.092536164726780168e+00,2.475504376307534837e+00,7.468919805184418337e+00,7.468919805184421890e+00,1.005843087498905497e+01,1.170675676269778265e+01
1.850000000000000000e+02,-1.028136308259518827e+01,-7.032168365386852749e+00,-2.774679709834970254e+00,-2.774679709834963148e+00,2.084326684542452401e+00,2.464869579014646206e+00,7.484679709834967554e+00,7.484679709834971106e+00,1.008005773183966092e+01,1.172427745258526777e+01
1.860000000000000000e+02,-1.024601853632136894e+01,-7.086520181291048104e+00,-2.789452853637172325e+00,-2.789452853637169660e+00,2.076784006543934691e+00,2.454710136194310444e+00,7.499452853637170513e+00,7.499452853637172289e+00,1.010034677343505471e+01,1.174069780143912389e+01
1.870000000000000000e+02,-1.021194625393881594e+01,-7.138300915137234526e+00,-2.803233195340212092e+00,-2.803233195340210315e+00,2.069887840834891524e+00,2.445061183666562332e+00,7.513233195340211168e+00,7.513233195340212944e+00,1.011928641856757594e+01,1.175601172600701183e+01
1.880000000000000000e+02,-1.017930977958196692e+01,-7.187344412957968665e+00,-2.816015124364875444e+00,-2.816015124364875000e+00,2.063617358380207545e+00,2.435957328812508038e+00,7.526015124364873188e+00,7.526015124364878517e+00,1.013686591597514486e+01,1.177021358937207474e+01
1.890000000000000000e+02,-1.014828260041851138e+01,-7.233474783260583685e+00,-2.827793457642201691e+00,-2.827793457642199471e+00,2.057951397885800393e+00,2.427432453319918526e+00,7.537793457642194994e+00,7.537793457642199435e+00,1.015307533721707856e+01,1.178329819525629141e+01
1.900000000000000000e+02,-1.011904692142349305e+01,-7.276507619340790711e+00,-2.838563436744382606e+00,-2.838563436744382606e+00,2.052868705209707212e+00,2.419519482591303561e+00,7.548563436744384347e+00,7.548563436744387012e+00,1.016790557022891051e+01,1.179526078273436163e+01
1.910000000000000000e+02,-1.009179178656565767e+01,-7.316251875456591947e+00,-2.848320725294041900e+00,-2.848320725294034794e+00,2.048348205505921005e+00,2.412250121633372935e+00,7.558320725294039200e+00,7.558320725294048081e+00,1.018134831352549341e+01,1.180609702135746630e+01
1.920000000000000000e+02,-1.006671044983110619e+01,-7.352512493427811435e+00,-2.857061406639117784e+00,-2.857061406639114232e+00,2.044369306325191094e+00,2.405654559223011635e+00,7.567061406639115972e+00,7.567061406639117749e+00,1.019339607102247136e+01,1.181580300668824712e+01
1.930000000000000000e+02,-1.004399693332161370e+01,-7.385093842414692134e+00,-2.864781981782206444e+00,-2.864781981782205555e+00,2.040912227495865761e+00,2.399761144544789726e+00,7.574781981782198415e+00,7.574781981782205520e+00,1.020404214744741189e+01,1.182437525624823671e+01
1.940000000000000000e+02,-1.002384176691638373e+01,-7.413803977379135546e+00,-2.871479367554125695e+00,-2.871479367554123918e+00,2.037958350894702342e+00,2.394596043206693725e+00,7.581479367554121218e+00,7.581479367554122106e+00,1.021328064431332550e+01,1.183181070588078931e+01
1.950000000000000000e+02,-1.000642698574179335e+01,-7.438459639976297666e+00,-2.877150895022832167e+00,-2.877150895022830834e+00,2.035490580392407267e+00,2.390182882364245476e+00,7.587150895022825914e+00,7.587150895022832131e+00,1.022110645642950466e+01,1.183810670653192432e+01
1.960000000000000000e+02,-9.991920563702162639e+00,-7.458891823617037176e+00,-2.881794308129904003e+00,-2.881794308129902227e+00,2.033493699607363148e+00,2.386542397333012211e+00,7.591794308129903968e+00,7.591794308129907520e+00,1.022751526892658624e+01,1.184326102145223203e+01
1.970000000000000000e+02,-9.980470572228423265e+00,-7.474951613538788564e+00,-2.885407762547924637e+00,-2.885407762547920196e+00,2.031954712971881793e+00,2.383692094196943945e+00,7.595407762547921493e+00,7.595407762547923269e+00,1.023250355477531670e+01,1.184727182382307298e+01
1.980000000000000000e+02,-9.972199454525769724e+00,-7.486515911598798034e+00,-2.887989824753117496e+00,-2.887989824753113943e+00,2.030863154375776691e+00,2.381645944157540828e+00,7.597989824753110355e+00,7.597989824753114796e+00,1.023606857278142712e+01,1.185013769480981694e+01
1.990000000000000000e+02,-9.967198873445745733e+00,-7.493492587660102622e+00,-2.889539471308789853e+00,-2.889539471308786300e+00,2.030211347622654205e+00,2.380414125396771663e+00,7.599539471308784044e+00,7.599539471308785821e+00,1.023820836604166651e+01,1.185185762204475779e+01
2.000000000000000000e+02,-9.965525602859411691e+00,-7.495824587690838925e+00,-2.890056088355967390e+00,-2.890056088355967390e+00,2.029994604317594931e+00,2.380002826841389751e+00,7.600056088355968242e+00,7.600056088355971795e+00,1.023892176084946115e+01,1.185243099854181104e+01
2.010000000000000000e+02,-9.965525602859413468e+00,-7.495824587690840701e+00,-2.890056088355966946e+00,-2.890056088355962505e+00,2.029994604317596263e+00,2.380002826841381758e+00,7.600056088355963801e+00,7.600056088355966466e+00,1.023892176084945227e+01,1.185243099854181636e+01
2.020000000000000000e+02,-9.965525859741470427e+00,-7.495824422445000579e+00,-2.890801378118508236e+00,-2.889310069721299001e+00,2.029994077892930626e+00,2.380003621541566972e+00,7.599310069721301630e+00,7.600801378017789212e+00,1.023892146163544403e+01,1.185243112121725950e+01
2.030000000000000000e+02,-9.965529714067049127e+00,-7.495821937401004220e+00,-2.893027740344706888e+00,-2.887072792658592846e+00,2.029986227655867559e+00,2.380015492586192938e+00,7.597072792658593698e+00,7.603027733909176078e+00,1.023891698561303087e+01,1.185243295204847236e+01
2.040000000000000000e+02,-9.965546424962779426e+00,-7.495811117144207003e+00,-2.896706790900724471e+00,-2.883346592936657515e+00,2.029952587403965225e+00,2.380066529202150338e+00,7.593346592936656592e+00,7.606706717795539419e+00,1.023889768873322481e+01,1.185244080987282800e+01
2.050000000000000000e+02,-9.965591450499939441e+00,-7.495781778784166072e+00,-2.901791676370247153e+00,-2.878135360987109870e+00,2.029863539124507010e+00,2.380202304840041805e+00,7.588135360987117828e+00,7.611791267187537180e+00,1.023884613257203213e+01,1.185246166193022965e+01
2.060000000000000000e+02,-9.965686484279297375e+00,-7.495719340104837869e+00,-2.908217742655831106e+00,-2.871444538131518343e+00,2.029680058167977919e+00,2.380484008044774225e+00,7.581444538131514754e+00,7.618216189451726628e+00,1.023873852981800781e+01,1.185250478155747444e+01
2.070000000000000000e+02,-9.965859501170962531e+00,-7.495604503006079611e+00,-2.915903448352008986e+00,-2.863281111302907078e+00,2.029356152022870674e+00,2.380985831065527414e+00,7.573281111302905266e+00,7.625898838638515365e+00,1.023854535374843522e+01,1.185258127705370512e+01
2.080000000000000000e+02,-9.966144806581208826e+00,-7.495412860562110424e+00,-2.924751501449917690e+00,-2.853653606265029730e+00,2.028841948979855481e+00,2.381791660897224716e+00,7.563653606265028806e+00,7.634739961342608794e+00,1.023823209704586823e+01,1.185270350032767439e+01
2.090000000000000000e+02,-9.966583081815686640e+00,-7.495114438790319689e+00,-2.934650193438028687e+00,-2.842572079333889334e+00,2.028087331831434970e+00,2.382991178939512178e+00,7.552572079333888411e+00,7.644624695640160894e+00,1.023776016059726324e+01,1.185288434703566196e+01
2.100000000000000000e+02,-9.967221416200638728e+00,-7.494673187219305532e+00,-2.945474901391358813e+00,-2.830048107606812025e+00,2.027045929577972139e+00,2.384675558024301534e+00,7.540048107606809324e+00,7.655423705881966967e+00,1.023708784800000693e+01,1.185313646332704351e+01
2.110000000000000000e+02,-9.968113314627252919e+00,-7.494046435553215701e+00,-2.957089726234169991e+00,-2.816094777705342445e+00,2.025679191582134830e+00,2.386933034513668339e+00,7.526094777705339745e+00,7.666994435874188163e+00,1.023617143651706485e+01,1.185347137792758865e+01
2.120000000000000000e+02,-9.969318667154453806e+00,-7.493184337082357871e+00,-2.969349233987650827e+00,-2.800726673039057424e+00,2.023960197851796927e+00,2.389844704373778494e+00,7.510726673039058277e+00,7.679182463663202896e+00,1.023496629041688877e+01,1.185389858191879497e+01
2.130000000000000000e+02,-9.970903665328634702e+00,-7.492029322872257424e+00,-2.982100266388971299e+00,-2.783959859598262199e+00,2.021876833798041950e+00,2.393480917910841388e+00,7.493959859598259499e+00,7.691822942596657775e+00,1.023342797833276663e+01,1.185442458195155702e+01
2.140000000000000000e+02,-9.972940648090903082e+00,-7.490515593992491894e+00,-2.995183787668534325e+00,-2.765811870284258234e+00,2.019433998491639404e+00,2.397898607611738342e+00,7.475811870284254645e+00,7.704742115327705143e+00,1.023151335287871433e+01,1.185505195544213564e+01
2.150000000000000000e+02,-9.975507858727496568e+00,-7.488568681878033928e+00,-3.008436735359023118e+00,-2.746301687786643519e+00,2.016654624574369059e+00,2.403139774800933104e+00,7.456301687786641708e+00,7.717758889686265000e+00,1.022918154870723662e+01,1.185577843819572763e+01
2.160000000000000000e+02,-9.978689093510286767e+00,-7.486105109037615613e+00,-3.021693844646279548e+00,-2.725449726017776797e+00,2.013579444983485178e+00,2.409231204175939389e+00,7.435449726017777650e+00,7.730686467555190511e+00,1.022639485491921718e+01,1.185659607556034523e+01
2.170000000000000000e+02,-9.982573222752712638e+00,-7.483032183370837309e+00,-3.034789417838575254e+00,-2.703277810115059410e+00,2.010265608584249186e+00,2.416185308635931062e+00,7.413277810115058486e+00,7.743334019750406583e+00,1.022311941961384640e+01,1.185749046737769596e+01
2.180000000000000000e+02,-9.987253566278269545e+00,-7.479247958927470741e+00,-3.047559012934282219e+00,-2.679809155022315537e+00,2.006784382850089088e+00,2.424001870987756657e+00,7.389809155022321718e+00,7.755508401118863304e+00,1.021932574865878252e+01,1.185844013452452295e+01
2.190000000000000000e+02,-9.992827108071137943e+00,-7.474641393644230192e+00,-3.059841027941454961e+00,-2.655068342662047165e+00,2.003218258744229541e+00,2.432670372230933964e+00,7.365068342662048906e+00,7.767015900381237792e+00,1.021498896756240171e+01,1.185941603073802142e+01
2.200000000000000000e+02,-9.999393539417656740e+00,-7.469092730078074283e+00,-3.071478160507617350e+00,-2.629081297710487597e+00,1.999657783981058090e+00,2.442172585146766384e+00,7.339081297710488450e+00,7.777664018465849871e+00,1.021008882454130173e+01,1.186038121786837429e+01
2.210000000000000000e+02,-1.000705412631726787e+01,-7.462474118196453787e+00,-3.082318725529978209e+00,-2.601875261988032761e+00,1.996198408312710670e+00,2.452485154413070134e+00,7.311875261988031838e+00,7.787263267099974406e+00,1.020460942417775385e+01,1.186129071604019103e+01
2.220000000000000000e+02,-1.001591040534922250e+01,-7.454650489841039729e+00,-3.092217816720186363e+00,-2.573478767477476836e+00,1.992937551271647623e+00,2.463581957566401304e+00,7.283478767477477689e+00,7.795628976250610798e+00,1.019853869392724910e+01,1.186209153289453511e+01
2.230000000000000000e+02,-1.002606272230159945e+01,-7.445480682775183823e+00,-3.101038301574829514e+00,-2.543921607982873923e+00,1.989972022096206272e+00,2.475436121651460208e+00,7.253921607982878328e+00,7.802583094778822392e+00,1.019186759945673515e+01,1.186272286866840275e+01
2.240000000000000000e+02,-1.003760863920857638e+01,-7.434818798782648841e+00,-3.108651642820924543e+00,-2.513234809441643680e+00,1.987395850189585866e+00,2.488021641526960703e+00,7.223234809441642312e+00,7.807955963676866062e+00,1.018458913852650305e+01,1.186311648689223297e+01
2.250000000000000000e+02,-1.005064124721100960e+01,-7.422515765966128498e+00,-3.114938543114285974e+00,-2.481450598902625870e+00,1.985298530847777521e+00,2.501314599114048853e+00,7.191450598902626723e+00,7.811588035935222329e+00,1.017669715595392077e+01,1.186319723444045771e+01
2.260000000000000000e+02,-1.006524743380852449e+01,-7.408421061349625525e+00,-3.119789413494918673e+00,-2.448602372182472564e+00,1.983763656595393110e+00,2.515294016933208976e+00,7.158602372182476969e+00,7.813331512007304802e+00,1.016818503318692812e+01,1.186288368993023212e+01
2.270000000000000000e+02,-1.008150616239122144e+01,-7.392384537463675187e+00,-3.123104669755656815e+00,-2.414724660212552720e+00,1.982867886517743372e+00,2.529942396860551668e+00,7.124724660212557126e+00,7.813051855667563217e+00,1.015904431430934629e+01,1.186208891625535422e+01
2.280000000000000000e+02,-1.009948682819003452e+01,-7.374258287175726068e+00,-3.124794864351224888e+00,-2.379853094088066001e+00,1.982680200037969076e+00,2.545246000592062074e+00,7.089853094088066854e+00,7.810629152478477444e+00,1.014926333517536428e+01,1.186072129143312459e+01
2.290000000000000000e+02,-1.011924775689766065e+01,-7.353898475837965520e+00,-3.124780664652785589e+00,-2.344024368830677219e+00,1.983261383263650313e+00,2.561194926238386849e+00,7.054024368830678071e+00,7.805959272715658592e+00,1.013882592332176102e+01,1.185868539184896164e+01
2.300000000000000000e+02,-1.014083490948613786e+01,-7.331167069713236728e+00,-3.122992691130174414e+00,-2.307276205875227859e+00,1.984663701789615819e+00,2.577783029321551123e+00,7.017276205875225159e+00,7.798954802901861605e+00,1.012771023311104202e+01,1.185588290320549021e+01
2.310000000000000000e+02,-1.016428084901021833e+01,-7.305933394906579892e+00,-3.119371231327121574e+00,-2.269647314290553552e+00,1.986930721232281316e+00,2.595007728674977532e+00,6.979647314290553517e+00,7.789545715268626935e+00,1.011588777332845268e+01,1.185221353673958156e+01
2.320000000000000000e+02,-1.018960401288257600e+01,-7.278075471332654089e+00,-3.113865847213795224e+00,-2.231177350743516641e+00,1.990097244273624000e+00,2.612869729878145364e+00,6.941177350743512164e+00,7.777679752369859756e+00,1.010332267365902226e+01,1.184757593124836994e+01
2.330000000000000000e+02,-1.021680831827258551e+01,-7.247481080621027694e+00,-3.106434894615703435e+00,-2.191906878214579635e+00,1.994189339801184957e+00,2.631372691699385147e+00,6.901906878214578711e+00,7.763322514245230010e+00,1.008997122291562221e+01,1.184186852484789299e+01
2.340000000000000000e+02,-1.024588311041472544e+01,-7.214048543833326832e+00,-3.097044973919754529e+00,-2.151877323472329628e+00,1.999224445501915914e+00,2.650522854920259519e+00,6.861877323472332257e+00,7.746457247193116125e+00,1.007578169665304912e+01,1.183499038389945923e+01
2.350000000000000000e+02,-1.027680344545158597e+01,-7.177687202697562441e+00,-3.085670331170528691e+00,-2.111130933313464908e+00,2.005211529935684744e+00,2.670328647941946354e+00,6.821130933313464872e+00,7.727084345368816720e+00,1.006069447612769530e+01,1.182684197994554687e+01
2.360000000000000000e+02,-1.030953068269250750e+01,-7.138317615005075112e+00,-3.072292228045041096e+00,-2.069710729573586150e+00,2.012151303751817277e+00,2.690800279654193439e+00,6.779710729573587891e+00,7.705220587997206216e+00,1.004464244570593223e+01,1.181732590863348520e+01
2.370000000000000000e+02,-1.034401334728557131e+01,-7.095871489359941719e+00,-3.056898298106705436e+00,-2.027660462913571493e+00,2.020036472455498000e+00,2.711949327047023850e+00,6.737660462913572346e+00,7.680898144971223473e+00,1.002755164291856538e+01,1.180634754735990555e+01
2.380000000000000000e+02,-1.038018821426496885e+01,-7.050291395548120121e+00,-3.039481905278458740e+00,-1.985024565384971851e+00,2.028852025124419978e+00,2.733788322817107375e+00,6.695024565384972703e+00,7.654163391192972732e+00,1.000934212527161549e+01,1.179381565068543658e+01
2.390000000000000000e+02,-1.041798155919623703e+01,-7.001530293867172183e+00,-3.020041518740419928e+00,-1.941848101777458702e+00,2.038575554856419725e+00,2.756330346628288019e+00,6.651848101777456002e+00,7.625075574702411707e+00,9.989929011180194607e+00,1.177964288443651597e+01
2.400000000000000000e+02,-1.045731051911866416e+01,-6.949550929809958255e+00,-2.998580116545179308e+00,-1.898176719750448882e+00,2.049177607610911167e+00,2.779588622613006432e+00,6.608176719750450623e+00,7.593705385269786667e+00,9.969223649134429266e+00,1.176374630084567485e+01
2.410000000000000000e+02,-1.049808450966797579e+01,-6.894325139950767678e+00,-2.975104628248983918e+00,-1.854056598750751128e+00,2.060622056585302175e+00,2.803576125050136092e+00,6.564056598750753757e+00,7.560133468878110996e+00,9.947134869226591292e+00,1.174604775812759527e+01
2.420000000000000000e+02,-1.054020664935335283e+01,-6.835833111455409394e+00,-2.949625424860119693e+00,-1.809534397717817100e+00,2.072866499420428443e+00,2.828305193847008514e+00,6.519534397717817953e+00,7.524448929827999066e+00,9.923570273978100431e+00,1.172647428859534813e+01
2.430000000000000000e+02,-1.058357514903511820e+01,-6.774062632189878030e+00,-2.922155862476785160e+00,-1.764657201578444301e+00,2.085862675420916190e+00,2.853787161420672458e+00,6.474657201578451371e+00,7.486747856674398349e+00,9.898437530336714474e+00,1.170495841984908125e+01
2.440000000000000000e+02,-1.062808463278238591e+01,-6.709008361800013809e+00,-2.892711884178998716e+00,-1.719472466533426669e+00,2.099556899665818488e+00,2.880031992755546000e+00,6.429472466533421304e+00,7.447131901537925813e+00,9.871645631027842427e+00,1.168143845377426793e+01
2.450000000000000000e+02,-1.067362736467771001e+01,-6.640671147146396613e+00,-2.861311683091640745e+00,-1.674027964139777502e+00,2.113890510426429170e+00,2.907047940754231341e+00,6.384027964139776579e+00,7.405706935189289020e+00,9.843106100425266902e+00,1.165585870812054026e+01
2.460000000000000000e+02,-1.072009436414426276e+01,-6.569057398712505602e+00,-2.827975428072651898e+00,-1.628371724194176196e+00,2.128800325757732370e+00,2.934841219436427728e+00,6.338371724194178825e+00,7.362581793261546714e+00,9.812734127132785034e+00,1.162816972534093374e+01
2.470000000000000000e+02,-1.076737639955938519e+01,-6.494178538489721930e+00,-2.792725052214344750e+00,-1.582551976425751405e+00,2.144219104544105470e+00,2.963415698017879851e+00,6.292551976425754034e+00,7.317867122450889106e+00,9.780449612055768682e+00,1.159832845319480654e+01
2.480000000000000000e+02,-1.081536485603081132e+01,-6.416050524633815755e+00,-2.755584103277898933e+00,-1.536617091010110236e+00,2.160076006718129271e+00,2.992772619353988528e+00,6.246617091010113754e+00,7.271674329926821834e+00,9.746178126557358823e+00,1.156629840138621645e+01
2.490000000000000000e+02,-1.086395247814429865e+01,-6.334693453992209733e+00,-2.716577654304506595e+00,-1.490615517921109578e+00,2.176297046891568776e+00,3.022910346599744447e+00,6.200615517921108655e+00,7.224114634555792946e+00,9.709851780147003453e+00,1.153204977824690403e+01
2.500000000000000000e+02,-1.091303399226320536e+01,-6.250131240415190526e+00,-2.675732271949553098e+00,-1.444595725142788112e+00,2.192805535293975705e+00,3.053824142158897637e+00,6.154595725142789853e+00,7.175298215002793079e+00,9.671410000973072130e+00,1.149555961119922110e+01
2.510000000000000000e+02,-1.096250661566396900e+01,-6.162391364508110314e+00,-2.633076039551453196e+00,-1.398606135771307102e+00,2.209522499753696412e+00,3.085505983021065379e+00,6.108606135771303514e+00,7.125333447279984078e+00,9.630800235207965798e+00,1.145681185446081862e+01
2.520000000000000000e+02,-1.101227046157006129e+01,-6.071504689030710722e+00,-2.588638631555250758e+00,-1.352695064045568607e+00,2.226367082508694750e+00,3.117944416377170569e+00,6.062695064045569460e+00,7.074326222771271766e+00,9.587978573310389052e+00,1.141579748718849707e+01
2.530000000000000000e+02,-1.106222885016053326e+01,-5.977505333363450468e+00,-2.542451435643386048e+00,-1.306910650356013726e+00,2.243256905915968602e+00,3.151124458942029971e+00,6.016910650356013690e+00,7.022379337057297555e+00,9.542910312243682469e+00,1.137251460500839428e+01
2.540000000000000000e+02,-1.111228853603837052e+01,-5.880430600196531188e+00,-2.494547718761876975e+00,-1.261300795293564647e+00,2.260108401629569386e+00,3.185027542698349645e+00,5.971300795293567276e+00,6.969591939869997255e+00,9.495570463152207097e+00,1.132696850764666507e+01
2.550000000000000000e+02,-1.116235986259631119e+01,-5.780320947724618463e+00,-2.444962833149716630e+00,-1.215913092815602781e+00,2.276837098508893487e+00,3.219631508832079714e+00,5.925913092815602745e+00,6.916059037098775342e+00,9.445944213874760464e+00,1.127917178515614083e+01
2.560000000000000000e+02,-1.121235685334377052e+01,-5.677220001036960007e+00,-2.393734458465237136e+00,-1.170794762622630714e+00,2.293357865350305058e+00,3.254910650498726188e+00,5.880794762622629790e+00,6.861871036851329819e+00,9.394027355114205946e+00,1.122914440503140199e+01
2.570000000000000000e+02,-1.126219724966284019e+01,-5.571174596987566119e+00,-2.340902876137379351e+00,-1.125992581858829666e+00,2.309585105439074137e+00,3.290835803803596527e+00,5.835992581858829631e+00,6.807113333061601601e+00,9.339826678171839092e+00,1.117691380231166676e+01
2.580000000000000000e+02,-1.131180250373118668e+01,-5.462234857539749022e+00,-2.286511272136872108e+00,-1.081552816271268647e+00,2.325432900819484505e+00,3.327374485066990406e+00,5.791552816271261506e+00,6.751865921984554042e+00,9.283360350954112050e+00,1.112251497458266947e+01
2.590000000000000000e+02,-1.136109773455046223e+01,-5.350454287352974347e+00,-2.230606064447534731e+00,-1.037521150987021024e+00,2.340815105001101237e+00,3.364491071151183732e+00,5.747521150987019212e+00,6.696203049093874426e+00,9.224658277503179349e+00,1.106599058360161969e+01
2.600000000000000000e+02,-1.141001165419675978e+01,-5.235889892178876792e+00,-2.173237251607597731e+00,-9.939426210940265349e-01,2.355645383490490019e+00,3.402147018417736035e+00,5.703942621094021170e+00,6.640192886400107852e+00,9.163762444601692536e+00,1.100739106507321452e+01
2.610000000000000000e+02,-1.145847647060193353e+01,-5.118602315436463712e+00,-2.114458778771432623e+00,-9.508615422407018514e-01,2.369837202007778032e+00,3.440301114817377659e+00,5.660861542240699151e+00,6.583897243045440995e+00,9.100727257045814866e+00,1.094677474789342320e+01
2.620000000000000000e+02,-1.150642777240108572e+01,-4.998655991128226894e+00,-2.054328917801945042e+00,-9.083214415005969045e-01,2.383303762489262123e+00,3.478909758729065160e+00,5.618321441500597757e+00,6.527371315231744298e+00,9.035619860942032844e+00,1.088420798393916122e+01
2.630000000000000000e+02,-1.155380440065893843e+01,-4.876119312041186760e+00,-1.992910657930022200e+00,-8.663649887815649819e-01,2.395957886992830854e+00,3.517927257477240666e+00,5.576364988781567611e+00,6.470663485129538373e+00,8.968520451823254191e+00,1.081976528920729841e+01
2.640000000000000000e+02,-1.160054831162108258e+01,-4.751064812948859739e+00,-1.930272103498051228e+00,-8.250339290935428949e-01,2.407711849448951114e+00,3.557306137964766357e+00,5.535033929093541083e+00,6.413815182418732164e+00,8.899522561457699155e+00,1.075352949677785475e+01
2.650000000000000000e+02,-1.164660443403140100e+01,-4.623569369305970511e+00,-1.866486875227995279e+00,-7.843690160246765686e-01,2.418477154907890725e+00,3.596997461540340169e+00,5.494369016024677421e+00,6.356860826530012609e+00,8.828733313904557178e+00,1.068559192168256722e+01
2.660000000000000000e+02,-1.169192052401111326e+01,-4.493714412722322749e+00,-1.801634511308154663e+00,-7.444099468113662965e-01,2.428164265634003005e+00,3.636951135037294058e+00,5.454409946811368037e+00,6.299827872452022248e+00,8.756273637639736762e+00,1.061605253727853970e+01
2.670000000000000000e+02,-1.173644702000799001e+01,-4.361586165337608456e+00,-1.735800864364860363e+00,-7.051952994230159533e-01,2.436682273237515961e+00,3.677116209826428950e+00,5.415195299423015918e+00,6.242736988047377089e+00,8.682278416460432524e+00,1.054502016213870519e+01
2.680000000000000000e+02,-1.178013689989119328e+01,-4.227275896123951604e+00,-1.669078490064915377e+00,-6.667624721159457479e-01,2.443938516202985856e+00,3.717441160666772326e+00,5.376762472115946601e+00,6.185602395990458469e+00,8.606896557468317610e+00,1.047261265575152400e+01
2.690000000000000000e+02,-1.182294554188501756e+01,-4.090880203153801631e+00,-1.601567022670131513e+00,-6.291476259419699346e-01,2.449838142903115301e+00,3.757874136061287729e+00,5.339147625941974340e+00,6.128432418386081437e+00,8.530290949913970522e+00,1.039895712044449638e+01
2.700000000000000000e+02,-1.186483059069843193e+01,-3.952501327031773926e+00,-1.533373532327688249e+00,-5.923856307238493102e-01,2.454283621757701095e+00,3.798363171681322203e+00,5.302385630723843946e+00,6.071230266365439832e+00,8.452638284372103072e+00,1.032419010588132835e+01
2.710000000000000000e+02,-1.190575182991170955e+01,-3.812247502061718141e+00,-1.464612858223515612e+00,-5.565100150314599148e-01,2.457174202944563568e+00,3.838856358175120498e+00,5.266510015031459879e+00,6.013995119788813959e+00,8.374128698086968470e+00,1.024845781120146881e+01
2.720000000000000000e+02,-1.194567106142425672e+01,-3.670233353377434504e+00,-1.395407910946158347e+00,-5.215529207070010997e-01,2.458405340384716364e+00,3.879301954295298227e+00,5.231552920707001064e+00,5.956723542673614702e+00,8.294965210049371152e+00,1.017191627834485068e+01
2.730000000000000000e+02,-1.198455199254334147e+01,-3.526580350309875822e+00,-1.325889936509109912e+00,-4.875450624935648847e-01,2.457868089063897532e+00,3.919648435759138572e+00,5.197545062493561296e+00,5.899411276912164936e+00,8.215362909316711537e+00,1.009473156831042040e+01
2.740000000000000000e+02,-1.202236013109840940e+01,-3.381417328827705404e+00,-1.256198733470422324e+00,-4.545156933173455371e-01,2.455448501631188662e+00,3.959844469605053874e+00,5.164515693317341949e+00,5.842055448815925089e+00,8.135547863322834417e+00,1.001707991002154507e+01
2.750000000000000000e+02,-1.205906268879840937e+01,-3.234881099150754391e+00,-1.186482813489219801e+00,-4.224925757582083108e-01,2.451027060196887319e+00,3.999838803066842363e+00,5.132492575758211828e+00,5.784657208451238652e+00,8.055755720607033155e+00,9.939147809116391841e+00
2.760000000000000000e+02,-1.209462849290476782e+01,-3.087117158843267539e+00,-1.116899494502938461e+00,-3.915019602146481148e-01,2.444478194918351388e+00,4.039580055225772348e+00,5.101501960214643638e+00,5.727224799092146768e+00,7.976229995637871717e+00,9.861132101376840708e+00
2.770000000000000000e+02,-1.212902790616998772e+01,-2.938280537181163332e+00,-1.047614914544439113e+00,-3.615685702265425405e-01,2.435669960866683859e+00,4.079016399031545781e+00,5.071568570226543393e+00,5.669777022234105068e+00,7.897220043042300297e+00,9.783239932720947607e+00
2.780000000000000000e+02,-1.216223275488755107e+01,-2.788536803821585863e+00,-9.788039531124257397e-01,-3.327155953613996076e-01,2.424463969248315642e+00,4.118095120873541681e+00,5.042715595361399572e+00,5.612347022089235082e+00,7.818978754782115459e+00,9.705688644828349254e+00
2.790000000000000000e+02,-1.219421626481191367e+01,-2.638063284437602629e+00,-9.106500460478597070e-01,-3.049646919963828751e-01,2.410715698528923312e+00,4.156762044967159397e+00,5.014964691996377510e+00,5.554986263219645615e+00,7.741760045853542493e+00,9.628705542728104305e+00
2.800000000000000000e+02,-1.222495300463542733e+01,-2.487050538935171140e+00,-8.433448791635194119e-01,-2.783359922397679043e-01,2.394275345226563712e+00,4.194960810714580823e+00,4.988335992239768757e+00,5.497768518708827656e+00,7.665816229768429579e+00,9.552527518315724109e+00
2.810000000000000000e+02,-1.225441883665032350e+01,-2.335704175450169728e+00,-7.770879455521789714e-01,-2.528481211312421095e-01,2.374989412467074068e+00,4.232631993325872699e+00,4.962848121131243850e+00,5.440793629060556746e+00,7.591395420670142613e+00,9.477400502129036397e+00
2.820000000000000000e+02,-1.228259087417853834e+01,-2.184247097390640491e+00,-7.120859517089701551e-01,-2.285182221424868487e-01,2.352703275634523639e+00,4.269712061885929444e+00,4.938518222142485037e+00,5.384190741334797359e+00,7.518739129183519943e+00,9.403578715239390817e+00
2.830000000000000000e+02,-1.230944744531645263e+01,-2.032922314009489639e+00,-6.485520585017089390e-01,-2.053619908687567275e-01,2.327265006972298877e+00,4.306132175399555173e+00,4.915361990868755804e+00,5.328120703481523002e+00,7.448080237663266878e+00,9.331323694311011607e+00
2.840000000000000000e+02,-1.233496806251643285e+01,-1.881996491181190834e+00,-5.867049447664487438e-01,-1.833937166613930358e-01,2.298530783204274730e+00,4.341816826946129027e+00,4.893393716661386783e+00,5.272777281150700546e+00,7.379641540875038430e+00,9.260903066287928809e+00
2.850000000000000000e+02,-1.235913339751067852e+01,-1.731764483661091480e+00,-5.267676840319266418e-01,-1.626263318029366189e-01,2.266372241618948902e+00,4.376682359837254843e+00,4.872626331802933919e+00,5.218386893609128663e+00,7.313635014857327477e+00,9.192589055281040089e+00
2.860000000000000000e+02,-1.238192526107399871e+01,-1.582555180831723529e+00,-4.689664286884137612e-01,-1.430714676744120339e-01,2.230686192887465058e+00,4.410635398534875407e+00,4.853071467674414663e+00,5.165206639064401806e+00,7.250261926700392046e+00,9.126656713407003352e+00
2.870000000000000000e+02,-1.240332658712044278e+01,-1.434739125444144614e+00,-4.135289008532430644e-01,-1.247395172121592566e-01,2.191407150772109791e+00,4.443571261870070011e+00,4.834739517212160997e+00,5.113520499447106182e+00,7.189713821670697946e+00,9.063381879657850249e+00
2.880000000000000000e+02,-1.242332142063327538e+01,-1.288738543265971259e+00,-3.606826952037603395e-01,-1.076397028036248926e-01,2.148523215476891846e+00,4.475372457229475742e+00,4.817639702803623969e+00,5.063633774369537655e+00,7.132174326001136322e+00,9.003038886025967358e+00
2.890000000000000000e+02,-1.244189490893729655e+01,-1.145040667917623711e+00,-3.106534059994424668e-01,-9.178014863240058219e-02,2.102095973982072152e+00,4.505907391448427113e+00,4.801780148632400547e+00,5.015865978021306404e+00,7.077821592197008904e+00,8.945898047205549375e+00
2.900000000000000000e+02,-1.245903329583772035e+01,-1.004215575746509881e+00,-2.636625981334645985e-01,-7.716795635680817611e-02,2.052285289460640261e+00,4.535029475321880277e+00,4.787167956356811693e+00,4.970542616620112319e+00,7.026831100538297292e+00,8.892222987776753129e+00
2.910000000000000000e+02,-1.247472391816825521e+01,-8.669401631711588507e-01,-2.199256499600898696e-01,-6.380928289834386646e-02,1.999380168138419345e+00,4.562576839810959406e+00,4.773809282898345607e+00,4.927986417015672416e+00,6.979378429483132251e+00,8.842267876851325425e+00
2.920000000000000000e+02,-1.248895520431373640e+01,-7.340303584838566708e-01,-1.796495033613349779e-01,-5.170941903005399354e-02,1.943837295828077849e+00,4.588372915940085228e+00,4.761709419030054846e+00,4.888508667918367578e+00,6.935641534086060211e+00,8.796274652386344428e+00
2.930000000000000000e+02,-1.250171667429819422e+01,-6.064839838440035935e-01,-1.430303635107481874e-01,-4.087286739454309981e-02,1.886329171316266873e+00,4.612228146013230834e+00,4.750872867394543952e+00,4.852401339756557519e+00,6.895802041102001567e+00,8.754470323464884629e+00
2.940000000000000000e+02,-1.251299894105774868e+01,-4.855363691109695345e-01,-1.102513965261247564e-01,-3.130341854957041647e-02,1.827803537933931688e+00,4.633943076449070553e+00,4.741303418549568605e+00,4.819930557616785016e+00,6.860045097662224478e+00,8.717064437032824742e+00
2.950000000000000000e+02,-1.252279371254806861e+01,-3.727286577637344833e-01,-8.148047720021797669e-02,-2.300422363854970342e-02,1.769553812242967039e+00,4.653313015689763965e+00,4.733004223638548780e+00,4.791331823595977646e+00,6.828557410835847996e+00,8.684246785147472281e+00
2.960000000000000000e+02,-1.253109379436885007e+01,-2.699822126838161696e-01,-5.686804090640151799e-02,-1.597786231511300059e-02,1.713293882750966501e+00,4.670134310089887109e+00,4.725977862315120959e+00,4.766807148616260648e+00,6.801523296064956092e+00,8.656185410437007732e+00
2.970000000000000000e+02,-1.253789309262200291e+01,-1.796573929526995572e-01,-3.654509341489371732e-02,-1.022640461544543911e-02,1.661215733319736820e+00,4.684212091653083831e+00,4.720226404615448068e+00,4.746524000606348714e+00,6.779118809967314974e+00,8.633024943443103894e+00
2.980000000000000000e+02,-1.254318661675514690e+01,-1.045472224523453925e-01,-2.062142973680472849e-02,-5.751465568970104414e-03,1.615980787158386445e+00,4.695369097190869034e+00,4.715751465568969181e+00,4.730615750065756409e+00,6.761504355148340473e+00,8.614885279380940730e+00
2.990000000000000000e+02,-1.254697048217949984e+01,-4.772189310140489277e-02,-9.184108433002900751e-03,-2.554251465294773201e-03,1.580561421906455211e+00,4.703454886967204374e+00,4.712554251465292054e+00,4.719183131925571928e+00,6.748816465051636015e+00,8.601860577863046586e+00
3.000000000000000000e+02,-1.254924191248753651e+01,-1.213477380000631441e-02,-2.296221412599446562e-03,-6.355968503524753828e-04,1.557843889242497504e+00,4.708354564474539927e+00,4.710635596850352158e+00,4.712296165964114714e+00,6.741159736623752785e+00,8.594018551395246064e+00
3.010000000000000000e+02,-1.254999924113471010e+01,4.008495979812565224e-06,4.008495980336961628e-06,4.008495980398391845e-06,1.549999241134711436e+00,4.709995991504019486e+00,4.709995991504019486e+00,4.709995991504021262e+00,6.738599999999999923e+00,8.591400000000000148e+00
