1.51220107369449,-0.002892931762256,-0.00111115166314,-0.00118014524184,-0.00114564845249,-0.00117658128700638,-4.57260889196168E-4
1.51238560097621,-0.002902060931856,-0.00111530304114,-0.00118383514184,-0.00114956909149,-0.00118127434508766,-4.70996829176643E-4
1.51257017329754,-0.002913235954256,-0.00111944595314,-0.00118877201384,-0.00115410898349,-0.00118599838769059,-4.72205892764358E-4
1.51275479067497,-0.002922546879456,-0.00112341292914,-0.00119352030584,-0.00115846661749,-0.00119074847758298,-4.77764042967956E-4
1.512939453125,-0.002931691014256,-0.00112768502914,-0.00119767803584,-0.00116268153249,-0.00119552512102158,-4.86802559688477E-4
1.51312416066414,-0.002941692598656,-0.00113221941114,-0.00120172552984,-0.00116697247049,-0.00120033671039702,-4.94893349883118E-4
1.51330891330891,-0.002952307628656,-0.00113617648914,-0.00120499637984,-0.00117058643449,-0.0012051657628169,-5.17314775149216E-4
1.51349371107583,-0.002961619426256,-0.00113950426914,-0.00120978370984,-0.00117464398949,-0.00121002363748825,-5.30970183187644E-4
1.51367855398144,-0.002972750585856,-0.00114319537314,-0.00121299170384,-0.00117809353849,-0.0012149111134514,-5.57618696416614E-4
1.51386344204226,-0.002983680253856,-0.00114620249114,-0.00121666323384,-0.00118143286249,-0.00121982294069059,-5.86796118518067E-4
1.51404837527486,-0.002994065753456,-0.00114888137114,-0.00121972476584,-0.00118430306849,-0.00122475141179468,-6.25643941193927E-4
1.51423335369579,-0.003003738359856,-0.00115123778314,-0.00122250553584,-0.00118687165949,-0.00122970548998181,-6.70814817872522E-4
1.5144183773216,-0.003015101157056,-0.00115312537514,-0.00122565417784,-0.00118938977649,-0.00123468635363269,-7.17167688162662E-4
1.51460344616889,-0.003025622617856,-0.00115529454514,-0.00122646258384,-0.00119087856449,-0.00123969318376719,-7.84409286031069E-4
1.51478856025422,-0.003035430137056,-0.00115635684314,-0.00122906916384,-0.00119271300349,-0.00124472494944088,-8.44647373185575E-4
1.51497371959418,-0.003044733022256,-0.00115910710114,-0.00123113565184,-0.00119512137649,-0.00124979113111515,-8.93577824007431E-4
1.51515892420538,-0.003054893168256,-0.00116328614914,-0.00123434289784,-0.00119881452349,-0.00125488441889819,-9.17033062244464E-4
1.51534417410441,-0.003065484391456,-0.00116986358114,-0.00123827567384,-0.00120406962749,-0.00126002149913211,-9.10137241321792E-4
1.5155294693079,-0.003074513725056,-0.00117753683114,-0.00124304530984,-0.00121029107049,-0.00126519853157187,-8.84957414028458E-4
1.51571480983246,-0.003086132778656,-0.00118644964914,-0.00125064925384,-0.00121854945149,-0.00127042418254205,-8.20815168762169E-4
1.51590019569472,-0.003096566639856,-0.00119754068914,-0.00125787851384,-0.00122770960149,-0.00127569612178298,-7.4039872571524E-4
1.51608562691132,-0.003106903206656,-0.00121022434714,-0.00126702292784,-0.00123862363749,-0.00128102188230287,-6.27430143828778E-4
1.5162711034989,-0.003117760540656,-0.00122356926514,-0.00127866997184,-0.00125111961849,-0.00128639411113328,-4.85530436162368E-4
1.51645662547412,-0.003129175563456,-0.00123993023714,-0.00129043456784,-0.00126518240249,-0.00129181769238357,-3.15461470504072E-4
1.51664219285365,-0.003137601516256,-0.00125578068314,-0.00130272013184,-0.00127925040749,-0.00129728262904673,-1.47499865352716E-4
1.51682780565414,-0.003148974461856,-0.00127343865514,-0.00131814800984,-0.00129579333249,-0.00130279358823854,6.56683642801014E-5
1.51701346389229,-0.003159106129856,-0.00128830224114,-0.00133192900784,-0.00131011562449,-0.00130833644141924,2.33997047976995E-4
1.51719916758477,-0.003169776867056,-0.00130145882714,-0.00134536225584,-0.00132341054149,-0.00131390537293152,3.80857174997147E-4
1.51738491674829,-0.003179847640656,-0.00131068626314,-0.00135485156984,-0.00133276891649,-0.00131950265101632,4.51349731345087E-4
1.51757071139953,-0.003191783809056,-0.00131738018914,-0.00136409427184,-0.00134073723049,-0.00132510888319994,4.94850247556971E-4
1.51775655155523,-0.003201355543056,-0.00132508637714,-0.00137162998184,-0.00134835817949,-0.00133072919285608,5.31190349031141E-4
1.51794243723209,-0.003210321833056,-0.00133050980714,-0.00137613781984,-0.00135332381349,-0.00133634648323094,5.17607193794839E-4
1.51812836844684,-0.003223171020656,-0.00133481634914,-0.00138189802584,-0.00135835718749,-0.00134195562338415,5.05553399457528E-4
1.51831434521622,-0.003233563765856,-0.00133817943314,-0.00138684815384,-0.00136251379349,-0.00134755547211339,4.77508453012844E-4
1.51850036755697,-0.003244213538256,-0.00134131563514,-0.00139013237784,-0.00136572400649,-0.00135313915831222,4.32512083115568E-4
1.51868643548585,-0.003255524349056,-0.00134494166714,-0.00139212841384,-0.00136853504049,-0.00135870850676836,3.80806509871067E-4
1.51887254901961,-0.003264783390656,-0.00134676717314,-0.00139548192584,-0.00137112454949,-0.00136426709165784,3.25661937352568E-4
1.51905870817502,-0.003276077394656,-0.00135045699514,-0.00139904704984,-0.00137475202249,-0.00136981299171515,2.90140603219659E-4
1.51924491296887,-0.003286656326656,-0.00135558246314,-0.00140270583184,-0.00137914414749,-0.00137535307244088,2.68910942307961E-4
1.51943116341792,-0.003296363843056,-0.00136301288114,-0.00140961830184,-0.00138631559149,-0.00138089056762509,2.98216035218519E-4
1.51961745953899,-0.003307572789056,-0.00137180691514,-0.00141658183584,-0.00139419437549,-0.00138642654399702,3.40069294089451E-4
1.51980380134887,-0.003318285138256,-0.00137819327514,-0.00142528946584,-0.00140174137049,-0.0013919662649169,3.7556290370446E-4
1.51999018886436,-0.003329503311056,-0.00138471779514,-0.00143181200384,-0.00140826489949,-0.00139751846329117,3.92241399328667E-4
1.52017662210229,-0.003339990844656,-0.00139101238514,-0.00143914666384,-0.00141507952449,-0.0014030834272748,4.13745258870743E-4
1.52036310107949,-0.003351193368256,-0.00139571160114,-0.00144546603184,-0.00142058881649,-0.00140865891741515,4.11724409070302E-4
1.52054962581278,-0.003360766959056,-0.00140024709114,-0.00145056970384,-0.00142540839749,-0.00141425956009409,3.97079053069367E-4
1.52073619631902,-0.003370126469056,-0.00140345630914,-0.00145547322184,-0.00142946476549,-0.00141987516933971,3.68845761186723E-4
1.52092281261504,-0.003380870498656,-0.00140805637914,-0.00146010555784,-0.00143408096849,-0.00142551872911807,3.50160064491508E-4
1.52110947471772,-0.003391306675856,-0.00140915177914,-0.00146564355584,-0.00143739766749,-0.00143118752243561,3.08478884790315E-4
1.52129618264392,-0.003401252097056,-0.00141223317714,-0.00146798732184,-0.00144011024949,-0.0014368794314748,2.56212406281851E-4
1.52148293641051,-0.003411698978656,-0.00141356695914,-0.00147063107184,-0.00144209901549,-0.00144259742215959,1.91362686118537E-4
1.52166973603438,-0.003422276583456,-0.00141620891314,-0.00147303461184,-0.00144462176249,-0.00144834571866427,1.35720523658814E-4
1.52185658153242,-0.003434133137056,-0.00141949453914,-0.00147623982784,-0.00144786718349,-0.00145412115268006,9.24785397259933E-5
1.52204347292153,-0.003445920409456,-0.00142087157714,-0.00147849554384,-0.00144968356049,-0.00145991681387655,2.47630740107416E-5
1.52223041021862,-0.003455544553856,-0.00142322300314,-0.00148303169784,-0.00145312735049,-0.00146575220147947,-1.53305820849407E-5
1.52241739344061,-0.003467062866256,-0.00142807052914,-0.00148483457184,-0.00145645255049,-0.0014716222000017,-5.77028518542174E-5
1.52260442260442,-0.003475893285056,-0.00143100498114,-0.00148824812984,-0.00145962655549,-0.00147751590895491,-1.02693076881427E-4
1.52279149772699,-0.003486721144656,-0.00143598809914,-0.00149304019984,-0.00146451414949,-0.00148344169062509,-1.18980200817885E-4
1.52297861882526,-0.003498039322256,-0.00143888525714,-0.00149710546984,-0.00146799536349,-0.00148939806716018,-1.5925089709201E-4
1.52316578591619,-0.003509781887856,-0.00144288689914,-0.00150076700984,-0.00147182695449,-0.00149538246726252,-1.93804148574052E-4
1.52335299901672,-0.003519618071856,-0.00144755388514,-0.00150440659184,-0.00147598023849,-0.00150138886375316,-2.23085349115389E-4
1.52354025814382,-0.003532355528656,-0.00145148166114,-0.00151030022384,-0.00148089094249,-0.00150742591281749,-2.4007088676567E-4
1.52372756331448,-0.003539102459856,-0.00145656469714,-0.00151395010984,-0.00148525740349,-0.00151348604554263,-2.66285139129104E-4
1.52391491454568,-0.003551647861456,-0.00146037330114,-0.00151925030584,-0.00148981180349,-0.00151956766168298,-2.89544805132715E-4
1.5241023118544,-0.003560900987056,-0.00146607544514,-0.00152363663384,-0.00149485603949,-0.00152566778869468,-3.04889554478971E-4
1.52428975525766,-0.003571609997456,-0.00147224691114,-0.00152877062384,-0.00150050876749,-0.00153178941130287,-3.10524547011001E-4
1.52447724477245,-0.003583082003856,-0.00147574969514,-0.00153373217584,-0.00150474093549,-0.00153791733602801,-3.39307278759483E-4
1.5246647804158,-0.003596023980256,-0.00148127378314,-0.00153863986384,-0.00150995682349,-0.00154406624701047,-3.52266193022952E-4
1.52485236220472,-0.003606685477456,-0.00148659842114,-0.00154332556384,-0.00151496199249,-0.00155023481243737,-3.68830277587283E-4
1.52503999015627,-0.003617378547856,-0.00149101339314,-0.00154961104984,-0.00152031222149,-0.00155641283012158,-3.79868784375789E-4
1.52522766428747,-0.003628216656656,-0.00149691906514,-0.00155366618984,-0.00152529262749,-0.00156260134513912,-3.96900766871562E-4
1.52541538461538,-0.003638635592656,-0.00150204673514,-0.00155873534584,-0.00153039104049,-0.00156879773631456,-4.12040273508853E-4
1.52560315115707,-0.003650327846256,-0.00150736184314,-0.00156551690584,-0.00153643937449,-0.00157500589774731,-4.1216474351732E-4
1.52579096392958,-0.003661663181456,-0.00151274544514,-0.00156947398384,-0.00154110971449,-0.00158122832918591,-4.34295091281371E-4
1.52597882295001,-0.003671532510256,-0.00151866182114,-0.00157570135184,-0.00154718158649,-0.00158746316443152,-4.34370277749804E-4
1.52616672823544,-0.003683877438256,-0.00152459147714,-0.00158194549984,-0.00155326848849,-0.00159371337929117,-4.34444237695329E-4
1.52635467980296,-0.003696934161056,-0.00152964153914,-0.00158624206384,-0.00155794180149,-0.00159997619525608,-4.56797174400365E-4
1.52654267766966,-0.003706116358256,-0.00153468559914,-0.00159320050384,-0.00156394305149,-0.00160625898401632,-4.58610052105481E-4
1.52673072185267,-0.003717484638656,-0.00154140685914,-0.00159867277784,-0.00157003981849,-0.00161256721760696,-4.59312037548255E-4
1.5269188123691,-0.003728815383056,-0.00154896910514,-0.00160389807584,-0.00157643359049,-0.00161889575444906,-4.55727273395596E-4
1.52710694923608,-0.003740621276256,-0.00155502369514,-0.00161032128384,-0.00158267248949,-0.00162525299237304,-4.5498268704721E-4
1.52729513247073,-0.003750640609856,-0.00156079602314,-0.00161765062184,-0.00158922332249,-0.00163162872030287,-4.49740306805118E-4
1.52748336209021,-0.003764361774256,-0.00156947281514,-0.00162307463184,-0.00159627372349,-0.00163803654961281,-4.37391548629948E-4
1.52767163811167,-0.003773149665456,-0.00157559128514,-0.00163048424584,-0.00160303776549,-0.00164447294821515,-4.2991584583556E-4
1.52785996055227,-0.003783363891056,-0.00158298083714,-0.00163762061584,-0.00161030072649,-0.00165093540744906,-4.15328146330245E-4
1.52804832942917,-0.003795801780656,-0.00159231353114,-0.00164576442184,-0.00161903897649,-0.0016574335719169,-3.79127213262835E-4
1.52823674475956,-0.003806761217456,-0.00159871546114,-0.00165348754784,-0.00162610150449,-0.00166394766124439,-3.68619999833439E-4
1.52842520656061,-0.003817556151056,-0.00160792564114,-0.00166250181984,-0.00163521373049,-0.00167048596995199,-3.27873925558947E-4
1.52861371484953,-0.003827272582656,-0.00161622447914,-0.00166883181184,-0.00164252814549,-0.00167703404218591,-3.1438873373927E-4
1.52880226964352,-0.003838489718656,-0.00162354270714,-0.00167699699184,-0.00165026984949,-0.00168359861085257,-2.94903612234738E-4
1.52899087095978,-0.003850053345856,-0.00163294913514,-0.00168579979384,-0.00165937446449,-0.00169017655601632,-2.55604644033682E-4
1.52917951881555,-0.003859216841056,-0.00163853489314,-0.00169221723384,-0.00166537606349,-0.00169676608084088,-2.62497714112138E-4
1.52936821322804,-0.003869642590656,-0.00164880495114,-0.00169900936184,-0.00167390715649,-0.0017033696224783,-2.32414456608625E-4
1.52955695421449,-0.003881324587056,-0.00165568909114,-0.00170794019384,-0.00168181464249,-0.00170998826828532,-2.11897939855051E-4
1.52974574179215,-0.003892081695856,-0.00166336512114,-0.00171451408784,-0.00168893960449,-0.0017166218566362,-2.03150117761569E-4
1.52993457597827,-0.003905374930656,-0.00167036167514,-0.00172050235584,-0.00169543201549,-0.00172326960742567,-2.03848472341737E-4
1.53012345679012,-0.003915139495056,-0.00167830604914,-0.00172783024584,-0.00170306814749,-0.00172993109774731,-1.8820838431499E-4
1.53031238424497,-0.003925691891056,-0.00168701786114,-0.00173444826184,-0.00171073306149,-0.00173660846336719,-1.72499075396388E-4
1.53050135836009,-0.003936684067056,-0.00169554735514,-0.00174154203984,-0.00171854469749,-0.00174330227106895,-1.55038451876829E-4
1.53069037915277,-0.003947714205856,-0.00170303413314,-0.00174977762984,-0.00172640588149,-0.00175002725908649,-1.3744299515685E-4
1.53087944664032,-0.003960448133056,-0.00171319824914,-0.00175737647784,-0.00173528736349,-0.00175678112301632,-1.05868489317154E-4
1.53106856084002,-0.003971259565056,-0.00172178376714,-0.00176542938584,-0.00174360657649,-0.00176355995659526,-8.2856559974652E-5
1.53125772176921,-0.003984225475456,-0.00173222210914,-0.00177540182384,-0.00175381196649,-0.00177035705857187,-3.36406094149469E-5
1.5314469294452,-0.003994189775856,-0.00174400971314,-0.00178496309984,-0.00176448640649,-0.00177716117560111,2.16992177591339E-5
1.53163618388532,-0.004005077210256,-0.00175610788714,-0.00179433701784,-0.00177522245249,-0.0017839669273438,7.74574416183107E-5
1.53182548510691,-0.004016606977856,-0.00176766192314,-0.00180586508584,-0.00178676350449,-0.0017907679082093,1.44096556274252E-4
1.53201483312732,-0.004027520309856,-0.00178130643714,-0.00181781552384,-0.00179956098049,-0.00179755117187012,2.27952036238727E-4
1.5322042279639,-0.004038471397056,-0.00179162709514,-0.00182971864184,-0.00181067286849,-0.00180430875498123,2.88179385750948E-4
1.53239366963403,-0.004049769051456,-0.00180403592914,-0.00184096487384,-0.00182250040149,-0.00181104313298123,3.58158415723535E-4
1.53258315815506,-0.004062084086256,-0.00181500448514,-0.00185101160184,-0.00183300804349,-0.00181773204965374,4.10096887480845E-4
1.5327726935444,-0.004074238237856,-0.00182537216914,-0.00186245840584,-0.00184391528749,-0.00182438697001047,4.67601087386356E-4
1.53296227581942,-0.004083869999456,-0.00183506163714,-0.00187169817984,-0.00185337990849,-0.00183098767513327,5.0573981546729E-4
1.53315190499753,-0.004097380015456,-0.00184199481514,-0.00187994292584,-0.00186096887049,-0.00183755268543737,5.18578417345599E-4
1.53334158109613,-0.004106134630656,-0.00184847917714,-0.00188914962184,-0.00186881439949,-0.00184408348059526,5.35273852227583E-4
1.53353130413264,-0.004116597454256,-0.00185384979714,-0.00189368750784,-0.00187376865249,-0.00185059667874731,5.13033817805936E-4
1.53372107412449,-0.004128768813456,-0.00185799700314,-0.00190060280984,-0.00187929990649,-0.00185712068739643,4.98569975070672E-4
1.53391089108911,-0.004142024612256,-0.00185993549114,-0.00190336111784,-0.00188164830449,-0.00186363215485257,4.41680601916483E-4
1.53410075504394,-0.004150808367056,-0.00186178142514,-0.00190517616184,-0.00188347879349,-0.00187016423488766,3.77986488485315E-4
1.53429066600644,-0.004164974949856,-0.00186217882914,-0.00190870987184,-0.00188544435049,-0.00187670888394614,3.16366829967412E-4
1.53448062399406,-0.004175953473456,-0.00186191812114,-0.00190893327984,-0.00188542570049,-0.00188327927996953,2.284931255722E-4
1.53467062902427,-0.004187204806256,-0.00186248389514,-0.00191050319184,-0.00188649354349,-0.00188987055066544,1.55327533223774E-4
1.53486068111455,-0.004198604558256,-0.00186373352314,-0.00191230932584,-0.00188802142449,-0.00189648564054263,8.84223551224808E-5
1.53505078028239,-0.004210732746656,-0.00186487736914,-0.00191341494784,-0.00188914615849,-0.00190313153920345,1.62846284484405E-5
1.53524092654527,-0.004222233903856,-0.00186744511914,-0.00191461434184,-0.00189102973049,-0.00190980267568298,-4.57445660749863E-5
1.53543111992071,-0.004232005805456,-0.00187010646114,-0.00191780629184,-0.00189395637649,-0.00191649026195199,-9.39472992552138E-5
1.53562136042622,-0.004242657695056,-0.00187334087514,-0.00192135409584,-0.00189734748549,-0.00192319030837889,-1.35936890596549E-4
1.53581164807931,-0.004256300449856,-0.00187830855714,-0.00192498065584,-0.00190164460649,-0.00192988907603386,-1.65882032996234E-4
1.53600198289751,-0.004266244428656,-0.00188343727114,-0.00193013086384,-0.00190678406749,-0.00193658149434965,-1.84665284505051E-4
1.53619236489836,-0.004278359739056,-0.00188960939714,-0.00193437426984,-0.00191199183349,-0.00194328013557187,-2.0251919305324E-4
1.53638279409942,-0.004291645916656,-0.00189497562714,-0.00194041389584,-0.00191769476149,-0.00194998977694614,-2.14040830341135E-4
1.53657327051822,-0.004304814132256,-0.00190230065914,-0.00194854563384,-0.00192542314649,-0.00195671255381164,-1.99770104973854E-4
1.53676379417235,-0.004316879516656,-0.00190891638914,-0.00195425456984,-0.00193158547949,-0.00196345284455433,-2.05756689710065E-4
1.53695436507937,-0.004328201793056,-0.00191719868914,-0.00196273597184,-0.00193996733049,-0.00197021564780579,-1.83819879685209E-4
1.53714498325685,-0.004338244857456,-0.00192561110114,-0.00196997879984,-0.00194779495049,-0.00197700266108649,-1.69343339432321E-4
1.5373356487224,-0.004350560970256,-0.00193291081314,-0.00197711781384,-0.00195501431349,-0.00198382000061866,-1.63007822278129E-4
1.53752636149361,-0.004361328316256,-0.00194212346714,-0.00198436905584,-0.00196324626149,-0.00199066580251339,-1.44351384707225E-4
1.53771712158809,-0.004373887635456,-0.00195103185514,-0.00199293376584,-0.00197198281049,-0.00199754168371807,-1.19879097347508E-4
1.53790792902345,-0.004386484892256,-0.00196026157714,-0.00200066592584,-0.00198046375149,-0.00200444954522684,-9.91568657085758E-5
1.53809878381732,-0.004398571831056,-0.00196710787114,-0.00200763852984,-0.00198737320049,-0.00201139040948415,-9.85150083358361E-5
1.53828968598734,-0.004410712935856,-0.00197771333714,-0.00201789151984,-0.00199780242849,-0.00201835901488766,-5.46200433871369E-5
1.53848063555114,-0.004421812251856,-0.00198743742114,-0.00202723670984,-0.00200733706549,-0.00202535161638474,-2.23632522496613E-5
1.53867163252638,-0.004432764767456,-0.00199567612914,-0.00203501267384,-0.00201534440149,-0.00203236609214497,-9.38268357210972E-6
1.53886267693072,-0.004443691934656,-0.00200425510914,-0.00204367209384,-0.00202396360149,-0.00203941398239643,1.06026897947693E-5
1.53905376878182,-0.004455233282256,-0.00201309581514,-0.00205166885384,-0.00203238233449,-0.00204647199694614,2.78786311617532E-5
1.53924490809737,-0.004468560654656,-0.00202105986714,-0.00206085503584,-0.00204095745149,-0.00205355230060111,4.6669973934625E-5
1.53943609489504,-0.004478464710656,-0.00202854607314,-0.00206820974384,-0.00204837790849,-0.00206066532979409,5.09289557305074E-5
1.53962732919255,-0.004491367650656,-0.00203767982314,-0.00207711643584,-0.00205739812949,-0.00206778885785842,7.43739196469201E-5
1.53981861100758,-0.004501149441456,-0.00204526317914,-0.00208513735784,-0.00206520026849,-0.00207493566003971,8.27024888386039E-5
1.54000994035785,-0.004513400987056,-0.00205267394714,-0.00209238090584,-0.00207252742649,-0.00208209473964205,8.51239454923715E-5
1.54020131726109,-0.004524895779456,-0.00205896669914,-0.00209909280784,-0.00207902975349,-0.00208926598246076,7.75140521037993E-5
1.54039274173502,-0.004537447621056,-0.00206727740114,-0.00210627355984,-0.00208677548049,-0.00209644992312743,8.46330345087074E-5
1.54058421379739,-0.004548467929056,-0.00207234091714,-0.00211288793784,-0.00209261442749,-0.00210364549749,6.89053120741884E-5
1.54077573346594,-0.004559897740256,-0.00207925463914,-0.00212006358384,-0.00209965911149,-0.00211085596406895,6.73896659750774E-5
1.54096730075842,-0.004571547749456,-0.00208647792114,-0.00212791434784,-0.00210719613449,-0.00211808053113328,7.1529947949488E-5
1.54115891569261,-0.004582586567856,-0.00209267697114,-0.00213437298584,-0.00211352497849,-0.00212531215630287,6.13476874689988E-5
1.54135057828628,-0.004595109806256,-0.00209945354914,-0.00214020913384,-0.00211983134149,-0.00213256533631456,5.07197574709687E-5
1.54154228855721,-0.004605296566256,-0.00210447983314,-0.00214666082984,-0.00212557033149,-0.00213982712457772,3.34352232948048E-5
1.5417340465232,-0.004618712863456,-0.00211302993714,-0.00215205974184,-0.00213254483949,-0.00214710513490521,3.04659704536547E-5
1.54192585220204,-0.004630799737456,-0.00211958855514,-0.00216015984184,-0.00213987419849,-0.00215439095367714,3.15445583082524E-5
1.54211770561155,-0.004642159237056,-0.00212774415114,-0.00216697636984,-0.00214736026049,-0.00216169778723854,3.41867346909015E-5
1.54230960676954,-0.004653227527056,-0.00213556013914,-0.00217503259184,-0.00215529636549,-0.00216901521783503,4.18769468256299E-5
1.54250155569384,-0.004667876267056,-0.00214278524714,-0.00218291099784,-0.00216284812249,-0.00217634009802801,4.50153132059014E-5
1.54269355240229,-0.004679669829056,-0.00215379851514,-0.00219137076984,-0.00217258464249,-0.00218367654046661,7.30134961490369E-5
1.54288559691274,-0.004689348176656,-0.00216268867914,-0.00220064738984,-0.00218166803449,-0.00219102364846076,9.32506504741176E-5
1.54307768924303,-0.004698478609856,-0.00217369452114,-0.00220852226784,-0.00219110839449,-0.00219838613440813,1.1723769764304E-4
1.54326982941103,-0.004714001186656,-0.00218390525914,-0.00221923930184,-0.00220157228049,-0.00220575868564205,1.52551414856733E-4
1.54346201743462,-0.004726151909856,-0.00219221826514,-0.00222806506784,-0.00221014166649,-0.00221313334725608,1.66205371562998E-4
1.54365425333167,-0.004737227113856,-0.00220398755914,-0.00223762885184,-0.00222080820549,-0.00222051259344322,2.03328196017181E-4
1.54384653712008,-0.004748526424256,-0.00221318125114,-0.00224995118984,-0.00223156622049,-0.00222790564210404,2.41076452215767E-4
1.54403886881774,-0.004758985938656,-0.00222406822114,-0.00225770101384,-0.00224088461749,-0.00223529852660696,2.62475893225771E-4
1.54423124844256,-0.004772202689856,-0.00223490474314,-0.00226825316384,-0.00225157895349,-0.00224269631870637,2.99017360370368E-4
1.54442367601246,-0.004782261751456,-0.00224239768314,-0.00227671777184,-0.00225955772749,-0.00225007720775901,3.05335493581092E-4
1.54461615154536,-0.004795987761056,-0.00225061220114,-0.00228462755984,-0.00226761988049,-0.00225747449474146,3.12353271013364E-4
1.5448086750592,-0.004807759088656,-0.00225693855914,-0.00229072011184,-0.00227382933549,-0.00226487208124439,2.98871524795925E-4
1.54500124657193,-0.004819595962656,-0.00226321057914,-0.00229880513984,-0.00228100785949,-0.00227227807588766,2.96046602911143E-4
1.54519386610148,-0.004831782305056,-0.00227036504514,-0.00230465526584,-0.00228751015549,-0.00227967296239643,2.85946462747541E-4
1.54538653366584,-0.004841488873856,-0.00227528133314,-0.00231228109784,-0.00229378121549,-0.00228706175677655,2.73450779078668E-4
1.54557924928295,-0.004854707054656,-0.00228098574314,-0.00231859836584,-0.00229979205449,-0.00229445279724439,2.58175714619484E-4
1.54577201297082,-0.004867873059056,-0.00228835841114,-0.00232450643384,-0.00230643242249,-0.00230184068081748,2.49870324549186E-4
1.54596482474741,-0.004880764074656,-0.00229454380114,-0.00233033049184,-0.00231243714649,-0.00230922885978824,2.34733312466582E-4
1.54615768463074,-0.004892117159856,-0.00230027501714,-0.00233612147784,-0.00231819824749,-0.00231661852108064,2.17047761586363E-4
1.5463505926388,-0.004901562143856,-0.00230466840314,-0.00234216742384,-0.00232341791349,-0.00232401688310988,1.93556741947154E-4
1.54654354878962,-0.004914072981456,-0.00231012149114,-0.00234728086984,-0.00232870118049,-0.00233141137360696,1.70938278550499E-4
1.54673655310121,-0.004926295583856,-0.00231585485914,-0.00235220692784,-0.00233403089349,-0.00233880047898123,1.49016755233166E-4
1.54692960559161,-0.004937944346256,-0.00232255142514,-0.00235915160584,-0.00234085151549,-0.00234619278202801,1.43085809285099E-4
1.54712270627887,-0.004950704767056,-0.00232830015914,-0.00236694731184,-0.00234762373549,-0.0023535859899169,1.36668402467094E-4
1.54731585518102,-0.004961566429056,-0.00233519067314,-0.00237341316384,-0.00235430191849,-0.00236096632716251,1.29431345590989E-4
1.54750905231614,-0.004974329833856,-0.00234199758914,-0.00238024033384,-0.00236111896149,-0.00236834092506895,1.23765583087072E-4
1.5477022977023,-0.004985122339456,-0.00234879019114,-0.00238635708784,-0.00236757363949,-0.00237570150716251,1.14468761668831E-4
1.54789559135756,-0.004999816963056,-0.00235593026514,-0.00239221897184,-0.00237407461849,-0.0023830372811976,1.05974375869848E-4
1.54808893330002,-0.005009665271456,-0.00236176299514,-0.00240127136384,-0.00238151717949,-0.00239035733743737,1.07543552077822E-4
1.54828232354778,-0.005022675956656,-0.00236780663314,-0.00240748874184,-0.00238764768749,-0.00239765035165374,9.57034732270072E-5
1.54847576211894,-0.005036318159856,-0.00237461611714,-0.00241372458184,-0.00239417034949,-0.00240491826560696,8.82715031248154E-5
1.54866924903161,-0.005045649824256,-0.00238303504114,-0.00242236147184,-0.00240269825649,-0.00241216336037304,1.01902333414353E-4
1.54886278430392,-0.005058264047456,-0.00238922729714,-0.00242874700984,-0.00240898715349,-0.00241938063418591,9.26018445687576E-5
1.54905636795401,-0.005071160337456,-0.00239793945914,-0.00243654411784,-0.00241724178849,-0.00242658126012743,1.03779529343524E-4
1.54925,-0.005083541874256,-0.00240500780114,-0.00244402001584,-0.00242451390849,-0.00243376221223854,1.04999924581471E-4
1.54944368046006,-0.005095874705056,-0.00241407264114,-0.00245139213184,-0.00243273238649,-0.00244092479256017,1.16093215006617E-4
1.54963740935234,-0.005107618201456,-0.00242102837714,-0.00245932464984,-0.00244017651349,-0.00244808160253678,1.19272614946829E-4
1.54983118669501,-0.005118494561456,-0.00242713194314,-0.00246591965784,-0.00244652580049,-0.00245524282916836,1.11240666556447E-4
1.55002501250625,-0.005131183872656,-0.00243780031114,-0.00247488510784,-0.00245634270949,-0.0024624213603555,1.38285837637684E-4
1.55021888680425,-0.005143094746656,-0.00244345423714,-0.00248018399184,-0.00246181911449,-0.00246959971925023,1.21236175445918E-4
1.55041280960721,-0.005156312945456,-0.00245064015514,-0.00248997884384,-0.00247030949949,-0.00247681048521515,1.34381478074806E-4
1.55060678093332,-0.005169001752256,-0.00245820638714,-0.00249677796584,-0.00247749217649,-0.0024840518129052,1.33982492020443E-4
1.5508008008008,-0.005177418993456,-0.00246654762114,-0.00250555540584,-0.00248605151349,-0.00249133391921515,1.46992194779634E-4
1.55099486922788,-0.005190993361456,-0.00247329272314,-0.00251236986784,-0.00249283129549,-0.00249865809212158,1.41700740790116E-4
1.55118898623279,-0.005200145034256,-0.00247980924314,-0.00251962157584,-0.00249971540949,-0.0025060182849052,1.37122611463279E-4
1.55138315183377,-0.005206413098256,-0.00248796837314,-0.00252717806784,-0.00250757322049,-0.00251340998887596,1.4194372971583E-4
1.55157736604907,-0.005217721944256,-0.00249483348714,-0.00253619923384,-0.00251551636049,-0.00252084423915082,1.47161762535031E-4
1.55177162889696,-0.005226292455856,-0.00250305345914,-0.00254238933984,-0.00252272139949,-0.00252830991046661,1.44740645188782E-4
1.55196594039569,-0.005239638679056,-0.00251198393314,-0.00255206312784,-0.00253202353049,-0.00253579991244322,1.62769322466208E-4
1.55216030056356,-0.005249550761856,-0.00251910231514,-0.00256026497384,-0.00253968364449,-0.00254331663056602,1.64288893168462E-4
1.55235470941884,-0.005263378224656,-0.00252676860914,-0.00256552119584,-0.00254614490249,-0.0025508494352093,1.53892489161049E-4
1.55254916697983,-0.005275241515056,-0.00253385188914,-0.00257361320784,-0.00255373254849,-0.0025583995700631,1.54395106732844E-4
1.55274367326485,-0.005288279681456,-0.00254270158914,-0.00258215480984,-0.00256242819949,-0.00256596429830871,1.65548051262408E-4
1.55293822829219,-0.005297122396256,-0.00254901534714,-0.00259135197384,-0.00257018366049,-0.00257353732144906,1.67421679383536E-4
1.5531328320802,-0.005311027393056,-0.00255771596314,-0.00259828026584,-0.00257799811449,-0.00258110121331456,1.6994404163082E-4
1.5533274846472,-0.005321917074656,-0.00256658455914,-0.00260522368384,-0.00258590412149,-0.00258868033326193,1.73188928193862E-4
1.55352218601153,-0.005333471826256,-0.00257489365914,-0.00261442681984,-0.00259466023949,-0.00259625415951339,1.84651733560541E-4
1.55371693619155,-0.005346279827856,-0.00258477265514,-0.00262155279984,-0.00260316272749,-0.00260382452705725,1.93645889341103E-4
1.55391173520562,-0.005357606018656,-0.00259207574514,-0.00262940900184,-0.00261074237349,-0.00261139804912158,1.93722944384157E-4
1.5541065830721,-0.005376502037456,-0.00259895622914,-0.00263679317384,-0.00261787470149,-0.00261896740220345,1.89569355535597E-4
1.55430147980938,-0.005391273366256,-0.00260667007714,-0.00264506208384,-0.00262586608049,-0.00262652982216251,1.93682332607522E-4
1.55449642543585,-0.005406984091456,-0.00261523587314,-0.00265427406984,-0.00263475497149,-0.00263408570553678,2.06351975865954E-4
1.55469141996989,-0.005417233369056,-0.00262176493714,-0.00266086523184,-0.00264131508449,-0.00264164415409234,1.96885750094035E-4
1.55488646342993,-0.005431498132256,-0.00262981130514,-0.00266791310784,-0.00264886220649,-0.00264918476239643,1.96956083329761E-4
1.55508155583438,-0.005441066289456,-0.00263578895514,-0.00267606685584,-0.00265592790549,-0.00265671238246661,1.92617972293642E-4
1.55527669720166,-0.005454138399056,-0.00264476959114,-0.00268486198584,-0.00266481578849,-0.00266423126421515,2.05484924326067E-4
1.5554718875502,-0.005462774086656,-0.00265246210714,-0.00269040716784,-0.00267143463749,-0.00267175701609819,1.96983458766608E-4
1.55566712689846,-0.005467366179456,-0.00265838882114,-0.00269906575584,-0.00267872728849,-0.00267927104729117,1.94926243075343E-4
1.55586241526488,-0.005478133379856,-0.00266987371114,-0.00270643618184,-0.00268815494649,-0.00268678952485257,2.12704955345375E-4
1.55605775266792,-0.005495258225456,-0.00267385686714,-0.00271435020784,-0.00269410353749,-0.00269431203343152,1.98065406503285E-4
1.55625313912607,-0.005515160753456,-0.00268352962514,-0.00272245860584,-0.00270299411549,-0.00270182355084088,2.10831246259212E-4
1.55644857465779,-0.005526879487056,-0.00268921481914,-0.00272970521184,-0.00270946001549,-0.0027093319409052,2.011817911905E-4
1.55664405928159,-0.005537805483056,-0.00269461571314,-0.00273757293784,-0.00271609432549,-0.00271682215479994,1.93302567591189E-4
1.55683959301595,-0.005550478727456,-0.00270404039914,-0.00274257938784,-0.00272330989349,-0.00272431757260111,1.90752921747767E-4
1.5570351758794,-0.005558670743856,-0.00271179162914,-0.00275011233784,-0.00273095198349,-0.00273180185379994,1.92222438198076E-4
1.55723080789044,-0.005568706383456,-0.00271743311514,-0.00275802832584,-0.00273773072049,-0.00273929673257187,1.857079002865E-4
1.55742648906761,-0.005582283497056,-0.00272554197714,-0.00276517360584,-0.00274535779149,-0.00274678801188766,1.86982792342625E-4
1.55762221942943,-0.005595203226656,-0.00273276244314,-0.00277037734984,-0.00275156989649,-0.00275425829901632,1.75597763222897E-4
1.55781799899447,-0.005610469025456,-0.00273968539914,-0.00278152660784,-0.00276060600349,-0.0027617344460631,1.8978501920498E-4
1.55801382778127,-0.005622908370656,-0.00274612670114,-0.00278799013984,-0.00276705842049,-0.00276920421558941,1.80628052931822E-4
1.5582097058084,-0.005630697561856,-0.00275316018514,-0.00279670142784,-0.00277493080649,-0.0027766775110631,1.84273429610212E-4
1.55840563309443,-0.005649870310656,-0.00276054966914,-0.00280407909984,-0.00278231438449,-0.00278415123913327,1.83506152454511E-4
1.55860160965795,-0.005658794679856,-0.00276915027714,-0.00281200622984,-0.00279057825349,-0.00279162173402801,1.90655247760723E-4
1.55879763551755,-0.005671620153056,-0.00277787300914,-0.00281905142784,-0.00279846221849,-0.00279909303512158,1.9436588366604E-4
1.55899371069182,-0.005687162125056,-0.00278462515314,-0.00282702084984,-0.00280582300149,-0.00280655993661281,1.93435601417302E-4
1.5591898351994,-0.005696605162256,-0.00279112072914,-0.00283382618784,-0.00281247345849,-0.00281401376975316,1.8631570961278E-4
1.55938600905888,-0.005708684241056,-0.00279848801314,-0.00284210902384,-0.00282029851849,-0.00282144852675316,1.89810125435099E-4
1.55958223228891,-0.005723370634656,-0.00280689417714,-0.00285115565384,-0.00282902491549,-0.00282888241161281,2.01259365506045E-4
1.55977850490813,-0.005735798281856,-0.00281510231314,-0.00285917738984,-0.00283713985149,-0.00283628851355433,2.0750397862915E-4
1.55997482693518,-0.005748696083056,-0.00282062827114,-0.00286685097984,-0.00284373962549,-0.00284367691740813,2.0055129400854E-4
1.56017119838872,-0.005762537203056,-0.00282926783314,-0.00287288100784,-0.00285107442049,-0.00285106982021515,2.00040338146238E-4
1.56036761928742,-0.005776369496656,-0.00283750696514,-0.00288346312384,-0.00286048504449,-0.00285844190301632,2.17869363301809E-4
1.56056408964996,-0.005789911101856,-0.00284426898714,-0.00289017304384,-0.00286722101549,-0.00286579946615082,2.12400984053246E-4
1.56076060949503,-0.005805519480656,-0.00285244121714,-0.00289820513384,-0.00287532317549,-0.00287314996201632,2.18909676682515E-4
1.56095717884131,-0.005817409911456,-0.00285787534714,-0.00290446666184,-0.00288117100449,-0.00288049633543737,2.05855493064956E-4
1.56115379770752,-0.005830638145856,-0.00286933375314,-0.00291274140384,-0.00289103757849,-0.00288784554954848,2.27633307311213E-4
1.56135046611237,-0.005843469985056,-0.00287685701114,-0.00292354503384,-0.00290020102249,-0.00289519001456018,2.43270112709556E-4
1.56154718407459,-0.005859598829056,-0.00288607507514,-0.00293183138384,-0.00290895322949,-0.00290255843739059,2.55078926379545E-4
1.5617439516129,-0.005869444515856,-0.00289089249714,-0.00293869838784,-0.00291479544249,-0.00290993222809819,2.41781165424175E-4
1.56194076874606,-0.005884951393856,-0.00289955780914,-0.00294615879784,-0.00292285830349,-0.00291731911040228,2.47468179500556E-4
1.56213763549282,-0.005887133788256,-0.00290618185514,-0.00295230611184,-0.00292924398349,-0.00292472781463035,2.38603326068995E-4
1.56233455187193,-0.005896765085056,-0.00291370996714,-0.00296076052784,-0.00293723524749,-0.00293215075463035,2.43351223087857E-4
1.56253151790217,-0.005913584358656,-0.00292235100914,-0.00296803548384,-0.00294519324649,-0.00293959136860696,2.47641637736323E-4
1.56272853360232,-0.005926549112656,-0.00292875739114,-0.00297638597984,-0.00295257168549,-0.00294704435843152,2.46888733135833E-4
1.56292559899117,-0.005938795094256,-0.00293678751514,-0.00298431632984,-0.00296055192249,-0.00295452787155433,2.50973042035496E-4
1.56312271408753,-0.005946547533456,-0.00294350167514,-0.00299155036984,-0.00296752602249,-0.00296202708602801,2.46411936000911E-4
1.56331987891019,-0.005962145009056,-0.00294936763714,-0.00299917252384,-0.00297427008049,-0.00296956084921515,2.39645856020246E-4
1.56351709347799,-0.005984569807056,-0.00295755872314,-0.00300769831384,-0.00298262851849,-0.00297710800372977,2.46358032302805E-4
1.56371435780974,-0.005996979720256,-0.00296511562314,-0.00301617323784,-0.00299064443049,-0.00298467212671807,2.50024789309907E-4
1.56391167192429,-0.006003395573856,-0.00297120412114,-0.00302344594384,-0.00299732503249,-0.00299224448041398,2.42447668541767E-4
1.56410903584048,-0.006015951944656,-0.00298020631114,-0.00302911932584,-0.00300466281849,-0.00299983439495199,2.40239084081911E-4
1.56430644957718,-0.006029920316656,-0.00298800269914,-0.00303694030984,-0.00301247150449,-0.00300742889364205,2.41917955721358E-4
1.56450391315324,-0.006043890802256,-0.00299269778114,-0.00304510975184,-0.00301890376649,-0.00301503749867129,2.32058206742178E-4
1.56470142658755,-0.006059224766256,-0.00300116906914,-0.00305273506984,-0.00302695206949,-0.00302266016732041,2.3549772329678E-4
1.56489898989899,-0.006069183896656,-0.00301008433714,-0.00305765353384,-0.00303386893549,-0.00303028242556602,2.29588908064451E-4
1.56509660310645,-0.006081855265056,-0.00301692615314,-0.00306782237984,-0.00304237426649,-0.0030378981477707,2.36835654962481E-4
1.56529426622885,-0.006095409686256,-0.00302513798714,-0.00307403015984,-0.00304958407349,-0.00304551400109234,2.33410389807768E-4
1.56549197928508,-0.006107332479056,-0.00303001074314,-0.00308329770384,-0.00305665422349,-0.00305312800103386,2.28873850481745E-4
1.56568974229409,-0.006119910198656,-0.00303809409514,-0.00309053606384,-0.00306431507949,-0.00306073790787012,2.29218212466708E-4
1.56588755527479,-0.006136155952256,-0.00304496940114,-0.00309874679584,-0.00307185809849,-0.00306833225922099,2.28727652117933E-4
1.56608541824615,-0.006154652420656,-0.00305137017914,-0.00310499210784,-0.00307818114349,-0.00307592216565374,2.1836016741158E-4
1.5662833312271,-0.006174002535856,-0.00306002198514,-0.00310954476784,-0.00308478337649,-0.00308348623825608,2.10516815494614E-4
1.5664812942366,-0.006188069363456,-0.00306727822914,-0.00311949007784,-0.00309338415349,-0.00309105621211573,2.18828041408171E-4
1.56667930729364,-0.006201061478656,-0.00307367698314,-0.00312891798784,-0.00310129748549,-0.00309861094204556,2.21675385315318E-4
1.56687737041719,-0.006219273963056,-0.00308060600514,-0.00313299254984,-0.00310679927749,-0.00310614592790521,2.05258522940961E-4
1.56707548362625,-0.006228501756256,-0.00308746484314,-0.00314191372584,-0.00311468928449,-0.00311368694446076,2.08047854899333E-4
1.56727364693981,-0.006243725983056,-0.00309407177914,-0.00314941987784,-0.00312174582849,-0.00312120788298123,2.04308792692922E-4
1.56747186037688,-0.006256392468256,-0.00310328367114,-0.00315808538784,-0.00313068452949,-0.00312872202253678,2.15681378363746E-4
1.56767012395649,-0.006274053215856,-0.00311003675714,-0.00316568177784,-0.00313785926749,-0.00313622677882333,2.13013158660028E-4
1.56786843769766,-0.006284474742256,-0.00311698019114,-0.00317319282784,-0.00314508650949,-0.00314372815389936,2.10802107594433E-4
1.56806680161943,-0.006298088351456,-0.00312330062514,-0.00318070498184,-0.00315200280349,-0.00315123609472392,2.06082603326396E-4
1.56826521574086,-0.006312420019456,-0.00313342619314,-0.00318737971784,-0.00316040295549,-0.00315873895623854,2.13169806642101E-4
1.56846368008099,-0.006320203597856,-0.00313903928914,-0.00319627976184,-0.00316765952549,-0.00316623201194614,2.11271390871495E-4
1.5686621946589,-0.006335969525856,-0.00314646749114,-0.00320302593784,-0.00317474671449,-0.0031737308055017,2.08002482335166E-4
1.56886075949367,-0.006350954533856,-0.00315342228714,-0.00321199028184,-0.00318270628449,-0.00318121573801047,2.11713654482168E-4
1.56905937460438,-0.006363284483056,-0.00316319548114,-0.00321631291984,-0.00318975420049,-0.00318869592029702,2.08297123804165E-4
1.56925804001013,-0.006376357098656,-0.00316758989714,-0.00322812435784,-0.00319785712749,-0.00319618220461281,2.13100965229516E-4
1.56945675573002,-0.006390024295056,-0.00317798387314,-0.00323313685384,-0.00320556036349,-0.00320366355465959,2.14801872903058E-4
1.56965552178318,-0.006410961866656,-0.00318443245314,-0.00324093098384,-0.00321268171849,-0.00321113886743737,2.12011712326401E-4
1.56985433818873,-0.006420047247056,-0.00318948747314,-0.00324820983784,-0.00321884865549,-0.00321860511326778,2.01891675226153E-4
1.5700532049658,-0.006432678132256,-0.00319871012314,-0.00325651985784,-0.00322761499049,-0.00322607711785842,2.11917512937506E-4
1.57025212213354,-0.006443920572256,-0.00320491601114,-0.00326526722784,-0.00323509161949,-0.00323354833965959,2.11931782582934E-4
1.5704510897111,-0.006457862438656,-0.00321251156714,-0.00327214403384,-0.00324232780049,-0.00324101298949,2.10141975705305E-4
1.57065010771765,-0.006478473804656,-0.00321859029714,-0.00328158287584,-0.00325008658649,-0.00324846758208649,2.12459754965978E-4
1.57084917617237,-0.006500324248256,-0.00322798386714,-0.00328722740984,-0.00325760563849,-0.00325592143915082,2.12931818001883E-4
1.57104829509444,-0.006502705937456,-0.00323337342914,-0.00329693981784,-0.00326515662349,-0.00326338316696368,2.1358602741067E-4
1.57124746450304,-0.006517705486256,-0.00324247142314,-0.00330256819384,-0.00327251980849,-0.00327083636850754,2.12867045250755E-4
1.5714466844174,-0.006533323619056,-0.00324981467914,-0.00330992112784,-0.00327986790349,-0.00327828478009819,2.12072802532467E-4
1.57164595485671,-0.006536639307456,-0.00325514844514,-0.00331934445184,-0.00328724644849,-0.00328574118244322,2.11453017471578E-4
1.5718452758402,-0.006551266135856,-0.00326410454114,-0.00332501565384,-0.00329456009749,-0.0032931856399286,2.10434103264163E-4
1.57204464738711,-0.006565149054256,-0.00327056933914,-0.00333157702184,-0.00330107318049,-0.00330065444077339,2.03171641595077E-4
1.57224406951668,-0.006582351074656,-0.00327934221314,-0.00334239213384,-0.00331086717349,-0.00330812324161818,2.20736318385148E-4
1.57244354224816,-0.006594806729056,-0.00328498287914,-0.00334958045784,-0.00331728166849,-0.00331559204246297,2.12740002429337E-4
1.57264306560081,-0.006611323013456,-0.00329575012514,-0.00335748410384,-0.00332661711449,-0.00332306084330777,2.26754484419051E-4
1.57284263959391,-0.006626369463056,-0.00330335780914,-0.00336609594184,-0.00333472687549,-0.00333052964415256,2.31505734717069E-4
1.57304226424673,-0.006643635592656,-0.00331087556914,-0.00337285964384,-0.00334186760649,-0.00333799844499735,2.28978155295768E-4
1.57324193957857,-0.006657287017456,-0.00331622381314,-0.00338204612584,-0.00334913496949,-0.00334546724584215,2.27408156905523E-4
1.57344166560873,-0.006670528831056,-0.00332455829514,-0.00338214970984,-0.00335335400249,-0.00335293604668694,2.03116341895884E-4
1.57364144235653,-0.006687286143856,-0.00333163261314,-0.00338985978184,-0.00336074619749,-0.00336040484753173,2.02539500251864E-4
1.57384126984127,-0.006704216359856,-0.00333941617914,-0.00339375895184,-0.00336658756549,-0.00336787364837653,1.904533021366E-4
1.5740411480823,-0.006720378960656,-0.00334967698114,-0.00339880041384,-0.00337423869749,-0.00337534244922132,1.91824890748683E-4
1.57424107709895,-0.006737979513056,-0.00335671996314,-0.00340461578584,-0.00338066787449,-0.00338281125006611,1.84159805131971E-4
1.57444105691057,-0.006753151471856,-0.00336124456114,-0.00340798590584,-0.00338461523349,-0.00339028005091091,1.58227511180208E-4
1.57464108753653,-0.006776318531456,-0.00337077259714,-0.00341311964984,-0.00339194612349,-0.0033977488517557,1.5730461167914E-4
1.57484116899619,-0.006792409149856,-0.00337593026714,-0.00341839359384,-0.00339716193049,-0.00340521765260049,1.40857509472706E-4
1.57504130130893,-0.006805931630656,-0.00338233638514,-0.00342467132984,-0.00340350385749,-0.00341268645344529,1.32731910178745E-4
1.57524148449415,-0.006819923305856,-0.00339166046714,-0.00342944421184,-0.00341055233949,-0.00342015525429008,1.29806440891585E-4
1.57544171857125,-0.006832449846656,-0.00339914570714,-0.00343551194384,-0.00341732882549,-0.00342762405513487,1.24909868473987E-4
1.57564200355962,-0.006841171482256,-0.00340725651714,-0.00344264897784,-0.00342495274749,-0.00343509285597967,1.26202078700622E-4
1.5758423394787,-0.006859089603856,-0.00341623011914,-0.00344804292184,-0.00343213652049,-0.00344256165682446,1.24292304875699E-4
1.57604272634791,-0.006876218615456,-0.00342365410914,-0.00345125306984,-0.00343745358949,-0.00345003045766925,1.08864078639552E-4
1.5762431641867,-0.006894544002656,-0.00343028726314,-0.00345756891584,-0.00344392808949,-0.00345749925851405,1.01871497219946E-4
1.5764436530145,-0.006909523451856,-0.00343996009314,-0.00346576459784,-0.00345286234549,-0.00346496805935884,1.12656381953209E-4
1.57664419285078,-0.006922597772656,-0.00344495375914,-0.00347014989384,-0.00345755182649,-0.00347243686020363,9.28343817836986E-5
1.57684478371501,-0.006943289358256,-0.00345154777114,-0.00347843090784,-0.00346498933949,-0.00347990566104843,9.2839612540451E-5
1.57704542562667,-0.006956532709856,-0.00346339539914,-0.00348526069384,-0.00347432804649,-0.00348737446189322,1.06473942318376E-4
1.57724611860524,-0.006970002570656,-0.00347048437114,-0.00349238435784,-0.00348143436449,-0.00349484326273801,1.04080832529912E-4
1.57744686267023,-0.006992389847056,-0.00347931954914,-0.00350009948384,-0.00348970951649,-0.0035023120635828,1.10041232305895E-4
1.57764765784114,-0.007011390325856,-0.00348683830314,-0.00350880051784,-0.00349781941049,-0.0035097808644276,1.14799139891966E-4
1.57784850413749,-0.007024910781456,-0.00349754133714,-0.00351807627984,-0.00350780880849,-0.00351724966527239,1.32896028993865E-4
1.57804940157881,-0.007039605753056,-0.00350595348514,-0.00352659319584,-0.00351627334049,-0.00352471846611718,1.40100707983018E-4
1.57825035018464,-0.007057532939456,-0.00351434586714,-0.00353270092784,-0.00352352339749,-0.00353218726696198,1.38679146820622E-4
1.57845134997453,-0.007071191449456,-0.00352385497114,-0.00354380430784,-0.00353382963949,-0.00353965606780677,1.58848909292609E-4
1.57865240096803,-0.007087364840656,-0.00353137266314,-0.00355247947784,-0.00354192607049,-0.00354712486865156,1.63359069992787E-4
1.57885350318471,-0.007107099661056,-0.00354110718514,-0.00356022687384,-0.00355066702949,-0.00355459366949636,1.72383341308082E-4
1.57905465664416,-0.007121997261856,-0.00355309261314,-0.00356824666384,-0.00356066963849,-0.00356206247034115,1.90224540819063E-4
1.57925586136595,-0.007140947603056,-0.00356041828714,-0.00357781130184,-0.00356911479449,-0.00356953127118594,1.97083113549765E-4
1.5794571173697,-0.007160881104656,-0.00356801528714,-0.00358953953784,-0.00357877741249,-0.00357700007203074,2.12422004637069E-4
1.57965842467499,-0.007174658465856,-0.00357836635714,-0.00359543045584,-0.00358689840649,-0.00358446887287553,2.16944864780762E-4
1.57985978330147,-0.007196108051456,-0.00358908660114,-0.00360667138184,-0.00359787899149,-0.00359193767372032,2.41351759895119E-4
1.58006119326874,-0.007213987421856,-0.00359711486114,-0.00361445231584,-0.00360578358849,-0.00359940647456512,2.44292815843021E-4
1.58026265459646,-0.007232055839056,-0.00360778873914,-0.00362616063184,-0.00361697468549,-0.00360687527540991,2.70001104203293E-4
1.58046416730426,-0.007245777750656,-0.00361607114514,-0.00363311748584,-0.00362459431549,-0.0036143440762547,2.70899719416852E-4
1.58066573141181,-0.007265018279456,-0.00362551559914,-0.00364311749384,-0.00363431654649,-0.0036218128770995,2.86308085306971E-4
1.58086734693878,-0.007281378791056,-0.00363355569914,-0.00365143673584,-0.00364249621749,-0.00362928167794429,2.91027238434103E-4
1.58106901390483,-0.007299877897856,-0.00364234874514,-0.00366200586384,-0.00365217730449,-0.00363675047878908,3.06048145115343E-4
1.58127073232968,-0.007314199160656,-0.00364949267914,-0.00367006379584,-0.00365977823749,-0.00364421927963388,3.06737250575703E-4
1.581472502233,-0.007331695013856,-0.00365836409514,-0.00367892610384,-0.00366864509949,-0.00365168808047867,3.16090275494637E-4
1.58167432363451,-0.007349056552656,-0.00366763093514,-0.00368747097984,-0.00367755095749,-0.00365915688132346,3.25671546500378E-4
1.58187619655392,-0.007367121733456,-0.00367488371514,-0.00369496296384,-0.00368492333949,-0.00366662568216826,3.24758148961931E-4
1.58207812101098,-0.007387625098256,-0.00367935155114,-0.00370052081784,-0.00368993618449,-0.00367409448301305,3.07793236879137E-4
1.58228009702541,-0.007402964197856,-0.00368514112514,-0.00370782140984,-0.00369648126749,-0.00368156328385784,3.01301963880171E-4
1.58248212461696,-0.007423514872656,-0.00369358585914,-0.00371579863384,-0.00370469224649,-0.00368903208470264,3.06126494889418E-4
1.58268420380539,-0.007442368641456,-0.00369943049714,-0.00372113194784,-0.00371028122249,-0.00369650088554743,2.93198523206427E-4
1.58288633461047,-0.007460827937056,-0.00370490495114,-0.00372684678784,-0.00371587586949,-0.00370396968639222,2.80360964761126E-4
1.58308851705199,-0.007477169775456,-0.00371159504514,-0.00373318077184,-0.00372238790849,-0.00371143848723702,2.73754565046932E-4
1.58329075114972,-0.007496728526656,-0.00371349054114,-0.00373888706184,-0.00372618880149,-0.00371890728808181,2.48949280286756E-4
1.58349303692347,-0.007514156104256,-0.00372184062914,-0.00374744345784,-0.00373464204349,-0.0037263760889266,2.55455718680417E-4
1.58369537439305,-0.007529605769056,-0.00372587555314,-0.00375089368384,-0.00373838461849,-0.0037338448897714,2.30395804141736E-4
1.58389776357827,-0.007548917674656,-0.00373187407514,-0.00375777650784,-0.00374482529149,-0.00374131369061619,2.2346502568482E-4
1.58410020449898,-0.007573915842656,-0.00373782100314,-0.00376484488784,-0.00375133294549,-0.00374878249146098,2.17008549007761E-4
1.584302697175,-0.007595317675056,-0.00374242781514,-0.00377035215784,-0.00375638998649,-0.00375625129230578,2.00923089094896E-4
1.58450524162618,-0.007607511422656,-0.00374552611914,-0.00377929396184,-0.00376241004049,-0.00376372009315057,1.91298152970031E-4
1.58470783787239,-0.007623274838656,-0.00375402564514,-0.00378470403184,-0.00376936483849,-0.00377118889399536,1.87907954516237E-4
1.5849104859335,-0.007643045499056,-0.00376106163714,-0.00379007122984,-0.00377556643349,-0.00377865769484016,1.79547887108321E-4
1.58511318582939,-0.007660469943456,-0.00376875402714,-0.00379839255384,-0.00378357329049,-0.00378612649568495,1.83141046674891E-4
1.58531593757994,-0.007679380035056,-0.00377414840114,-0.00380697667784,-0.00379056253949,-0.00379359529652974,1.80013965627037E-4
1.58551874120507,-0.007703545733856,-0.00378200809314,-0.00381164967984,-0.00379682888649,-0.00380106409737453,1.7214457073047E-4
1.58572159672467,-0.007723986243456,-0.00378699096714,-0.00382303922784,-0.00380501509749,-0.00380853289821933,1.76908426267157E-4
1.58592450415867,-0.007741881494656,-0.00379482425914,-0.00382906971984,-0.00381194698949,-0.00381600169906412,1.73436138831414E-4
1.586127463527,-0.007759943693456,-0.00380203213914,-0.00383555749184,-0.00381879481549,-0.00382347049990891,1.69427746212337E-4
1.58633047484961,-0.007777864897856,-0.00381177706914,-0.00384082197184,-0.00382629952049,-0.00383093930075371,1.69721653754767E-4
1.58653353814644,-0.007792357063056,-0.00381689497114,-0.00384919184184,-0.00383304340649,-0.0038384081015985,1.65059114569742E-4
1.58673665343746,-0.007820829291856,-0.00382459804914,-0.00385681531984,-0.00384070668449,-0.00384587690244329,1.6639116328704E-4
1.58693982074264,-0.007840060017456,-0.00382983002514,-0.00386399336984,-0.00384691169749,-0.00385334570328809,1.58257016801026E-4
1.58714304008196,-0.007859701917856,-0.00383787345914,-0.00387354833984,-0.00385571089949,-0.00386081450413288,1.66952539176527E-4
1.58734631147541,-0.007884254203456,-0.00384669335714,-0.00388027274184,-0.00386348304949,-0.00386828330497767,1.68976836045736E-4
1.587549634943,-0.007903911160656,-0.00385540990714,-0.00388682081384,-0.00387111536049,-0.00387575210582247,1.70091319014562E-4
1.58775301050474,-0.007921663497456,-0.00386115123914,-0.00389464488384,-0.00387789806149,-0.00388322090666726,1.65731764267377E-4
1.58795643818065,-0.007945361896256,-0.00386779620114,-0.00390290766184,-0.00388535193149,-0.00389068970751205,1.6570160804813E-4
1.58815991799077,-0.007961971596656,-0.00387619967514,-0.00391146063984,-0.00389383015749,-0.00389815850835685,1.72241053964531E-4
1.58836344995515,-0.007976849262256,-0.00388433304314,-0.00391639404584,-0.00390036354449,-0.00390562730920164,1.66306534809157E-4
1.58856703409382,-0.007999404536256,-0.00389187358514,-0.00392499312184,-0.00390843335349,-0.00391309611004643,1.70210567123162E-4
1.58877067042687,-0.008023019234256,-0.00389820049314,-0.00393451927784,-0.00391635988549,-0.00392056491089123,1.73186100110567E-4
1.58897435897436,-0.008044189410256,-0.00390285187914,-0.00394087699384,-0.00392186443649,-0.00392803371173602,1.6073560145635E-4
