1.50048426150121,-0.0301385134755352,-0.028735890203485,-0.00140262327205013
1.50056553773204,-0.0295123712616458,-0.0286089416432493,-9.03429618396512E-4
1.50064681396287,-0.0288862290477565,-0.0284819930830136,-4.04235964742903E-4
1.5007280901937,-0.0284588271544539,-0.0283550445227779,-1.03782631675955E-4
1.50080936642454,-0.028092586184149,-0.0282280959625422,1.35509778393175E-4
1.50089064265537,-0.0277973444139798,-0.0281011474023065,3.03802988326714E-4
1.5009719188862,-0.0275653653448929,-0.0279741988420708,4.08833497177918E-4
1.50105319511703,-0.0270636885274162,-0.0278472502818351,7.83561754418904E-4
1.50113447134786,-0.0259093649840088,-0.0277203017215994,0.00181093673759055
1.50121574757869,-0.0248322577437022,-0.0275933531613636,0.00276109541766148
1.50129702380952,-0.0250703185055456,-0.0274664046011279,0.0023960860955823
1.50137830004035,-0.0253083792673891,-0.0273394560408922,0.00203107677350312
1.50145957627119,-0.0258104241099692,-0.0272125074806565,0.00140208337068727
1.50154085250202,-0.0263712172894878,-0.0270855589204208,7.14341630933021E-4
1.50162212873285,-0.0253272136500141,-0.0269586103601851,0.00163139671017098
1.50170340496368,-0.0231207974017796,-0.0268316617999494,0.00371086439816982
1.50178468119451,-0.0219387832975832,-0.0267047132397137,0.00476592994213048
1.50186595742534,-0.0227333249357606,-0.026577764679478,0.00384443974371735
1.50194723365617,-0.0234278505863076,-0.0264508161192422,0.00302296553293468
1.50202850988701,-0.0232441541597699,-0.0263238675590065,0.00307971339923663
1.50210978611784,-0.0230604577332322,-0.0261969189987708,0.00313646126553859
1.50219106234867,-0.0232598552478404,-0.0260699704385351,0.00281011519069467
1.5022723385795,-0.0235202841242824,-0.0259430218782994,0.002422737754017
1.50235361481033,-0.0240908747182301,-0.0258160733180637,0.00172519859983359
1.50243489104116,-0.0248496533205559,-0.025689124757828,8.39471437272091E-4
1.50251616727199,-0.0248865373753139,-0.0255621761975923,6.75638822278352E-4
1.50259744350282,-0.023753714130199,-0.0254352276373566,0.00168151350715757
1.50267871973366,-0.0228691416030239,-0.0253082790771208,0.00243913747409698
1.50275999596449,-0.0235052202041388,-0.0251813305168851,0.00167611031274636
1.50284127219532,-0.0241412988052537,-0.0250543819566494,9.13083151395742E-4
1.50292254842615,-0.0241597495424299,-0.0249274333964137,7.67683853983861E-4
1.50300382465698,-0.0241084358366993,-0.024800484836178,6.92048999478733E-4
1.50308510088781,-0.0242701971668976,-0.0246735362759423,4.03339109044741E-4
1.50316637711864,-0.0245436277983787,-0.0245465877157066,2.9599173278598E-6
1.50324765334947,-0.0247317218972049,-0.0244196391554709,-3.1208274173403E-4
1.50332892958031,-0.0247986319539875,-0.0242926905952352,-5.05941358752315E-4
1.50341020581114,-0.0248255879324008,-0.0241657420349994,-6.59845897401343E-4
1.50349148204197,-0.0246571220828397,-0.0240387934747637,-6.18328608075959E-4
1.5035727582728,-0.0244886562332786,-0.023911844914528,-5.76811318750575E-4
1.50365403450363,-0.0244160101127725,-0.0237848963542923,-6.31113758480149E-4
1.50373531073446,-0.0243510507434456,-0.0236579477940566,-6.93102949388964E-4
1.50381658696529,-0.0242807476947739,-0.0235309992338209,-7.49748460953041E-4
1.50389786319613,-0.0242079436173232,-0.0234040506735852,-8.03892943738015E-4
1.50397913942696,-0.0237850568139374,-0.0232771021133495,-5.07954700587919E-4
1.50406041565779,-0.0229094655903804,-0.0231501535531138,2.40687962733344E-4
1.50414169188862,-0.0222634748685616,-0.023023204992878,7.59730124316484E-4
1.50422296811945,-0.0225935113774728,-0.0228962564326423,3.02745055169546E-4
1.50430424435028,-0.022923547886384,-0.0227693078724066,-1.54240013977389E-4
1.50438552058111,-0.0228052064924103,-0.0226423593121709,-1.62847180239421E-4
1.50446679681194,-0.0226603931749193,-0.0225154107519352,-1.44982422984115E-4
1.50454807304278,-0.0228673505488132,-0.0223884621916995,-4.7888835711371E-4
1.50462934927361,-0.0232268549076458,-0.0222615136314638,-9.65341276181985E-4
1.50471062550444,-0.0231540074319534,-0.0221345650712281,-0.00101944236072533
1.50479190173527,-0.0225532391035405,-0.0220076165109924,-5.45622592548166E-4
1.5048731779661,-0.0220408771633587,-0.0218806679507567,-1.60209212602014E-4
1.50495445419693,-0.0218768703324068,-0.0217537193905209,-1.23150941885891E-4
1.50503573042776,-0.021712863501455,-0.0216267708302852,-8.6092671169765E-5
1.5051170066586,-0.0220291227866541,-0.0214998222700495,-5.29300516604624E-4
1.50519828288943,-0.0223685172291411,-0.0213728737098138,-9.95643519327259E-4
1.50527955912026,-0.0219249940325751,-0.0212459251495781,-6.79068882997007E-4
1.50536083535109,-0.0211540640107145,-0.0211189765893424,-3.50874213720966E-5
1.50544211158192,-0.0207626715939429,-0.0209920280291067,2.2935643516378E-4
1.50552338781275,-0.0208246791007827,-0.020865079468871,4.04003680882815E-5
1.50560466404358,-0.0208809766155163,-0.0207381309086353,-1.42845706881056E-4
1.50568594027441,-0.0209152187408931,-0.0206111823483995,-3.04036392493549E-4
1.50576721650525,-0.0209494608662699,-0.0204842337881638,-4.65227078106038E-4
1.50584849273608,-0.0210668379172309,-0.0203572852279281,-7.0955268930277E-4
1.50592976896691,-0.0211881236877173,-0.0202303366676924,-9.57787020024886E-4
1.50601104519774,-0.0214608522740763,-0.0201033881074567,-0.0013574641666196
1.50609232142857,-0.0217972584225536,-0.019976439547221,-0.00182081887533261
1.5061735976594,-0.0216985886333033,-0.0198494909869853,-0.00184909764631801
1.50625487389023,-0.021073161374266,-0.0197225424267496,-0.00135061894751648
1.50633615012106,-0.0206188058887378,-0.0195955938665139,-0.00102321202222396
1.5064174263519,-0.0208481301796474,-0.0194686453062781,-0.00137948487336928
1.50649870258273,-0.021077454470557,-0.0193416967460424,-0.00173575772451459
1.50657997881356,-0.0214560538940759,-0.0192147481858067,-0.0022413057082692
1.50666125504439,-0.0218429417152858,-0.0190741278016869,-0.00276881391359884
1.50674253127522,-0.0217369740367145,-0.0189389461540886,-0.0027980278826259
1.50682380750605,-0.0214138009434665,-0.0188092032430117,-0.00260459770045477
1.50690508373688,-0.0212127283646199,-0.0186801051223648,-0.00253262324225512
1.50698635996772,-0.0211668913839805,-0.0185501170265762,-0.00261677435740433
1.50706763619855,-0.0211220699526807,-0.0184209096102013,-0.00270116034247946
1.50714891242938,-0.021081696660196,-0.0182943626539674,-0.00278733400622862
1.50723018866021,-0.0210413233677113,-0.018172977730513,-0.00286834563719836
1.50731146489104,-0.0207604893059546,-0.018063783734044,-0.00269670557191059
1.50739274112187,-0.0204618156821134,-0.0179662692983149,-0.00249554638379848
1.5074740173527,-0.0200065185417232,-0.0178651351170284,-0.00214138342469477
1.50755529358353,-0.0194759641877872,-0.0177599259009025,-0.00171603828688477
1.50763656981437,-0.0193946489916065,-0.01765089244497,-0.00174375654663648
1.5077178460452,-0.019935206910431,-0.0175386703726933,-0.00239653653773777
1.50779912227603,-0.0203530764192661,-0.0174348060884915,-0.00291827033077455
1.50788039850686,-0.0201401582752639,-0.017348457010298,-0.00279170126496591
1.50796167473769,-0.0199272401312618,-0.0172732085688795,-0.00265403156238231
1.50804295096852,-0.0197335383639427,-0.0171989325320366,-0.00253460583190618
1.50812422719935,-0.0195418374461715,-0.0171262912573031,-0.00241554618886845
1.50820550343019,-0.0195200334222058,-0.0170600831309906,-0.00245995029121524
1.50828677966102,-0.019590513130663,-0.0170001070848399,-0.00259040604582303
1.50836805589185,-0.0193245433251494,-0.0169445736208462,-0.00237996970430321
1.50844933212268,-0.0185318514905614,-0.0168936694105366,-0.0016381820800248
1.50853060835351,-0.0178435070067731,-0.0168469385437369,-9.96568463036127E-4
1.50861188458434,-0.0178473511819261,-0.0168072137747082,-0.00104013740721784
1.50869316081517,-0.0178511953570791,-0.0167792217430886,-0.0010719736139905
1.508774437046,-0.0178995527838729,-0.016756925433285,-0.00114262735058787
1.50885571327684,-0.0179544635903415,-0.0167386808008078,-0.0012157827895337
1.50893698950767,-0.01789996924879,-0.0167190194800239,-0.00118094976876611
1.5090182657385,-0.0177760516736238,-0.0166996804546746,-0.00107637121894918
1.50909954196933,-0.0178487278852689,-0.0166829642639918,-0.00116576362127708
1.50918081820016,-0.0182843380070253,-0.0166671193137717,-0.00161721869325357
1.50926209443099,-0.0185864249067827,-0.0166498602607839,-0.00193656464599884
1.50934337066182,-0.0175445883980517,-0.0166261115545095,-9.18476843542165E-4
1.50942464689265,-0.0165027518893207,-0.0165964383375491,9.36864482283944E-5
1.50950592312349,-0.0157892125935849,-0.0165600681828875,7.70855589302601E-4
1.50958719935432,-0.0151434678801797,-0.0165170669889561,0.00137359910877648
1.50966847558515,-0.0146558291047962,-0.0164704772226876,0.00181464811789139
1.50974975181598,-0.0142890502827167,-0.0164214279810322,0.00213237769831554
1.50983102804681,-0.0141563191604088,-0.0163673992004357,0.00221108004002684
1.50991230427764,-0.0145591249440235,-0.0163044534209892,0.00174532847696575
1.50999358050847,-0.0149026583218907,-0.0162324929010755,0.00132983457918482
1.51007485673931,-0.0138575239059871,-0.016148719747689,0.00229119584170191
1.51015613297014,-0.0128123894900835,-0.0160554523894783,0.0032430628993948
1.51023740920097,-0.0124979341103098,-0.0159554101318732,0.00345747602156339
1.5103186854318,-0.0123929453413845,-0.0158469859160375,0.00345404057465299
1.51039996166263,-0.012282243758321,-0.0157238831988159,0.00344163944049497
1.51048123789346,-0.0121661169020606,-0.0155862827630711,0.00342016586101053
1.51056251412429,-0.0120145840149284,-0.0154379038982619,0.0034233198833335
1.51064379035512,-0.011755729105668,-0.0152819721641096,0.00352624305844158
1.51072506658596,-0.0114968741964076,-0.0151161579533864,0.0036192837569788
1.51080634281679,-0.011144345898848,-0.014941392498195,0.00379704659934701
1.51088761904762,-0.0107901658664123,-0.0147607226483929,0.00397055678198062
1.51096889527845,-0.00998161275135724,-0.0145808099420159,0.00459919719065863
1.51105017150928,-0.00899347671727265,-0.0144029333699786,0.00540945665270597
1.51113144774011,-0.00867441197870562,-0.0142239393326572,0.00554952735395159
1.51121272397094,-0.00917234843483025,-0.0140422167397747,0.00486986830494441
1.51129400020178,-0.00959772013115574,-0.0138550230806601,0.00425730294950436
1.51137527643261,-0.00969950999821241,-0.0136691833652909,0.00396967336707849
1.51145655266344,-0.00980129986526908,-0.0134898824786939,0.0036885826134248
1.51153782889427,-0.00880483460805068,-0.0133163994897139,0.00451156488166325
1.5116191051251,-0.00770709582496366,-0.0131453729547454,0.00543827712978171
1.51170038135593,-0.0074185799060484,-0.0129755039563986,0.00555692405035022
1.51178165758676,-0.00757077065707878,-0.0128086280433546,0.00523785738627579
1.51186293381759,-0.0077724362267508,-0.012645065665797,0.00487262943904622
1.51194421004843,-0.008055269428783,-0.0124855165993381,0.00443024717055515
1.51202548627926,-0.00824267491516079,-0.0123294302815569,0.00408675536639608
1.51210676251009,-0.00765354166143328,-0.0121753810406488,0.00452183937921549
1.51218803874092,-0.00706440840770578,-0.0120222306171167,0.00495782220941096
1.51226931497175,-0.00742711967153933,-0.0118689608252966,0.00444184115375722
1.51235059120258,-0.00797164536778888,-0.0117180929928145,0.00374644762502564
1.51243186743341,-0.00829482193106137,-0.011572703265411,0.00327788133434962
1.51251314366424,-0.00845050386633315,-0.0114308397747585,0.00298033590842537
1.51259441989508,-0.00860437700259582,-0.0112880561721011,0.0026836791695053
1.51267569612591,-0.00875399572155044,-0.0111460568754398,0.00239206115388941
1.51275697235674,-0.0089048354734476,-0.0110038533077375,0.00209901783428995
1.51283824858757,-0.00909994247429548,-0.0108568785442091,0.00175693606991358
1.5129195248184,-0.00929504947514336,-0.01070693754727,0.00141188807212662
1.51300080104923,-0.00896501093677865,-0.0105566701939077,0.00159165925712903
1.51308207728006,-0.00846438372006384,-0.0104066490186285,0.00194226529856466
1.5131633535109,-0.00828702454137038,-0.0102563369188608,0.00196931237749038
1.51324462974173,-0.00845677495357892,-0.0101080546132905,0.00165127965971162
1.51332590597256,-0.00873456508579443,-0.00996177264404487,0.00122720755825044
1.51340718220339,-0.00942107151719775,-0.00981542447145872,3.94352954260973E-4
1.51348845843422,-0.0101075779486011,-0.00967032772330634,-4.37250225294721E-4
1.51356973466505,-0.00979905713128671,-0.00952591592495872,-2.73141206327994E-4
1.51365101089588,-0.00942178763237709,-0.00938275152127946,-3.90361110976373E-5
1.51373228712671,-0.00934637226416356,-0.00924306289116465,-1.03309372998911E-4
1.51381356335755,-0.00942568437570086,-0.00910795441072744,-3.17729964973425E-4
1.51389483958838,-0.0096437067355507,-0.00897328604483477,-6.70420690715929E-4
1.51397611581921,-0.0100820865945641,-0.00883510639165523,-0.00124698020290888
1.51405739205004,-0.0105762686433891,-0.00869759285286323,-0.00187867579052591
1.51413866828087,-0.0115176433724712,-0.00856356374065127,-0.00295407963181998
1.5142199445117,-0.0124590181015534,-0.00843403899363636,-0.00402497910791699
1.51430122074253,-0.0132467270865827,-0.00830911723727302,-0.00493760984930965
1.51438249697337,-0.0140040747644856,-0.00818783017627211,-0.00581624458821344
1.5144637732042,-0.0148743021847835,-0.00806949339185779,-0.00680480879292572
1.51454504943503,-0.0158337483675368,-0.00795580463083404,-0.00787794373670274
1.51462632566586,-0.0170345138314784,-0.00785025211855897,-0.00918426171291942
1.51470760189669,-0.0188512131972229,-0.00775226364446103,-0.0110989495527619
1.51478887812752,-0.0206597406007451,-0.00765728023415408,-0.013002460366591
1.51487015435835,-0.0203869713498581,-0.0075651247537406,-0.0128218465961175
1.51495143058918,-0.020114202098971,-0.00747534519783008,-0.0126388569011409
1.51503270682002,-0.0205363607657644,-0.00738748287920439,-0.01314887788656
1.51511398305085,-0.0212211059775153,-0.00730089640713827,-0.013920209570377
1.51519525928168,-0.0216356047493181,-0.00721604553814573,-0.0144195592111723
1.51527653551251,-0.0217158483534677,-0.00713347619530767,-0.01458237215816
1.51535781174334,-0.0216640801657346,-0.00705091130623328,-0.0146131688595013
1.51543908797417,-0.0209575731509568,-0.00696719151289329,-0.0139903816380636
1.515520364205,-0.0202510661361791,-0.0068900583295666,-0.0133610078066125
1.51560164043583,-0.0193067386000798,-0.00681954663019931,-0.0124871919698805
1.51568291666667,-0.0183324076487713,-0.00675355000286737,-0.0115788576459039
1.5157641928975,-0.0176220673762916,-0.006691589049954,-0.0109304783263376
1.51584546912833,-0.0170822207433126,-0.00663190420697006,-0.0104503165363426
1.51592674535916,-0.016257664242696,-0.0065736950768738,-0.00968396916582218
1.51600802158999,-0.0148462380470326,-0.00651574483560295,-0.00833049321142966
1.51608929782082,-0.0134147091878044,-0.0064546230294063,-0.00696008615839808
1.51617057405165,-0.0115581974559633,-0.00639121228045233,-0.00516698517551096
1.51625185028249,-0.0097016857241222,-0.00633532910189785,-0.00336635662222436
1.51633312651332,-0.00780308469199823,-0.0062866985260678,-0.00151638616593043
1.51641440274415,-0.00589141827737533,-0.00623880483250136,3.47386555126029E-4
1.51649567897498,-0.00400500107701751,-0.00619026082510018,0.00218525974808267
1.51657695520581,-0.00214588208891899,-0.00614011525298879,0.0039942331640698
1.51665823143664,-3.99997906219108E-4,-0.00608821526653295,0.00568821736031384
1.51673950766747,8.8529868208569E-4,-0.00603503206165987,0.00692033074374556
1.5168207838983,0.00217059527039049,-0.00598147965284831,0.0081520749232388
1.51690206012914,0.00316272882625177,-0.0059281388147603,0.00909086764101207
1.51698333635997,0.00412713988816355,-0.00587751293552885,0.0100046528236924
1.5170646125908,0.00461357955939047,-0.00582961295379553,0.010443192513186
1.51714588882163,0.00481848521426489,-0.00578751359950028,0.0106059988137652
1.51722716505246,0.00515122930312582,-0.00575240888670442,0.0109036381898302
1.51730844128329,0.00572724802381158,-0.00571931898803521,0.0114465670118468
1.51738971751412,0.00623711973964199,-0.00568251017769069,0.0119196299173327
1.51747099374496,0.00569327979160859,-0.00564255476078343,0.011335834552392
1.51755226997579,0.00514943984357519,-0.00560178580113917,0.0107512256447144
1.51763354620662,0.00504186732525845,-0.00556027341399527,0.0106021407392537
1.51771482243745,0.00506233518630857,-0.00552857247146099,0.0105909076577696
1.51779609866828,0.00482553964957711,-0.00550735365913809,0.0103328933087152
1.51787737489911,0.00431728625413655,-0.0054890054140423,0.00980629166817884
1.51795865112994,0.00378270027029623,-0.00546971483923856,0.00925241510953479
1.51803992736077,0.003142448169019,-0.00544889314465685,0.00859134131367586
1.51812120359161,0.00250219606774178,-0.00542562718897322,0.007927823256715
1.51820247982244,0.00207331168940591,-0.00540039426293777,0.00747370595234368
1.51828375605327,0.00166486167926133,-0.00537700246022583,0.00704186413948716
1.5183650322841,0.0013464801422938,-0.0053554517808374,0.0067019319231312
1.51844630851493,0.00108245407148525,-0.00533037972663871,0.00641283379812396
1.51852758474576,8.80687463666452E-4,-0.00530082186250787,0.00618150932617432
1.51860886097659,8.02581199786082E-4,-0.00526731366944346,0.00606989486922955
1.51869013720742,7.12193821618803E-4,-0.00522999468919257,0.00594218851081138
1.51877141343826,3.64439325295019E-4,-0.00518913221473632,0.00555357154003134
1.51885268966909,1.66848289712307E-5,-0.00514590418587947,0.0051625890148507
1.51893396589992,3.50247577515783E-4,-0.00510030251631115,0.00545055009382693
1.51901524213075,9.04116501086478E-4,-0.00505202075136414,0.00595613725245062
1.51909651836158,0.00127656941424137,-0.00500105696032553,0.00627762637456691
1.51917779459241,0.00144046910253512,-0.00495002732131495,0.00639049642385007
1.51925907082324,0.00153023568094813,-0.00489939575643496,0.00642963143738308
1.51934034705408,0.00126855818842371,-0.0048475088612777,0.0061160670497014
1.51942162328491,0.00100688069589929,-0.0047934962197205,0.00580037691561979
1.51950289951574,0.00105725069279819,-0.0047366423369289,0.00579389302972708
1.51958417574657,0.00114911966505444,-0.00467608616671418,0.00582520583176862
1.5196654519774,0.00134436586837714,-0.00461193676214222,0.00595630263051936
1.51974672820823,0.00161130641384578,-0.00455030425772984,0.00616161067157562
1.51982800443906,0.00161701895954825,-0.00449136646420492,0.00610838542375316
1.51990928066989,0.00100673155441287,-0.00443220964314666,0.00543894119755953
1.51999055690073,3.99716339361026E-4,-0.0043698835601054,0.00476959989946643
1.52007183313156,5.12051210844993E-4,-0.00430349120727206,0.00481554241811705
1.52015310936239,6.24386082328961E-4,-0.00423368715174586,0.00485807323407482
1.52023438559322,3.11155812743773E-4,-0.00416010184260089,0.00447125765534466
1.52031566182405,-1.75301564691964E-4,-0.00407990377440471,0.00390460220971275
1.52039693805488,-6.78652235307713E-4,-0.00399314931235348,0.00331449707704577
1.52047821428571,-0.00120568721106816,-0.00390116419167722,0.00269547698060906
1.52055949051655,-0.00172165868410025,-0.00380464256859368,0.00208298388449343
1.52064076674738,-0.00215754041056329,-0.0037031103373359,0.00154556992677262
1.52072204297821,-0.00259342213702632,-0.00359956011940138,0.00100613798237505
1.52080331920904,-0.00304724741798403,-0.00349239377385508,4.45146355871056E-4
1.52088459543987,-0.00350485622557584,-0.00337587571471337,-1.28980510862471E-4
1.5209658716707,-0.00393571781464333,-0.00324952738538521,-6.86190429258114E-4
1.52104714790153,-0.00434283984138333,-0.00312857682815502,-0.00121426301322831
1.52112842413236,-0.00468725347786252,-0.00301484853356842,-0.00167240494429411
1.5212097003632,-0.00482541196680649,-0.00290336164850986,-0.00192205031829663
1.52129097659403,-0.00496357045575046,-0.00278976343608982,-0.00217380701966063
1.52137225282486,-0.00538075711672222,-0.00267584360783114,-0.00270491350889109
1.52145352905569,-0.00581703975679118,-0.00256472870843136,-0.00325231104835982
1.52153480528652,-0.00594473611244468,-0.00245750626882518,-0.0034872298436195
1.52161608151735,-0.00589747771572235,-0.00235833489764957,-0.00353914281807279
1.52169735774818,-0.00585548528485883,-0.00226703296701075,-0.00358845231784809
1.52177863397901,-0.00582372186646167,-0.0021856215791652,-0.00363810028729647
1.52185991020985,-0.00578736399026119,-0.00211637297080113,-0.00367099101946006
1.52194118644068,-0.00564341781422121,-0.00205753885927726,-0.00358587895494395
1.52202246267151,-0.00549947163818123,-0.00200588251643705,-0.00349358912174419
1.52210373890234,-0.00540583272851117,-0.00196294468619053,-0.00344288804232064
1.52218501513317,-0.00532973220832884,-0.00193086786098669,-0.00339886434734215
1.522266291364,-0.00532763522984147,-0.00190830672256572,-0.00341932850727575
1.52234756759483,-0.00541916394425996,-0.00189881183934532,-0.00352035210491463
1.52242884382567,-0.00546917253974697,-0.00190495649645617,-0.0035642160432908
1.5225101200565,-0.0052659863817769,-0.00192701943098621,-0.00333896695079069
1.52259139628733,-0.00506280022380683,-0.00196216331449619,-0.00310063690931064
1.52267267251816,-0.0047102623695002,-0.0020099071326002,-0.0027003552369
1.52275394874899,-0.00432921894722879,-0.00207095119163636,-0.00225826775559243
1.52283522497982,-0.00398392007909397,-0.00214517541065925,-0.00183874466843473
1.52291650121065,-0.00366931537512329,-0.00222863493798684,-0.00144068043713645
1.52299777744148,-0.00344240764511712,-0.00231881836995012,-0.001123589275167
1.52307905367232,-0.00349983813489907,-0.00241378422951304,-0.00108605390538603
1.52316032990315,-0.00355726862468102,-0.00251222118384229,-0.00104504744083873
1.52324160613398,-0.00362461025277512,-0.0026108938943583,-0.00101371635841683
1.52332288236481,-0.00369266508509728,-0.00270887109244295,-9.8379399265433E-4
1.52340415859564,-0.00367783727965549,-0.00280757149231295,-8.70265787342544E-4
1.52348543482647,-0.00361421807280728,-0.00290749855536559,-7.06719517441684E-4
1.5235667110573,-0.00356445217815965,-0.00300560153586061,-5.58850642299036E-4
1.52364798728814,-0.00354339709192817,-0.00309490221085851,-4.48494881069654E-4
1.52372926351897,-0.00353292940654088,-0.00317840286247351,-3.54526544067362E-4
1.5238105397498,-0.00401799228537347,-0.00325906986598676,-7.58922419386712E-4
1.52389181598063,-0.00450305516420607,-0.00333744394858132,-0.00116561121562474
1.52397309221146,-0.00464799489658409,-0.00341165709204078,-0.00123633780454331
1.52405436844229,-0.00465789386171393,-0.0034785825567869,-0.00117931130492703
1.52413564467312,-0.00462836034491354,-0.00353531860457542,-0.00109304174033811
1.52421692090395,-0.00454211012055455,-0.00358117359060588,-9.60936529948668E-4
1.52429819713479,-0.00443250308380762,-0.00361874141682418,-8.13761666983436E-4
1.52437947336562,-0.00412137945193035,-0.00364942186947497,-4.71957582455377E-4
1.52446074959645,-0.00381025582005308,-0.00367077753616327,-1.39478283889814E-4
1.52454202582728,-0.00364123948753703,-0.00368218326015178,4.09437726147511E-5
1.52462330205811,-0.00350840788403208,-0.00368504865751367,1.76640773481595E-4
1.52470457828894,-0.00323508477833568,-0.00368171511959501,4.46630341259329E-4
1.52478585451977,-0.00281533784844858,-0.00367300209498328,8.57664246534696E-4
1.52486713075061,-0.00243414335970176,-0.0036588470940918,0.00122470373439004
1.52494840698144,-0.00222656336416621,-0.00363754569891953,0.00141098233475332
1.52502968321227,-0.00201898336863065,-0.0036080421700662,0.00158905880143555
1.5251109594431,-0.00180939596729743,-0.00357439465824381,0.00176499869094638
1.52519223567393,-0.00159951702831363,-0.0035374331972997,0.00193791616898607
1.52527351190476,-0.0012595354461813,-0.00349489438718571,0.0022353589410044
1.52535478813559,-8.19017423184411E-4,-0.00344550221808797,0.00262648479490356
1.52543606436642,-4.5210337262359E-4,-0.00339105019176019,0.0029389468191366
1.52551734059726,-3.00866078442782E-4,-0.00332921086402398,0.0030283447855812
1.52559861682809,-1.49628784261974E-4,-0.00326236032371551,0.00311273153945354
1.52567989305892,-2.77089814775846E-4,-0.00319351006547235,0.00291642025069651
1.52576116928975,-4.21017858235604E-4,-0.0031226790923556,0.00270166123412
1.52584244552058,-4.9254896501618E-4,-0.0030501456977042,0.00255759673268802
1.52592372175141,-5.22180810114138E-4,-0.00297638429165628,0.00245420348154214
1.52600499798224,-4.13692284366783E-4,-0.0028996584483009,0.00248596616393411
1.52608627421307,-1.44458364713596E-5,-0.00281588869776496,0.0028014428612936
1.52616755044391,3.81538542284089E-4,-0.00272922978309516,0.00311076832537925
1.52624882667474,4.58325789892439E-4,-0.00264600227110595,0.00310432806099839
1.52633010290557,5.35113037500786E-4,-0.0025671220848069,0.00310223512230768
1.5264113791364,5.92264925152442E-4,-0.00249117042967996,0.0030834353548324
1.52649265536723,6.40905668181825E-4,-0.00241695423785961,0.00305785990604144
1.52657393159806,6.43026135532554E-4,-0.0023436925723195,0.00298671870785205
1.52665520782889,5.70690321129384E-4,-0.00227122858335667,0.00284191890448605
1.52673648405973,4.57064735141124E-4,-0.00220285798542789,0.00265992272056902
1.52681776029056,-1.97665459423392E-4,-0.00214028996885114,0.00194262450942775
1.52689903652139,-8.5239565398791E-4,-0.0020823764278251,0.00122998077383719
1.52698031275222,-0.00125698626682421,-0.0020272735018965,7.70287235072289E-4
1.52706158898305,-0.00158114287219383,-0.00197521481719634,3.94071945002508E-4
1.52714286521388,-0.0021234372080991,-0.00193001136106179,-1.93425847037316E-4
1.52722414144471,-0.00294122961639342,-0.00189182034913739,-0.00104940926725603
1.52730541767554,-0.0037018411219226,-0.00185937814735178,-0.00184246297457082
1.52738669390638,-0.00406777590208963,-0.00183343829563662,-0.00223433760645301
1.52746797013721,-0.00443371068225666,-0.00181343959993421,-0.00262027108232245
1.52754924636804,-0.00493749854410108,-0.00179668689068076,-0.00314081165342032
1.52763052259887,-0.00547349178520147,-0.00178300549404273,-0.00369048629115873
1.5277117988297,-0.00598269610343896,-0.00177372871689473,-0.00420896738654423
1.52779307506053,-0.00646447460971717,-0.00177001519998097,-0.00469445940973619
1.52787435129136,-0.00701361903540334,-0.00176959923137814,-0.00524401980402519
1.5279556275222,-0.00787586778579566,-0.0017715800053091,-0.00610428778048656
1.52803690375303,-0.00873811653618798,-0.00177619184146364,-0.00696192469472435
1.52811817998386,-0.00928211297443992,-0.00178446339338451,-0.00749764958105541
1.52819945621469,-0.00977405187547195,-0.00179627217629355,-0.0079777796991784
1.52828073244552,-0.0100026374412532,-0.00180919896060658,-0.00819343848064661
1.52836200867635,-0.0100079772862374,-0.00182312759804885,-0.00818484968818859
1.52844328490718,-0.0101244700896835,-0.00183578195957821,-0.0082886881301053
1.52852456113801,-0.0106295289478595,-0.00184584145966825,-0.00878368748819122
1.52860583736885,-0.0111345878060354,-0.00185385247276127,-0.00928073533327415
1.52868711359968,-0.0111981446873821,-0.00186193366715401,-0.00933621102022814
1.52876838983051,-0.0112143176107235,-0.00187009176718574,-0.00934422584353776
1.52884966606134,-0.0113635350033785,-0.00187946865520088,-0.0094840663481776
1.52893094229217,-0.0116078549786748,-0.00189025310979524,-0.00971760186887959
1.529012218523,-0.0117170899443804,-0.00190224433586842,-0.00981484560851203
1.52909349475383,-0.011447102956065,-0.00191525422130438,-0.00953184873476066
1.52917477098466,-0.0111771159677496,-0.00192944822969472,-0.00924766773805492
1.5292560472155,-0.0107368402155537,-0.00194424877423013,-0.00879259144132354
1.52933732344633,-0.0102859997285258,-0.0019595839261051,-0.00832641580242073
1.52941859967716,-0.00997607169651831,-0.00197241646086597,-0.00800365523565235
1.52949987590799,-0.00975253107724329,-0.00198274165530593,-0.00776978942193736
1.52958115213882,-0.00936173849713809,-0.00199189615615579,-0.00736984234098229
1.52966242836965,-0.00857643031510608,-0.00200056876000694,-0.00657586155509914
1.52974370460048,-0.00779112213307407,-0.00200795096311966,-0.00578317116995441
1.52982498083132,-0.00745915855029012,-0.00201247189011165,-0.00544668666017846
1.52990625706215,-0.00713885020524194,-0.00201406142574555,-0.0051247887794964
1.52998753329298,-0.00677215128547039,-0.00201173471078284,-0.00476041657468755
1.53006880952381,-0.00638064501280046,-0.00200549198610224,-0.00437515302669822
1.53015008575464,-0.0057884589225281,-0.00199804040284215,-0.00379041851968594
1.53023136198547,-0.00478444294577048,-0.00199051113155519,-0.0027939318142153
1.5303126382163,-0.00378165472157986,-0.00198223270904889,-0.00179942201253097
1.53039391444713,-0.00317054569122164,-0.00197154799528982,-0.00119899769593182
1.53047519067797,-0.00255943666086341,-0.00195861167115471,-6.00824989708705E-4
1.5305564669088,-0.00155984399067132,-0.00194674536648418,3.86901375812859E-4
1.53063774313963,-3.75784179971433E-4,-0.00193600857080306,0.00156022439083162
1.53071901937046,6.49779069839449E-4,-0.00192426949010931,0.00257404855994876
1.53080029560129,0.00138405168938499,-0.00191057949636311,0.0032946311857481
1.53088157183212,0.00211824791615647,-0.00189612558183982,0.00401437349799628
1.53096284806295,0.00284959895623234,-0.00188253056613331,0.00473212952236565
1.53104412429379,0.00358094999630822,-0.00186953913506384,0.00545048913137206
1.53112540052462,0.00447171768582414,-0.0018578457527326,0.00632956343855675
1.53120667675545,0.0054310218626962,-0.00184757496676464,0.00727859682946084
1.53128795298628,0.00648529710364761,-0.00183662214328471,0.00832191924693232
1.53136922921711,0.00769992974145417,-0.00182352256055289,0.00952345230200706
1.53145050544794,0.00889868663629348,-0.00180899921910961,0.0107076858554031
1.53153178167877,0.00975249165644247,-0.00179328932490022,0.0115457809813427
1.5316130579096,0.0106062966765915,-0.00177590543439863,0.0123822021109901
1.53169433414044,0.0111013122824777,-0.00175819426639231,0.01285950654887
1.53177561037127,0.0114536396875157,-0.00174047340701667,0.0131941130945324
1.5318568866021,0.011844596605684,-0.00172003421472675,0.0135646308204107
1.53193816283293,0.0122969084607377,-0.00169606063098227,0.01399296909172
1.53201943906376,0.0127492787270826,-0.00166973522799057,0.0144190139550731
1.53210071529459,0.013202621306211,-0.00164412278343618,0.0148467440896472
1.53218199152542,0.0136559638853395,-0.00162013800176177,0.0152761018871012
1.53226326775625,0.0134852124545002,-0.0015957899782755,0.0150810024327757
1.53234454398709,0.0130794055212156,-0.0015703802184511,0.0146497857396667
1.53242582021792,0.0125352942134867,-0.00154479667740673,0.0140800908908934
1.53250709644875,0.0117798557369115,-0.00152200246802247,0.013301858204934
1.53258837267958,0.0110313434001801,-0.00150125616653189,0.012532599566712
1.53266964891041,0.0103838592612496,-0.00147912391609037,0.01186298317734
1.53275092514124,0.00973637512231912,-0.00145529763540204,0.0111916727577212
1.53283220137207,0.0086023016031446,-0.00143119979549683,0.0100335013986414
1.53291347760291,0.00729023009252703,-0.00140702774144384,0.00869725783397087
1.53299475383374,0.00615152255790507,-0.00137940009583774,0.00753092265374281
1.53307603006457,0.00527329439723495,-0.00134856229891188,0.00662185669614683
1.5331573062954,0.00435600516414808,-0.0013161018355471,0.00567210699969517
1.53323858252623,0.00289000406167412,-0.00128192873264915,0.00417193279432327
1.53331985875706,0.00142400295920017,-0.00124459836948601,0.00266860132868618
1.53340113498789,2.11518991765236E-4,-0.00120369005837773,0.00141520905014297
1.53348241121872,-9.08494357817687E-4,-0.00116005656928514,2.51562211467451E-4
1.53356368744956,-0.0019437674046859,-0.00111547712639866,-8.28290278287234E-4
1.53364496368039,-0.00285109801945144,-0.00106867164716437,-0.00178242637228708
1.53372623991122,-0.00375114886444905,-0.00101876001565513,-0.00273238884879392
1.53380751614205,-0.00454394276309691,-9.66293258575389E-4,-0.00357764950452152
1.53388879237288,-0.00533673666174476,-9.11448786010328E-4,-0.00442528787573443
1.53397006860371,-0.00579267402583158,-8.56894385966562E-4,-0.00493577963986501
1.53405134483454,-0.00612281873003665,-8.03316061757865E-4,-0.00531950266827878
1.53413262106538,-0.0064837512495955,-7.47065110671188E-4,-0.00573668613892431
1.53421389729621,-0.00689242215427337,-6.84978794786011E-4,-0.00620744335948736
1.53429517352704,-0.00728259785744624,-6.19164745308561E-4,-0.00666343311213768
1.53437644975787,-0.00735777715977876,-5.5283236961022E-4,-0.00680494479016854
1.5344577259887,-0.00743295646211128,-4.87792486277116E-4,-0.00694516397583416
1.53453900221953,-0.00723844382077471,-4.25725776109897E-4,-0.00681271804466481
1.53462027845036,-0.00693814845785532,-3.66019336350846E-4,-0.00657212912150447
1.53470155468119,-0.00667883551679344,-3.05875763349047E-4,-0.00637295975344439
1.53478283091203,-0.00648624673508129,-2.44673458177326E-4,-0.00624157327690396
1.53486410714286,-0.00629467332859772,-1.8533627498687E-4,-0.00610933705361085
1.53494538337369,-0.00612617245978709,-1.2814207603397E-4,-0.00599803038375312
1.53502665960452,-0.00595767159097646,-7.22061313379865E-5,-0.00588546545963847
1.53510793583535,-0.00579459521614382,-1.63696204223293E-5,-0.00577822559572149
1.53518921206618,-0.00563380807595374,3.8904910030008E-5,-0.00567271298598375
1.53527048829701,-0.00558570291205863,9.11286784455751E-5,-0.0056768315905042
1.53535176452784,-0.00573472035974633,1.40396718110419E-4,-0.00587511707785675
1.53543304075868,-0.00587287655780058,1.85581288866389E-4,-0.00605845784666697
1.53551431698951,-0.00556232300166631,2.27336264073337E-4,-0.00578965926573965
1.53559559322034,-0.00525176944553204,2.6673940709127E-4,-0.00551850885262331
1.53567686945117,-0.00506016690798452,3.03632640016045E-4,-0.00536379954800056
1.535758145682,-0.00492378125433037,3.36098661681699E-4,-0.00525987991601207
1.53583942191283,-0.00467916484818016,3.61769696760495E-4,-0.00504093454494066
1.53592069814366,-0.00422605706771947,3.82544193503904E-4,-0.00460860126122338
1.5360019743745,-0.00377294928725878,4.01424434026154E-4,-0.00417437372128493
1.53608325060533,-0.00366665832600459,4.19932448069614E-4,-0.0040865907740742
1.53616452683616,-0.00356040373743597,4.38233032306105E-4,-0.00399863676974208
1.53624580306699,-0.00352280582431064,4.55161470696782E-4,-0.00397796729500742
1.53632707929782,-0.00352097389738173,4.67841336691352E-4,-0.00398881523407308
1.53640835552865,-0.00337831854646253,4.73618485689082E-4,-0.00385193703215161
1.53648963175948,-0.00292871834293462,4.74791581723632E-4,-0.00340350992465825
1.53657090799031,-0.0024791181394067,4.73954526740913E-4,-0.00295307266614761
1.53665218422115,-0.00232956744668002,4.71171603907827E-4,-0.00280073905058785
1.53673346045198,-0.00218899967220402,4.63901922772909E-4,-0.00265290159497693
1.53681473668281,-0.00186863830278169,4.50945332674425E-4,-0.00231958363545612
1.53689601291364,-0.00144121882835453,4.33400247443082E-4,-0.00187461907579762
1.53697728914447,-0.00105254368531921,4.13195744100505E-4,-0.00146573942941972
1.5370585653753,-7.62490476765658E-4,3.89877043204498E-4,-0.00115236751997016
1.53713984160613,-4.72437268212102E-4,3.63435151718794E-4,-8.35872419930896E-4
1.53722111783697,-4.60862632149407E-4,3.3401921361468E-4,-7.94881845764086E-4
1.5373023940678,-4.68094687467875E-4,3.00682225947119E-4,-7.68776913414994E-4
1.53738367029863,-1.55519621828676E-4,2.62996099010654E-4,-4.1851572083933E-4
1.53746494652946,3.78519964191419E-4,2.2042678439827E-4,1.58093179793148E-4
1.53754622276029,9.33489111753381E-4,1.71912312594371E-4,7.61576799159009E-4
1.53762749899112,0.00155317660243466,1.16107648016749E-4,0.00143706895441791
1.53770877522195,0.00217286409311594,5.50383134594511E-5,0.00211782577965649
1.53779005145278,0.00237352029051186,-1.08362606822204E-5,0.00238435655119408
1.53787132768362,0.00252622098145879,-7.86476136453347E-5,0.00260486859510413
1.53795260391445,0.00280922822100323,-1.47350189660478E-4,0.00295657841066371
1.53803388014528,0.00319899328718058,-2.16435401445235E-4,0.00341542868862581
1.53811515637611,0.00348258688672995,-2.86309573084938E-4,0.00376889645981489
1.53819643260694,0.0033452983175996,-3.5793795214143E-4,0.00370323626974103
1.53827770883777,0.00320800974846925,-4.3164977454521E-4,0.00363965952301446
1.5383589850686,0.00366210570995471,-5.07867851613085E-4,0.0041699735615678
1.53844026129943,0.00421841227576854,-5.83143889588482E-4,0.00480155616535703
1.53852153753027,0.00432144048759207,-6.55890779097697E-4,0.00497733126668977
1.5386028137611,0.00397703865452426,-7.2297986682854E-4,0.0047000185213528
1.53868408999193,0.00372495645023019,-7.83011635106534E-4,0.00450796808533672
1.53876536622276,0.00398287548485062,-8.38086847630859E-4,0.00482096233248148
1.53884664245359,0.00424079451947106,-8.90006447336461E-4,0.00513080096680752
1.53892791868442,0.00420946414681594,-9.39085888567552E-4,0.00514855003538349
1.53900919491525,0.004107044897142,-9.82932406918018E-4,0.00508997730406001
1.53909047114609,0.00397410902709858,-0.00102036720774254,0.00499447623484112
1.53917174737692,0.00380411168181722,-0.00105077312384078,0.004854884805658
1.53925302360775,0.00364454370125782,-0.00107569103477653,0.00472023473603435
1.53933429983858,0.00357899566539626,-0.00109490130364915,0.00467389696904542
1.53941557606941,0.00351344762953471,-0.00110480401275667,0.00461825164229137
1.53949685230024,0.0032359253609568,-0.00110531538107848,0.00434124074203528
1.53957812853107,0.0028868157310589,-0.00109768690707618,0.00398450263813508
1.5396594047619,0.0026637199737681,-0.00108253097894748,0.00374625095271559
1.53974068099274,0.00263391668212231,-0.00106110405838371,0.00369502074050603
1.53982195722357,0.00259915781379351,-0.0010344358432888,0.0036335936570823
1.5399032334544,0.00244898853383937,-0.00100242001144738,0.00345140854528675
1.53998450968523,0.00229881925388523,-9.65553363794378E-4,0.00326437261767961
1.54006578591606,0.00177323979689133,-9.23882887178135E-4,0.00269712268406947
1.54014706214689,0.00107670792010991,-8.80592515549358E-4,0.00195730043565927
1.54022833837772,6.18025828292674E-4,-8.36515312880774E-4,0.00145454114117345
1.54030961460856,6.36917162473809E-4,-7.90122628030012E-4,0.00142703979050382
1.54039089083939,6.55808496654944E-4,-7.40456085772607E-4,0.00139626458242755
1.54047216707022,2.42136854977595E-4,-6.88151571671638E-4,9.30288426649232E-4
1.54055344330105,-1.81615057954535E-4,-6.36496414352062E-4,4.54881356397527E-4
1.54063471953188,-6.35904050987334E-4,-5.85490613813878E-4,-5.04134371734567E-5
1.54071599576271,-0.00110879768606685,-5.36179043642263E-4,-5.72618642424587E-4
1.54079727199354,-0.0015478494245879,-4.89201938171929E-4,-0.00105864748641597
1.54087854822437,-0.00189303972510558,-4.44207546075014E-4,-0.00144883217903057
1.54095982445521,-0.00223823002562327,-4.00688111721804E-4,-0.00183754191390146
1.54104110068604,-0.00257799356883548,-3.58661561169862E-4,-0.00221933200766562
1.54112237691687,-0.0029172073542851,-3.1809241933983E-4,-0.00259911493494527
1.5412036531477,-0.00317654183041063,-2.78980686231709E-4,-0.00289756114417892
1.54128492937853,-0.00337063584607744,-2.4247438666142E-4,-0.00312816145941602
1.54136620560936,-0.00356131392531441,-2.08859588839449E-4,-0.00335245433647496
1.54144748184019,-0.00373764197835828,-1.76076106243731E-4,-0.00356156587211455
1.54152875807102,-0.00391397003140215,-1.41004982377059E-4,-0.00377296504902509
1.54161003430186,-0.00398099847227666,-1.03883599853145E-4,-0.00387711487242351
1.54169131053269,-0.00402619710081039,-7.14114930151235E-5,-0.00395478560779527
1.54177258676352,-0.00418165290560222,-4.35886618629939E-5,-0.00413806424373922
1.54185386299435,-0.0044593692256244,-1.79391804078399E-5,-0.00444143004521656
1.54193513922518,-0.00470010401820794,6.75586726170342E-6,-0.00470685988546964
1.54201641545601,-0.00465417312481921,2.93872656007783E-5,-0.00468356039041999
1.54209769168684,-0.00460824223143048,4.75918170016061E-5,-0.00465583404843208
1.54217896791768,-0.00434414008467934,6.13695214641867E-5,-0.00440550960614353
1.54226024414851,-0.00400876306576022,7.3103175364138E-5,-0.00408186624112435
1.54234152037934,-0.00382445081580825,8.28019398040604E-5,-0.00390725275561231
1.54242279661017,-0.00387379915734807,9.213523958657E-5,-0.00396593439693464
1.542504072841,-0.00391209344711323,1.02434564195212E-4,-0.00401452801130844
1.54258534907183,-0.00360451722036276,1.12585362275498E-4,-0.00371710258263826
1.54266662530266,-0.00329694099361229,1.19485462671065E-4,-0.00341642645628336
1.54274790153349,-0.00297965800865939,1.23134865381913E-4,-0.0031027928740413
1.54282917776433,-0.00265756584204386,1.25282283566415E-4,-0.00278284812561027
1.54291045399516,-0.00233222928484254,1.25913653254805E-4,-0.00245814293809734
1.54299173022599,-0.00199952880009335,1.23812353946661E-4,-0.00212334115404001
1.54307300645682,-0.00166682831534416,1.18227504844941E-4,-0.0017850558201891
1.54315428268765,-0.00140287591914064,1.09415690925748E-4,-0.00151229161006639
1.54323555891848,-0.00114312665810891,9.2201378134444E-5,-0.00123532803624335
1.54331683514931,-8.6085665741309E-4,7.49870653431236E-5,-9.35843722756214E-4
1.54339811138015,-5.62167451977541E-4,5.77727525518015E-5,-6.19940204529343E-4
1.54347938761098,-2.59583304709958E-4,4.05584397604811E-5,-3.00141744470439E-4
1.54356066384181,5.73305971777065E-5,2.33441269691607E-5,3.39864702085458E-5
1.54364194007264,3.74244499065371E-4,6.12981417783855E-6,3.68114684887533E-4
1.54372321630347,4.72182285072525E-4,-1.10844986134818E-5,4.83266783686007E-4
1.5438044925343,5.31022138290408E-4,-2.82988114048022E-5,5.5932094969521E-4
1.54388576876513,6.59235981199053E-4,-4.55131241961244E-5,7.04749105395177E-4
1.54396704499596,8.6179798504745E-4,-6.27274369874448E-5,9.24525422034895E-4
1.5440483212268,0.00107955070922902,-7.99417497787669E-5,0.00115949245900778
1.54412959745763,0.00141272962618573,-9.71560625700873E-5,0.00150988568875582
1.54421087368846,0.00174590854314245,-1.14370375361408E-4,0.00186027891850386
1.54429214991929,0.00193339348955231,-1.3158468815273E-4,0.00206497817770504
1.54437342615012,0.00207213612324019,-1.4879900094405E-4,0.00222093512418424
1.54445470238095,0.00214703424809047,-1.66013313735371E-4,0.00231304756182584
1.54453597861178,0.00211853072021518,-1.83227626526693E-4,0.00230175834674187
1.54461725484261,0.00209462520532417,-2.00441939318013E-4,0.00229506714464218
1.54469853107345,0.00240484196612934,-2.17656252109334E-4,0.00262249821823868
1.54477980730428,0.00271505872693452,-2.34870564900656E-4,0.00294992929183517
1.54486108353511,0.00271498630900714,-2.52084877691976E-4,0.00296707118669911
1.54494235976594,0.0025439997057037,-2.69299190483296E-4,0.002813298896187
1.54502363599677,0.00232537949642445,-2.86513503274619E-4,0.00261189299969907
1.5451049122276,0.00198147733222409,-3.03727816065939E-4,0.00228520514829003
1.54518618845843,0.00163757516802373,-3.20942128857261E-4,0.00195851729688099
1.54526746468927,0.00156022922707158,-3.38156441648581E-4,0.00189838566872017
1.5453487409201,0.00151068984593673,-3.55370754439902E-4,0.00186606060037663
1.54543001715093,0.00145525456438158,-3.72585067231224E-4,0.0018278396316128
1.54551129338176,0.00139469498643989,-3.89799380022544E-4,0.00178449436646244
1.54559256961259,0.00134678634260657,-4.07013692813865E-4,0.00175380003542043
1.54567384584342,0.00136341856611148,-4.24228005605187E-4,0.00178764657171667
1.54575512207425,0.00138005078961639,-4.41442318396507E-4,0.0018214931080129
1.54583639830508,0.00129169760044349,-4.58656631187828E-4,0.00175035423163131
1.54591767453592,0.00117580245988079,-4.7587094397915E-4,0.00165167340385994
1.54599895076675,0.00108324174360424,-4.9308525677047E-4,0.00157632700037471
1.54608022699758,0.00102292103250701,-5.10299569561791E-4,0.0015332206020688
1.54616150322841,9.55505307307851E-4,-5.27513882353113E-4,0.00148301918966096
1.54624277945924,7.44172090113717E-4,-5.44728195144433E-4,0.00128890028525815
1.54632405569007,5.32838872919584E-4,-5.61942507935754E-4,0.00109478138085534
1.5464053319209,5.21544162869563E-4,-5.79156820727076E-4,0.00110070098359664
1.54648660815174,6.07225726594813E-4,-5.96371133518396E-4,0.00120359686011321
1.54656788438257,6.15383771800107E-4,-6.13585446309718E-4,0.00122896921810982
1.5466491606134,4.42151595477254E-4,-6.30799759101039E-4,0.00107295135457829
1.54673043684423,2.689194191544E-4,-6.48014071892359E-4,9.16933491046759E-4
1.54681171307506,2.07603275139104E-4,-6.65228384683681E-4,8.72831659822785E-4
1.54689298930589,1.5539446816514E-4,-6.82442697475001E-4,8.37837165640142E-4
1.54697426553672,1.15317689840656E-4,-6.99657010266322E-4,8.14974700106978E-4
1.54705554176755,8.51878522534408E-5,-7.16871323057644E-4,8.02059175311085E-4
1.54713681799839,5.13358047455584E-5,-7.34085635848964E-4,7.85421440594523E-4
1.54721809422922,-2.32043452316408E-7,-7.51299948640285E-4,7.51067905187968E-4
1.54729937046005,-5.17998916501909E-5,-7.68514261431607E-4,7.16714369781416E-4
1.54738064669088,-2.8214398103019E-4,-7.85728574222927E-4,5.03584593192737E-4
1.54746192292171,-5.57973604836218E-4,-8.02942887014248E-4,2.4496928217803E-4
1.54754319915254,-6.35397040105242E-4,-8.2015719980557E-4,1.84760159700328E-4
1.54762447538337,-4.38980655878777E-4,-8.3737151259689E-4,3.98390856718114E-4
1.54770575161421,-2.6754779668962E-4,-8.54585825388212E-4,5.87038028698593E-4
1.54778702784504,-6.59034869125037E-4,-8.71800138179533E-4,2.12765269054496E-4
1.54786830407587,-0.00105052194156045,-8.89014450970853E-4,-1.61507490589601E-4
1.5479495803067,-0.00118709520825627,-9.06228763762175E-4,-2.80866444494093E-4
1.54803085653753,-0.00119482905622931,-9.23443076553496E-4,-2.71385979675815E-4
1.54811213276836,-0.00126182369897986,-9.40657389344816E-4,-3.21166309635041E-4
1.54819340899919,-0.00147716980619448,-9.57871702136138E-4,-5.19298104058345E-4
1.54827468523002,-0.00169251591340911,-9.75086014927459E-4,-7.17429898481651E-4
1.54835596146086,-0.00189487658711193,-9.92300327718779E-4,-9.02576259393155E-4
1.54843723769169,-0.0020958903070077,-0.0010095146405101,-0.0010863756664976
1.54851851392252,-0.00211347755715169,-0.00102672895330142,-0.00108674860385027
1.54859979015335,-0.00196577588147672,-0.00104394326609274,-9.21832615383974E-4
1.54868106638418,-0.00184554803633934,-0.00106115757888406,-7.84390457455273E-4
1.54876234261501,-0.00188680318320402,-0.00107837189167538,-8.08431291528638E-4
1.54884361884584,-0.00192805833006871,-0.00109558620446671,-8.32472125602001E-4
1.54892489507667,-0.00200530730082013,-0.00111280051725803,-8.925067835621E-4
1.54900617130751,-0.0020936628492572,-0.00113001483004935,-9.63648019207849E-4
1.54908744753834,-0.00218593449831141,-0.00114722914284067,-0.00103870535547074
1.54916872376917,-0.00228453104271433,-0.00116444345563199,-0.00112008758708234
1.54925,-0.00238312758711725,-0.00118165776842331,-0.00120146981869394
