1.475476190476190608e+00,-4.748870908396997034e-05
1.475651863317061663e+00,-3.997084786207938520e-05
1.475827577994760942e+00,-3.282123714018903970e-05
1.476003334524234933e+00,-3.472501141829858855e-05
1.476179132920438342e+00,-3.275837769640824789e-05
1.476354973198332532e+00,-3.528724697451766272e-05
1.476530855372885531e+00,-2.987744725262744252e-05
1.476706779459073138e+00,-3.154666203073695210e-05
1.476882745471878033e+00,-2.284263730884672364e-05
1.477058753426290227e+00,-1.907917958695590005e-05
1.477234803337306390e+00,-2.892767236506606481e-05
1.477410895219930964e+00,-2.220238514317535638e-05
1.477587029089175275e+00,-2.134414492128500554e-05
1.477763204960057308e+00,-1.170908769939428854e-05
1.477939422847603268e+00,-1.723823497750423756e-05
1.478115682766845573e+00,-8.350429255613652131e-06
1.478291984732824638e+00,-1.660491903372339657e-05
1.478468328760587092e+00,-1.285181281183278958e-05
1.478644714865187337e+00,-1.599521358994237565e-05
1.478821143061687327e+00,-2.100550368052019057e-06
1.478997613365155228e+00,-2.191937146161745172e-06
1.479174125790667205e+00,-1.015606692427118091e-05
1.479350680353306524e+00,1.273691297619286393e-06
1.479527277068162894e+00,2.354247851950959283e-05
1.479703915950334459e+00,1.800926374140012160e-05
1.479880597014925581e+00,1.969388296329036264e-05
1.480057320277048172e+00,1.278995068518094412e-05
1.480234085751821471e+00,1.533119040707107061e-05
1.480410893454371823e+00,6.496240128961514992e-06
1.480587743399832901e+00,2.156154085085218788e-05
1.480764635603345480e+00,2.721391757274255760e-05
1.480941570080057446e+00,2.139252629463294329e-05
1.481118546845124451e+00,1.778846251652347991e-05
1.481295565913708590e+00,2.874510273841401854e-05
1.481472627300980172e+00,2.655839296030420129e-05
1.481649731022116168e+00,1.685252068219444347e-05
1.481826877092300432e+00,2.604578340408513198e-05
1.482004065526725034e+00,3.146618362597538698e-05
1.482181296340588483e+00,2.694420334786593518e-05
1.482358569549097060e+00,2.745438606975607798e-05
1.482535885167464151e+00,3.095105879164655478e-05
1.482713243210910470e+00,2.079592201353707261e-05
1.482890643694664057e+00,1.633040373542763227e-05
1.483068086633959615e+00,2.130786195731799873e-05
1.483245572044040284e+00,2.676442367920850050e-05
1.483423099940155643e+00,1.776388040109904169e-05
1.483600670337563043e+00,2.628370734615391837e-05
1.483778283251526497e+00,1.907951304945049642e-05
1.483955938697318011e+00,2.198097591758199285e-05
1.484133636690216917e+00,1.934126845054936388e-05
1.484311377245508989e+00,2.705559149450566898e-05
1.484489160378488659e+00,1.592334989010933417e-05
1.484666986104456354e+00,1.569225269230743866e-05
1.484844854438720496e+00,1.648538250000004595e-05
1.485022765396597277e+00,2.756581714835138266e-05
1.485200718993409330e+00,3.045251768131896752e-05
1.485378715244487280e+00,2.090538262637339252e-05
1.485556754165168636e+00,2.103809762637375231e-05
1.485734835770798457e+00,3.095711103296675155e-05
1.485912960076729572e+00,2.732195993955982604e-05
1.486091127098321474e+00,3.579586452197763878e-05
1.486269336850941425e+00,2.661324012087894772e-05
1.486447589349964238e+00,2.078524091758221460e-05
1.486625884610771386e+00,2.056041149450500791e-05
1.486804222648752560e+00,3.539586073626359080e-05
1.486982603479304332e+00,2.930503031868124560e-05
1.487161027117830825e+00,2.568541221977991250e-05
1.487339493579743488e+00,2.494799982967021816e-05
1.487518002880460877e+00,2.993444798901102877e-05
1.487696555035409984e+00,2.715920173626366896e-05
1.487875150060024021e+00,1.954311593406552871e-05
1.488053787969744413e+00,3.171563544505451651e-05
1.488232468780019468e+00,2.735124804945001514e-05
1.488411192506304825e+00,2.776835780769217575e-05
1.488589959164064336e+00,3.093466142857145829e-05
1.488768768768768958e+00,2.883762915384608175e-05
1.488947621335896310e+00,1.702521297802263561e-05
1.489126516880932449e+00,1.815238488461518463e-05
1.489305455419370317e+00,2.277145375274608648e-05
1.489484436966710845e+00,1.667223513736229134e-05
1.489663461538461631e+00,1.225310259890077628e-05
1.489842529150138484e+00,1.504270968131875275e-05
1.490021639817263877e+00,3.930866631868018719e-06
1.490200793555368497e+00,9.178324505494292983e-06
1.490379990379990360e+00,5.291553335164730226e-06
1.490559230306674809e+00,1.454633786813184799e-05
1.490738513350974515e+00,3.897968719779949971e-06
1.490917839528449695e+00,8.569578060439297235e-06
1.491097208854667899e+00,1.196546153845964335e-06
1.491276621345205111e+00,3.104681302197901879e-06
1.491456077015643977e+00,2.947379758241343815e-06
1.491635575881574249e+00,9.441899994505251713e-06
1.491815117958594339e+00,9.564924906592603762e-06
1.491994703262308875e+00,1.849630126373119979e-06
1.492174331808331367e+00,4.774220280219444897e-06
1.492354003612281765e+00,1.957712542857085580e-05
1.492533718689788236e+00,1.015155904945052277e-05
1.492713477056485827e+00,7.096878659340112062e-06
1.492893278728017359e+00,1.322682945054131677e-06
1.493073123720033868e+00,1.006680126923085138e-05
1.493253012048192829e+00,-4.169732802203514332e-07
1.493432943728160156e+00,7.289194285714744974e-06
1.493612918775608867e+00,9.749661164834555471e-06
1.493792937206219085e+00,-5.477313681322279124e-07
1.493972999035679816e+00,-4.416692373627214944e-06
1.494153104279686728e+00,4.424016214285174040e-06
1.494333252953942814e+00,5.671872417581705871e-06
1.494513445074159064e+00,-2.221935708791107807e-06
1.494693680656054013e+00,4.050513653845928298e-06
1.494873959715353973e+00,5.523841434065443999e-06
1.495054282267792578e+00,1.398596598900926462e-06
1.495234648329111016e+00,-6.714511357142939618e-06
1.495415057915058021e+00,-8.184428241754179711e-07
1.495595511041390102e+00,-1.029693698901136111e-05
1.495776007723871759e+00,-1.675086234066052240e-05
1.495956547978274154e+00,-1.336627418681323506e-05
1.496137131820376887e+00,-1.365430002747301461e-05
1.496317759265966663e+00,-1.723768917582418122e-05
1.496498430330837959e+00,-1.716482480219828823e-05
1.496679145030793467e+00,-2.192584276373716473e-05
1.496859903381642543e+00,-1.461912236813299112e-05
1.497040705399202976e+00,-2.585385667032977838e-05
1.497221551099299441e+00,-2.277102558791220359e-05
1.497402440497764831e+00,-2.478250558791245898e-05
1.497583373610439805e+00,-1.108147871428655229e-05
1.497764350453172355e+00,-5.858870615385201527e-06
1.497945371041817797e+00,-4.482088615385309074e-06
1.498126435392240108e+00,-5.104478967033593793e-06
1.498307543520309482e+00,-7.336786346154029574e-06
1.498488695441905438e+00,-2.696983631868721427e-06
1.498669891172914159e+00,4.877024565934167354e-06
1.498851130729229819e+00,-8.607570752747033260e-06
1.499032414126753920e+00,-3.877460285714061025e-06
1.499213741381395959e+00,-5.434059752747145630e-06
1.499395112509073424e+00,1.447935170328993985e-06
1.499576527525710912e+00,-1.241139562637404159e-05
1.499757986447241231e+00,2.327324620879107214e-06
1.499939489289604522e+00,5.643698708790098606e-06
1.500121036068748470e+00,-5.602200054944999827e-06
1.500302626800629424e+00,-5.981578510990369357e-06
1.500484261501210836e+00,1.543977967029524362e-07
1.500665940186463487e+00,-5.039077280220285657e-06
1.500847662872366373e+00,-1.506721690659349952e-05
1.501029429574906260e+00,-3.282612560439397871e-06
1.501211240310077688e+00,-1.233975989014873473e-07
1.501393095093882524e+00,-9.266854752748685149e-06
1.501574993942331071e+00,-7.842428642857086386e-06
1.501756936871440962e+00,-3.791385049450824926e-06
1.501938923897237155e+00,-1.279908206043979361e-05
1.502120955035753269e+00,-9.633749972527759324e-06
1.502303030303030473e+00,-6.634720285714689955e-06
1.502485149715117041e+00,-4.801830532967185129e-06
1.502667313288070128e+00,-1.255308499450611629e-05
1.502849521037953329e+00,-9.298421054944956861e-06
1.503031772980839342e+00,-1.626998454945093476e-05
1.503214069132807973e+00,-6.352491763737095308e-06
1.503396409509946796e+00,-1.366068808241708166e-05
1.503578794128351603e+00,-5.728293170330117819e-06
1.503761223004125291e+00,-1.055218178571423835e-05
1.503943696153379417e+00,-7.809118038462148706e-06
1.504126213592233086e+00,-1.356131015384611557e-05
1.504308775336812953e+00,-8.990996741758418807e-06
1.504491381403253447e+00,-1.235890079670347048e-05
1.504674031807696988e+00,-9.734092291209680246e-06
1.504856726566294434e+00,-9.429797906594021388e-06
1.505039465695203527e+00,3.317358186814920590e-07
1.505222249210590446e+00,-1.616576876923246902e-05
1.505405077128628921e+00,-5.310035379121522646e-06
1.505587949465500452e+00,-9.934639296703970737e-06
1.505770866237395200e+00,-1.024656968681291087e-05
1.505953827460510430e+00,-1.542577493406625290e-05
1.506136833151051402e+00,-2.674190873627486226e-06
1.506319883325231146e+00,-7.502512950550033893e-06
1.506502977999270687e+00,-1.384101013186865656e-05
1.506686117189399488e+00,-4.551970010989382816e-06
1.506869300911854115e+00,-4.302029450554490167e-07
1.507052529182879574e+00,-8.143177208791430033e-06
1.507235802018728199e+00,-1.233445160439615267e-05
1.507419119435660537e+00,-3.259519604396432860e-06
1.507602481449945353e+00,-1.865388967032827888e-06
1.507785888077858960e+00,-1.154097223076929520e-05
1.507969339335685666e+00,-2.540483236264032274e-06
1.508152835239717993e+00,3.490458098900808652e-06
1.508336375806255347e+00,-2.690148384615104367e-06
1.508519961051606684e+00,-1.463289840659552817e-06
1.508703590992087840e+00,-2.674998813187142235e-06
1.508887265644022646e+00,1.080248252746901332e-06
1.509070985023743150e+00,-3.127044291208950881e-06
1.509254749147588948e+00,3.367176945053983357e-06
1.509438558031908517e+00,3.706054944982613286e-08
1.509622411693057442e+00,4.716903428571522609e-06
1.509806310147399300e+00,9.708958186806140173e-07
1.509990253411306327e+00,8.024815994504851981e-06
1.510174241501157644e+00,-1.159969060438698595e-06
1.510358274433341474e+00,5.036289670329427599e-06
1.510542352224253593e+00,1.901925214285076285e-06
1.510726474890297544e+00,8.691327923076295515e-06
1.510910642447885088e+00,1.464026533516508966e-05
1.511094854913435759e+00,2.672835482966950428e-05
1.511279112303377747e+00,2.843830322527452110e-05
1.511463414634146352e+00,2.881723997252762671e-05
1.511647761922185751e+00,3.112865065933972508e-05
1.511832154183947452e+00,3.729066790659249075e-05
1.512016591435891177e+00,2.937901806593335666e-05
1.512201073694485087e+00,3.871152004395546527e-05
1.512385600976205113e+00,3.830426773626270306e-05
1.512570173297534959e+00,4.353139317582433668e-05
1.512754790674966543e+00,3.219979267582407604e-05
1.512939453125000000e+00,4.307634361538524234e-05
1.513124160664143680e+00,5.406615486263722029e-05
1.513308913308913484e+00,4.659343075824151463e-05
1.513493711075833525e+00,5.204844518681315483e-05
1.513678553981436359e+00,5.840679195054897244e-05
1.513863442042262086e+00,6.344512448351537388e-05
1.514048375274859692e+00,5.972117503296587009e-05
1.514233353695785045e+00,6.910497010989015941e-05
1.514418377321603337e+00,7.302177555494442085e-05
1.514603446168886869e+00,6.342601607692266961e-05
1.514788560254216598e+00,6.786876090659295022e-05
1.514973719594181700e+00,7.890955435164808112e-05
1.515158924205379121e+00,6.764062641208767011e-05
1.515344174104413799e+00,6.548143772527328325e-05
1.515529469307899335e+00,5.514040424175884521e-05
1.515714809832456877e+00,5.771673797802068066e-05
1.515900195694716235e+00,5.160135084615418127e-05
1.516085626911314987e+00,6.049653923626365816e-05
1.516271103498899153e+00,5.733220613736173671e-05
1.516456625474122299e+00,6.142635623626320311e-05
1.516642192853646653e+00,5.482619831868049479e-05
1.516827805654142658e+00,6.099187418681206296e-05
1.517013463892288971e+00,5.395743024175767878e-05
1.517199167584771802e+00,5.940155471977884207e-05
1.517384916748286239e+00,4.682035254944963767e-05
1.517570711399534700e+00,5.093987779670333411e-05
1.517756551555229150e+00,3.508440559340565441e-05
1.517942437232088215e+00,3.361678471977926682e-05
1.518128368446839849e+00,2.582192334065912167e-05
1.518314345216219774e+00,3.313935271977933722e-05
1.518500367556971264e+00,2.620430324725277031e-05
1.518686435485847364e+00,2.765102165934029289e-05
1.518872549019607998e+00,1.998135369780170301e-05
1.519058708175021533e+00,3.402062329670293636e-05
1.519244912968865213e+00,2.021988275824164460e-05
1.519431163417923392e+00,2.574005521428551681e-05
1.519617459538989745e+00,1.074650021428585379e-05
1.519803801348865946e+00,2.084145450549331272e-05
1.519990188864361214e+00,2.747584867582395646e-05
1.520176622102293873e+00,2.816057428571398270e-05
1.520363101079489798e+00,1.348501466483492239e-05
1.520549625812783745e+00,7.719249054943442233e-06
1.520736196319018463e+00,1.606987231318550945e-05
1.520922812615044917e+00,2.383908335714161018e-05
1.521109474717722287e+00,3.404466156043924399e-05
1.521296182643917971e+00,3.894255819780073364e-05
1.521482936410508247e+00,3.147808886813175180e-05
1.521669736034376941e+00,2.445686619780115985e-05
1.521856581532416763e+00,3.478631031867958183e-05
1.522043472921527973e+00,2.542632293956012708e-05
1.522230410218619490e+00,2.549024695604369672e-05
1.522417393440609334e+00,2.179591864835076637e-05
1.522604422604422636e+00,3.809489485714239766e-05
1.522791497726993626e+00,3.126785325824137617e-05
1.522978618825264308e+00,3.531482678021942261e-05
1.523165785916185344e+00,3.505107766483346772e-05
1.523352999016715836e+00,3.963018742307610788e-05
1.523540258143823101e+00,3.097745029670244399e-05
1.523727563314482669e+00,4.090171107142622116e-05
1.523914914545678290e+00,3.298782066483356250e-05
1.524102311854402370e+00,3.739526710988885783e-05
1.524289755257655976e+00,3.213919031318755726e-05
1.524477244772447726e+00,4.147585201098847284e-05
1.524664780415795562e+00,3.899635749999891439e-05
1.524852362204724532e+00,4.255252759890006987e-05
1.525039990156269232e+00,4.224496812087761080e-05
1.525227664287472473e+00,5.044336753296722702e-05
1.525415384615384617e+00,2.676874008241715563e-05
1.525603151157065573e+00,3.213253139560398944e-05
1.525790963929582800e+00,3.545015986263747206e-05
1.525978822950012415e+00,4.235304517032794681e-05
1.526166728235438974e+00,2.512841887912032127e-05
1.526354679802955694e+00,2.918545938461599917e-05
1.526542677669664005e+00,1.961402264285616939e-05
1.526730721852673334e+00,2.306473111538410309e-05
1.526918812369101985e+00,2.849720189010982244e-05
1.527106949236076927e+00,2.656620093955904850e-05
1.527295132470733341e+00,1.965337112637324107e-05
1.527483362090214625e+00,1.216122792857109863e-05
1.527671638111672836e+00,2.751011167032978849e-05
1.527859960552268248e+00,1.572187192857080196e-05
1.528048329429170238e+00,1.221682006593313545e-05
1.528236744759556176e+00,1.320606374725116598e-05
1.528425206560611871e+00,5.645228021977470589e-06
1.528613714849531569e+00,1.561253362636610270e-06
1.528802269643517953e+00,2.046619524725306130e-05
1.528990870959783033e+00,1.216835591208789702e-05
1.529179518815546146e+00,4.213728401097124182e-06
1.529368213228035733e+00,-4.801804225276025059e-06
1.529556954214488673e+00,1.143577604395193403e-06
1.529745741792150060e+00,-9.997866763736826604e-06
1.529934575978274314e+00,-3.323614620879752901e-06
1.530123456790123626e+00,-7.298574824177389911e-06
1.530312384244968626e+00,-5.673041818681423196e-06
1.530501358360089048e+00,-6.023653917582375006e-06
1.530690379152772618e+00,-1.454489741759424498e-06
1.530879446640316166e+00,-8.661315148352378285e-06
1.531068560840024739e+00,-6.036099296702866768e-06
1.531257721769211821e+00,-1.597396975274692661e-05
1.531446929445199778e+00,-1.194238510439675147e-05
1.531636183885318969e+00,-7.437375170330461083e-06
1.531825485106909079e+00,-6.638056478024080206e-06
1.532014833127317788e+00,-1.606443408241767581e-05
1.532204227963901655e+00,-1.011496331868098723e-05
1.532393669634025901e+00,-2.045792419230773630e-05
1.532583158155063741e+00,-2.018678312088015465e-05
1.532772693544397713e+00,-5.675747296703158654e-06
1.532962275819418796e+00,2.786828527472605399e-06
1.533151904997526183e+00,-1.298084350549472826e-05
1.533341581096127948e+00,-8.301724510989018369e-06
1.533531304132640383e+00,-3.115720598901661545e-06
1.533721074124489547e+00,-8.127881153847070494e-06
1.533910891089109052e+00,-1.296888361538455804e-05
1.534100755043941167e+00,-3.870974043956171284e-06
1.534290666006437487e+00,-4.080795274725903393e-06
1.534480623994057158e+00,-6.276240851649326352e-06
1.534670629024269539e+00,-4.489145197801363771e-06
1.534860681114551095e+00,-2.898019840658939972e-06
1.535050780282388061e+00,-1.257584147252828813e-05
1.535240926545274665e+00,-1.597670851098882162e-05
1.535431119920713572e+00,-7.169602780220064517e-06
1.535621360426217441e+00,-9.933698521978270857e-06
1.535811648079306257e+00,-1.807457075274875036e-05
1.536001982897509111e+00,-2.626235478571489930e-05
1.536192364898364193e+00,-1.453793604945193864e-05
1.536382794099417470e+00,-2.437376454395684920e-05
1.536573270518224676e+00,-1.721279468681197189e-05
1.536763794172349762e+00,-2.284491375824219440e-05
1.536954365079365337e+00,-1.463154862637260599e-05
1.537144983256852449e+00,-1.192375128022081510e-05
1.537335648722401471e+00,8.446829829669667486e-06
1.537526361493611216e+00,-7.354964554946111926e-06
1.537717121588089375e+00,-1.401487494505316775e-06
1.537907929023452303e+00,-8.596777862637837789e-06
1.538098783817324566e+00,-1.846716060439250809e-06
1.538289685987340283e+00,-3.079297637363339127e-06
1.538480635551142006e+00,3.489370862637874646e-06
1.538671632526381172e+00,9.073455467033513661e-06
1.538862676930717877e+00,1.624098109889900166e-05
1.539053768781820652e+00,-5.875656318681931473e-07
1.539244908097367137e+00,4.482583054946217768e-06
1.539436094895044072e+00,7.828627071427207360e-06
1.539627329192546634e+00,1.659799472527407824e-05
1.539818611007578664e+00,5.501216824175788125e-06
1.540009940357853102e+00,1.622685957142775207e-05
1.540201317261091107e+00,1.003833242307493497e-05
1.540392741735023607e+00,1.153942389560272744e-05
1.540584213797389745e+00,9.854327934066299532e-06
1.540775733465937547e+00,1.989259440659195931e-05
1.540967300758423697e+00,1.942039563736209194e-05
1.541158915692613762e+00,2.053526933516432521e-05
1.541350578286282857e+00,1.992323990109858521e-05
1.541542288557214091e+00,3.010697921428519101e-05
1.541734046523199453e+00,2.397342758791239266e-05
1.541925852202040481e+00,1.755995906044011297e-05
1.542117705611546707e+00,2.098398408241822742e-05
1.542309606769537211e+00,1.249866985714208692e-05
1.542501555693839510e+00,1.967547962637315392e-05
1.542693552402290447e+00,1.448038661538541411e-05
1.542885596912735080e+00,1.512470164813720097e-07
1.543077689243028017e+00,1.490176952197771326e-05
1.543269829411032301e+00,2.180095112637231089e-05
1.543462017434620304e+00,2.887495602197829268e-05
1.543654253331672832e+00,3.237041654395524277e-05
1.543846537120080020e+00,4.554741704395574159e-05
1.544038868817740218e+00,4.571842073076916486e-05
1.544231248442561766e+00,3.848133110988965523e-05
1.544423676012461222e+00,5.149691142307660091e-05
1.544616151545364024e+00,3.637852668681340780e-05
1.544808675059204939e+00,4.120102440659375795e-05
1.545001246571927167e+00,3.986041093406549052e-05
1.545193866101483682e+00,3.940920944505441406e-05
1.545386533665835449e+00,4.198801224175770230e-05
1.545579249282953205e+00,4.159769238461382378e-05
1.545772012970815901e+00,3.699007069230702584e-05
1.545964824747411814e+00,3.304761409890131195e-05
1.546157684630738549e+00,2.368371262087857684e-05
1.546350592638802368e+00,1.883229770329483514e-05
1.546543548789618416e+00,1.388344576922916247e-05
1.546736553101210720e+00,3.067531675274488313e-05
1.546929605591612633e+00,2.711226707142848358e-05
1.547122706278866611e+00,2.607871560439292517e-05
1.547315855181023769e+00,3.651117535714170671e-05
1.547509052316144551e+00,3.451493790659334801e-05
1.547702297702297836e+00,3.732358837362555887e-05
1.547895591357562051e+00,3.005610679670351823e-05
1.548088933300024950e+00,2.949800145604316616e-05
1.548282323547782724e+00,2.379372375824130754e-05
1.548475762118940668e+00,2.352092419230815065e-05
1.548669249031613404e+00,2.336663280769310687e-05
1.548862784303923990e+00,2.434392273626133536e-05
1.549056367954005919e+00,9.254064609890344170e-06
1.549250000000000016e+00,1.569576918131762935e-05
1.549443680460057760e+00,1.600887665384486715e-05
1.549637409352338180e+00,1.516941661538540910e-05
1.549831186695010743e+00,1.779059710439452428e-05
1.550025012506253130e+00,2.419816953296602229e-05
1.550218886804252794e+00,4.945236917580945676e-06
1.550412809607205622e+00,9.021324725274346493e-06
1.550606780933316831e+00,2.577990340657922499e-06
1.550800800800800738e+00,7.339653340658787439e-06
1.550994869227881434e+00,1.033232956043454720e-06
1.551188986232791001e+00,1.114670432966844565e-05
1.551383151833771512e+00,1.174067899999955630e-05
1.551577366049073703e+00,1.796970448351628558e-05
1.551771628896957633e+00,6.711465818679809500e-06
1.551965940395692467e+00,2.094992420878885077e-05
1.552160300563556694e+00,1.701856641208730932e-05
1.552354709418837908e+00,1.065082163186916418e-05
1.552549166979832362e+00,8.115153318680396258e-06
1.552743673264845858e+00,3.070531553296456870e-05
1.552938228292193967e+00,2.150593062637262687e-05
1.553132832080200698e+00,3.209078096703369028e-05
1.553327484647199164e+00,2.735897309890061684e-05
1.553522186011532025e+00,3.340602364834948518e-05
1.553716936191550824e+00,3.936812513186745306e-05
1.553911735205616873e+00,3.761620574725048176e-05
1.554106583072100367e+00,4.397011231868229626e-05
1.554301479809380604e+00,3.321649067582351476e-05
1.554496425435846207e+00,3.438211867032802370e-05
1.554691419969894683e+00,4.936676292307553247e-05
1.554886463429933530e+00,4.541073775274568139e-05
1.555081555834379126e+00,4.231062753846134665e-05
1.555276697201656511e+00,2.448192645054976524e-05
1.555471887550200938e+00,3.272169473626362207e-05
1.555667126898456099e+00,3.192882817582313668e-05
1.555862415264875898e+00,2.428857213736387508e-05
1.556057752667922234e+00,3.519290357692169725e-05
1.556253139126067442e+00,3.638873320329586575e-05
1.556448574657792516e+00,3.706830428021725202e-05
1.556644059281587555e+00,3.074480751098784825e-05
1.556839593015952872e+00,2.355846191208813521e-05
1.557035175879396993e+00,1.612085870329672994e-05
1.557230807890438662e+00,2.370166298351649749e-05
1.557426489067605058e+00,1.696115124175871618e-05
1.557622219429433130e+00,2.784573580769176930e-05
1.557817998994469599e+00,1.886603880769032945e-05
1.558013827781269844e+00,2.615965469230795322e-05
1.558209705808398349e+00,1.926538391208666365e-05
1.558405633094430032e+00,2.197659609889848070e-05
1.558601609657947806e+00,1.298170567032752749e-05
1.558797635517545022e+00,2.119465329670122862e-05
1.558993710691823908e+00,2.631491884065714423e-05
1.559189835199396246e+00,2.595403698900985295e-05
1.559386009058882916e+00,2.445272736263551065e-05
1.559582232288914128e+00,2.521664873076788667e-05
1.559778504908129859e+00,1.617364185713945565e-05
1.559974826935179415e+00,3.279599496703255145e-05
1.560171198388721203e+00,2.761617371978015295e-05
1.560367619287423180e+00,4.087990633516312873e-05
1.560564089649962183e+00,2.830957743406520635e-05
1.560760609495025930e+00,3.359579042857044860e-05
1.560957178841309911e+00,3.248185703845973479e-05
1.561153797707520052e+00,2.594934307692097625e-05
1.561350466112371160e+00,1.756418239560412348e-05
1.561547184074587369e+00,3.113230143406489625e-05
1.561743951612903247e+00,2.248258095054926978e-05
1.561940768746061803e+00,2.400577909340492755e-05
1.562137635492815813e+00,1.666184690109814154e-05
1.562334551871927601e+00,1.876614548351578093e-05
1.562531517902168376e+00,1.368134882966977328e-05
1.562728533602320002e+00,3.216752686812512918e-06
1.562925598991172782e+00,1.589989174725133653e-05
1.563122714087527010e+00,6.560526609889014843e-06
1.563319878910191862e+00,2.628852167582337862e-05
1.563517093477986730e+00,3.279285340659172585e-05
1.563714357809740108e+00,2.942558962637075587e-05
1.563911671924290259e+00,2.058748882417327578e-05
1.564109035840484774e+00,1.612569425824082053e-05
1.564306449577180569e+00,1.425390215384738160e-05
1.564503913153244108e+00,1.912880586263637078e-05
1.564701426587552069e+00,4.573017269227618031e-06
1.564898989898990012e+00,-1.283627197815745413e-07
1.565096603106453044e+00,-7.085715159342326902e-06
1.565294266228845821e+00,3.786001818680603120e-06
1.565491979285082769e+00,6.552693307692019492e-06
1.565689742294088083e+00,1.611803858241576959e-05
1.565887555274794840e+00,5.919137846151223403e-06
1.566085418246146332e+00,7.338706917579557870e-06
1.566283331227094955e+00,1.075858648901233811e-05
1.566481294236602650e+00,4.449600472527289602e-06
1.566679307293641799e+00,-1.748334120875265352e-07
1.566877370417193438e+00,2.980662351646703317e-06
1.567075483626248822e+00,-3.188701934067617039e-06
1.567273646939808085e+00,-2.419828494507406114e-06
1.567471860376881354e+00,-1.070110624175855951e-05
1.567670123956488748e+00,-9.427758763738691705e-06
1.567868437697659934e+00,-2.685571785716531212e-06
1.568066801619433459e+00,2.659765439552361221e-07
1.568265215740858087e+00,-1.933450580219849349e-05
1.568463680080992129e+00,6.837904802196263093e-06
1.568662194658904108e+00,1.473751126371269926e-06
1.568860759493670987e+00,9.226613873624875395e-06
1.569059374604380386e+00,1.960301038462022860e-06
1.569258040010129251e+00,9.805873972526610999e-06
1.569456755730024078e+00,2.975359784615320968e-05
1.569655521783181351e+00,4.227982930769423262e-05
1.569854338188727105e+00,5.808548105494526492e-05
1.570053204965796922e+00,5.170424586813191642e-05
1.570252122133536155e+00,6.462743587362391323e-05
1.570451089711099923e+00,7.285547928571282222e-05
1.570650107717653121e+00,7.939069549450176316e-05
1.570849176172370187e+00,7.651544855494414599e-05
1.571048295094435554e+00,8.428720955494257289e-05
1.571247464503042757e+00,7.393601654944945145e-05
1.571446684417395767e+00,7.652329729120705901e-05
1.571645954856708105e+00,4.715590339010936050e-05
1.571845275840203060e+00,6.355145582417681335e-05
1.572044647387113248e+00,8.279105121428501080e-05
1.572244069516681719e+00,9.205189100549302297e-05
1.572443542248160409e+00,6.608363764835055443e-05
1.572643065600812129e+00,7.328217499450156297e-05
1.572842639593908798e+00,6.250281252197448581e-05
1.573042264246731881e+00,6.600056549999804359e-05
1.573241939578573501e+00,6.279966265384422444e-05
1.573441665608734219e+00,5.721102590109739330e-05
1.573641442356526143e+00,5.629311015934064522e-05
1.573841269841270041e+00,4.800317618681255658e-05
1.574041148082296226e+00,2.583796798351530033e-05
1.574241077098945896e+00,2.552793182966943061e-05
1.574441056910569126e+00,5.879511923626403250e-05
1.574641087536526651e+00,5.169594374175665724e-05
1.574841168996188090e+00,6.660064935713966641e-05
1.575041301308933939e+00,9.392249732967025699e-05
1.575241484494153799e+00,7.116426498351546143e-05
1.575441718571247041e+00,5.449715487362621555e-05
1.575642003559623694e+00,4.791149907692245774e-05
1.575842339478703336e+00,4.018975890109858368e-05
1.576042726347914646e+00,3.704472512087780486e-05
1.576243164186697410e+00,1.671706081318594453e-05
1.576443653014500068e+00,4.804726884065748174e-05
1.576644192850782389e+00,3.778797398351499762e-05
1.576844783715012799e+00,3.390845287911965072e-05
1.577045425626670161e+00,3.403897829670201811e-05
1.577246118605243330e+00,2.610343910439735099e-05
1.577446862670230487e+00,2.950386523626084487e-05
1.577647657841140694e+00,2.389408376922939892e-05
1.577848504137492114e+00,4.270362510988470056e-06
1.578049401578813571e+00,-1.064026192308144270e-06
1.578250350184642992e+00,-1.071710449450412675e-05
1.578451349974528739e+00,-8.939470615385546048e-06
1.578652400968029612e+00,-1.644221915934364342e-05
1.578853503184713514e+00,-1.789833186263819695e-05
1.579054656644158561e+00,-1.810358692307719591e-05
1.579255861365953306e+00,-2.434842850549626819e-05
1.579457117369695407e+00,-2.476477421978337187e-05
1.579658424674993622e+00,-2.011989687362688087e-05
1.579859783301466036e+00,-1.639547579936409538e-05
1.580061193268740505e+00,-1.647027972509962010e-05
1.580262654596455540e+00,-1.873107865083640730e-05
1.580464167304259204e+00,-2.006853757657422327e-05
1.580665731411809771e+00,-2.783907650231055159e-05
1.580867346938775730e+00,-3.119013042804591809e-05
1.581069013904834897e+00,-2.440152435378289963e-05
1.581270732329676187e+00,2.143011172047988924e-05
1.581472502232997401e+00,1.001266279474291587e-05
1.581674323634507440e+00,-7.307911309927493659e-07
1.581876196553924752e+00,-3.863250567313208927e-07
1.582078121010978000e+00,1.368095101753194140e-05
1.582280097025405619e+00,6.630597091796669451e-06
1.582482124616956032e+00,-1.317151683394128525e-05
1.582684203805388989e+00,-7.903705759675170445e-06
1.582886334610472678e+00,-1.961023468541409770e-05
1.583088517051986388e+00,-1.783349361114986917e-05
1.583290751149719178e+00,-1.370304753688534466e-05
1.583493036923470099e+00,1.055062853737645523e-05
1.583695374393048860e+00,2.169172961164053323e-05
1.583897763578274942e+00,1.083344568590226958e-05
1.584100204498977593e+00,-1.227837823983410001e-05
1.584302697174996943e+00,-5.521142165569332266e-06
1.584505241626182670e+00,-2.115169609130706022e-05
1.584707837872394887e+00,-8.312465017043437626e-06
1.584910485933503921e+00,2.647301057219671183e-06
1.585113185829390092e+00,-8.726928685176202349e-07
1.585315937579943935e+00,-5.263871794253683484e-06
1.585518741205065973e+00,-1.817370571999179368e-05
1.585721596724667393e+00,-3.745584645726673240e-06
1.585924504158669368e+00,1.662229642853752312e-05
1.586127463527003068e+00,4.710447502798056213e-06
1.586330474849609873e+00,-5.340064229380873939e-07
1.586533538146441380e+00,-1.889477534867348846e-05
1.586736653437460065e+00,-8.025204274410367017e-06
1.586939820742637730e+00,-1.527472320014692034e-05
1.587143040081956835e+00,1.065557874117308013e-06
1.587346311475410054e+00,1.396474394837901936e-05
1.587549634942999832e+00,1.330604502264255348e-05
1.587753010504739937e+00,8.399777609690651028e-05
1.587956438180653462e+00,1.540398717116966618e-05
1.588159917990774161e+00,-1.764071754566717137e-06
1.588363449955145557e+00,1.607985431969745707e-05
1.588567034093822050e+00,-8.464946060402454842e-07
1.588770670426868481e+00,7.087664682229634361e-07
