1.47547619047619,-0.00382347833551978,-0.00548261913813143,0.00176864409558402,0.00168390393123274,8.4740164351277E-5
1.47566535409035,-0.00386009092778072,-0.00549251427484814,0.00174016328797387,0.00167607510833424,6.40881796396284E-5
1.47585451770452,-0.00378059058099079,-0.00544812855978512,0.00177759548539476,0.00166824628543574,1.09349199959019E-4
1.47604368131868,-0.00384660961840667,-0.00545361741253106,0.0017130703085366,0.00166041746253724,5.26528459993667E-5
1.47623284493284,-0.00381451700377739,-0.00539675546852584,0.00168666620342186,0.00165258863963874,3.40775637831191E-5
1.47642200854701,-0.0038117942570063,-0.00535223246381718,0.0016421071284604,0.00164475981674024,-2.65268827983624E-6
1.47661117216117,-0.00384206301222633,-0.00529261727574574,0.00154629084491169,0.00163693099384173,-9.06401489300464E-5
1.47680033577534,-0.00383448133363241,-0.00532322983465757,0.00158700590209282,0.00162910217094323,-4.20962688504089E-5
1.4769894993895,-0.00372647174835149,-0.0053544551120281,0.00173543026567927,0.00162127334804473,1.14156917634541E-4
1.47717866300366,-0.00363230961786803,-0.00528368976637627,0.00176037123830978,0.00161344452514623,1.46926713163547E-4
1.47736782661783,-0.00363676936895053,-0.00538555798492149,0.00186420866462504,0.00160561570224773,2.58592962377314E-4
1.47755699023199,-0.00370892775252131,-0.00531829365128043,0.00171558404807723,0.00159778687934923,1.17797168728004E-4
1.47774615384615,-0.00365359540324978,-0.00520897231888242,0.00165803179206439,0.00158995805645073,6.80737356136673E-5
1.47793531746032,-0.0037097906067523,-0.00512215524242023,0.00150558070162201,0.00158212923355222,-7.65485319302107E-5
1.47812448107448,-0.00382303756965719,-0.00509382797757556,0.00135466257484099,0.00157430041065372,-2.19637835812737E-4
1.47831364468864,-0.00360652997324591,-0.00510167553065676,0.00159382516419997,0.00156647158775522,2.7353576444748E-5
1.47850280830281,-0.00354748986206887,-0.00511578354372036,0.00167180106464049,0.00155864276485672,1.1315829978377E-4
1.47869197191697,-0.00360958101725794,-0.0050709111854725,0.00155777795931672,0.00155081394195822,6.96401735849846E-6
1.47888113553114,-0.00364360727854869,-0.00511652600849819,0.00157013136612617,0.00154298511905972,2.71462470664472E-5
1.4790702991453,-0.00363306670130555,-0.00506495550855405,0.00152639346852691,0.00153515629616122,-8.76282763431053E-6
1.47925946275946,-0.00371875249559514,-0.00507111200573677,0.00144161523781098,0.00152732747326272,-8.57122354517386E-5
1.47944862637363,-0.00362101907544318,-0.00495800518857425,0.00142522719659773,0.00151949865036421,-9.42714537664885E-5
1.47963778998779,-0.00352628107645183,-0.00491121228765849,0.0014763366711463,0.00151166982746571,-3.53331563194158E-5
1.47982695360195,-0.00351283950973675,-0.00491901888954105,0.00149898721887138,0.00150384100456721,-4.85378569582955E-6
1.48001611721612,-0.00356165247752126,-0.00484988404765832,0.0013732548537661,0.00149601218166871,-1.22757327902614E-4
1.48020528083028,-0.00361364359857581,-0.0048548194819363,0.00132309349166229,0.00148818335877021,-1.65089867107924E-4
1.48039444444444,-0.00350966360088902,-0.00490595318354952,0.0014884446951161,0.00148035453587171,8.09015924439337E-6
1.48058360805861,-0.0035573020191484,-0.00481491127222418,0.00134061146377879,0.00147252571297321,-1.31914249194418E-4
1.48077277167277,-0.00349928186281686,-0.00491338320278827,0.00150743202840953,0.00146469689007471,4.2735138334827E-5
1.48096193528693,-0.00343011429587341,-0.00475319318395242,0.00141040209469223,0.0014568680671762,-4.64659724839713E-5
1.4811510989011,-0.00352753570914145,-0.00474568905169491,0.00129855146316199,0.0014490392442777,-1.50487781115713E-4
1.48134026251526,-0.0034589426841206,-0.00481684987477113,0.00144752906523347,0.0014412104213792,6.31864385426434E-6
1.48152942612943,-0.00345858335860345,-0.00480130203456088,0.00143133810857062,0.0014333815984807,-2.04348991008404E-6
1.48171858974359,-0.00349653803781079,-0.00472486123768484,0.00130939253106574,0.0014255527755822,-1.1616024451646E-4
1.48190775335775,-0.00343946916797255,-0.00480110214061647,0.00145150074883842,0.0014177239526837,3.3776796154723E-5
1.48209691697192,-0.00342148033798206,-0.00478776960602596,0.00145646435973479,0.0014098951297852,4.65692299495945E-5
1.48228608058608,-0.00340748312981803,-0.00472743090608176,0.00140706432949714,0.00140206630688669,4.99802261044605E-6
1.48247524420024,-0.0033793815819715,-0.00463406952161525,0.00133749734366023,0.00139423748398819,-5.674014032796E-5
1.48266440781441,-0.00332942386958309,-0.00462199667984969,0.00137788261574419,0.00138640866108969,-8.5260453455032E-6
1.48285357142857,-0.0033367991646802,-0.00459347802269637,0.00133961966264523,0.00137857983819119,-3.89601755459591E-5
1.48304273504273,-0.00331004830833549,-0.00458152922236345,0.00135539865435381,0.00137075101529269,-1.53523609388775E-5
1.4832318986569,-0.00333275268690795,-0.00465592475623103,0.0014105014258984,0.00136292219239419,4.7579233504216E-5
1.48342106227106,-0.00335012459351048,-0.00458077497405244,0.00131187330565774,0.00135509336949569,-4.32200638379521E-5
1.48361022588523,-0.0032902648190415,-0.0044623503230712,0.00124944314729567,0.00134726454659719,-9.78213993015203E-5
1.48379938949939,-0.00331973832559444,-0.00453734958734623,0.00129797360502741,0.00133943572369868,-4.14621186712728E-5
1.48398855311355,-0.00334800625766758,-0.00446387304588003,0.00118951399623447,0.00133160690080018,-1.42092904565716E-4
1.48417771672772,-0.00325662387044301,-0.0045221602733519,0.00134906180550088,0.00132377807790168,2.52837275991982E-5
1.48436688034188,-0.00322258336117818,-0.00453165317720564,0.00139546842388527,0.00131594925500318,7.95191688820912E-5
1.48455604395604,-0.00328182807373527,-0.00452433582080358,0.00132451325837482,0.00130812043210468,1.63928262701413E-5
1.48474520757021,-0.00331046777794932,-0.00445275171633703,0.0012176746783213,0.00130029160920618,-8.26169308848739E-5
1.48493437118437,-0.00327034471003853,-0.00440402776721355,0.00120850613894857,0.00129246278630768,-8.39566473591037E-5
1.48512353479853,-0.00331109883483933,-0.00436860589288384,0.00112730252387545,0.00128463396340918,-1.57331439533729E-4
1.4853126984127,-0.00323891892308142,-0.00441154861831141,0.00125002325511517,0.00127680514051067,-2.67818853955041E-5
1.48550186202686,-0.00322841001739988,-0.00446363162606832,0.00131674623484056,0.00126897631761217,4.77699172283857E-5
1.48569102564103,-0.00323447059384277,-0.00435906549521807,0.00119881816486607,0.00126114749471367,-6.23293298476022E-5
1.48588018925519,-0.00314004390735507,-0.00434589862904866,0.00128544113332537,0.00125331867181517,3.21224615102047E-5
1.48606935286935,-0.00314580695948084,-0.00432719325889467,0.00125935779517514,0.00124548984891667,1.3867946258474E-5
1.48625851648352,-0.00331388728908651,-0.0043005178484666,0.00105174817629918,0.00123766102601817,-1.85912849718985E-4
1.48644768009768,-0.0032774060729601,-0.00427488596341132,0.001063313563221,0.00122983220311967,-1.66518639898667E-4
1.48663684371184,-0.00310831197298659,-0.00433198680907318,0.00130443737526831,0.00122200338022117,8.24339950471454E-5
1.48682600732601,-0.00312905258850666,-0.00439077735743504,0.00134499860367765,0.00121417455732266,1.3082404635499E-4
1.48701517094017,-0.00316648466779782,-0.00433548543199363,0.00124615481463273,0.00120634573442416,3.98090802085672E-5
1.48720433455433,-0.00318594194074695,-0.00425668254794791,0.00114140948727622,0.00119851691152566,-5.71074242494397E-5
1.4873934981685,-0.0030877526514179,-0.00418770703207992,0.00117255136978572,0.00119068808862716,-1.81367188414434E-5
1.48758266178266,-0.00315522924406258,-0.00420293746050917,0.00111685695873207,0.00118285926572866,-6.60023069965908E-5
1.48777182539683,-0.00318806895733705,-0.00414620405372456,0.00102137201274908,0.00117503044283016,-1.53658430081073E-4
1.48796098901099,-0.00311253867891567,-0.00415671177202378,0.00111308851725325,0.00116720161993166,-5.41131026784037E-5
1.48815015262515,-0.00307171896564297,-0.00416072340752481,0.00116087873504605,0.00115937279703315,1.50593801289192E-6
1.48833931623932,-0.00306147070946942,-0.00414383680590718,0.00115380225880265,0.00115154397413465,2.2582846680014E-6
1.48852847985348,-0.0029818511984563,-0.00410225871704921,0.00119435441482005,0.00114371515123615,5.06392635838977E-5
1.48871764346764,-0.00307339035180274,-0.00412512438197638,0.00112114847616511,0.00113588632833765,-1.47378521725416E-5
1.48890680708181,-0.00314460976031151,-0.0041218487231185,0.00104173673435226,0.00112805750543915,-8.63207710868918E-5
1.48909597069597,-0.00315871131643894,-0.0041803094060085,0.00108902356348115,0.00112022868254065,-3.12051190594939E-5
1.48928513431013,-0.00302118972690329,-0.00409443547661007,0.00114407996918743,0.00111239985964215,3.16801095452868E-5
1.4894742979243,-0.00307480389448975,-0.00408885359266041,0.00108097697824993,0.00110457103674365,-2.35940584937169E-5
1.48966346153846,-0.00300418278090753,-0.00402749028245658,0.00109084579665129,0.00109674221384514,-5.89641719385241E-6
1.48985262515262,-0.00305176958120781,-0.00410441065310694,0.00112211538264447,0.00108891339094664,3.32019916978305E-5
1.49004178876679,-0.00298735439612301,-0.00399464915771338,0.00107377621585533,0.00108108456804814,-7.30835219281043E-6
1.49023095238095,-0.00310309245665233,-0.00396324979031769,9.16927717687268E-4,0.00107325574514964,-1.56328027462372E-4
1.49042011599512,-0.00301384717309181,-0.0041125971291991,0.00117126745321037,0.00106542692225114,1.0584053095923E-4
1.49060927960928,-0.00303499858746853,-0.00399308912450953,0.00102132451248571,0.00105759809935264,-3.6273586866931E-5
1.49079844322344,-0.00303969200985424,-0.00397462925746838,9.96643105956668E-4,0.00104976927645414,-5.31261704974683E-5
1.49098760683761,-0.00297137195461283,-0.00397737918242414,0.00107240370484686,0.00104194045355564,3.04632512912245E-5
1.49117677045177,-0.00295370115292131,-0.00392800616288411,0.00103860914062034,0.00103411163065713,4.49750996320687E-6
1.49136593406593,-0.00298465272031227,-0.00387587335529342,9.50041196889906E-4,0.00102628280775863,-7.62416108687261E-5
1.4915550976801,-0.00297647806708777,-0.00384152866914455,9.22143941792532E-4,0.00101845398486013,-9.63100430675992E-5
1.49174426129426,-0.00295808640994096,-0.00393646549339339,0.00104295210296029,0.00100977704063667,3.31750623236192E-5
1.49193342490842,-0.00296277946542484,-0.0039430981430872,0.00104501971038807,0.00100088788246263,4.41318279254439E-5
1.49212258852259,-0.00300511030534536,-0.0039297732257888,9.8569067319271E-4,9.91985589699443E-4,-6.29491650673227E-6
1.49231175213675,-0.00300471284233568,-0.004097859638467,0.00116529448467599,9.8371556382513E-4,1.8157892085086E-4
1.49250091575092,-0.00298287825369078,-0.00411848659886726,0.00121055849595813,9.75133149164881E-4,2.35425346793245E-4
1.49269007936508,-0.00298777812561317,-0.00405213880068098,0.00113460847962229,9.66869624490788E-4,1.67738855131499E-4
1.49287924297924,-0.00294111486472616,-0.00376368124848292,8.76855765084714E-4,9.59481228495348E-4,-8.2625463410634E-5
1.49306840659341,-0.003029749494316,-0.00383111762946612,8.5425843207003E-4,9.51756629635753E-4,-9.74981975657226E-5
1.49325757020757,-0.00298572328776939,-0.00381794146779663,8.87144579909031E-4,9.4290844218504E-4,-5.5763862276009E-5
1.49344673382173,-0.00287038713790095,-0.00385855597636055,0.00105338798179794,9.33884933100768E-4,1.1950304869717E-4
1.4936358974359,-0.00289944185733327,-0.00385594005925678,0.00101962708325046,9.24367596233829E-4,9.52594870166288E-5
1.49382506105006,-0.00296533496173729,-0.00379955863528233,8.89282435999011E-4,9.1562318722551E-4,-2.63407512264992E-5
1.49401422466422,-0.00296261711228114,-0.00375995331312575,8.49960390100353E-4,9.07132552028354E-4,-5.71721619280004E-5
1.49420338827839,-0.00296959760959933,-0.00372202061930561,8.02082928346887E-4,8.99481560683075E-4,-9.73986323361882E-5
1.49439255189255,-0.00292316140603813,-0.00376266644234466,8.94912368702755E-4,8.92359483423753E-4,2.55288527900197E-6
1.49458171550672,-0.00290457811588263,-0.00382678439978649,9.83071898641513E-4,8.83525664882777E-4,9.95462337587358E-5
1.49477087912088,-0.00286177595423063,-0.00392963601510327,0.00113833882489023,8.73679556503008E-4,2.64659268387223E-4
1.49496004273504,-0.0029245835469494,-0.00389480251093335,0.0010342534156069,8.64804965428889E-4,1.69448450178006E-4
1.49514920634921,-0.00298918836602577,-0.00385865010122812,9.26846209725708E-4,8.55986465661992E-4,7.08597440637153E-5
1.49533836996337,-0.00293284863462773,-0.0038160187059672,9.41459296047871E-4,8.47366797138902E-4,9.40924989089696E-5
1.49552753357753,-0.00297068905168175,-0.00379008265048642,8.73473576325774E-4,8.38917695888098E-4,3.4555880437676E-5
1.4957166971917,-0.00296704012588256,-0.00376572999870046,8.51403404423887E-4,8.30951341800348E-4,2.04520626235392E-5
1.49590586080586,-0.00298879286046855,-0.00381394310256824,8.79610158078273E-4,8.22600048961379E-4,5.70101091168935E-5
1.49609502442002,-0.00295834314504509,-0.0037527749873358,8.46864343881896E-4,8.14015404154189E-4,3.2848939727707E-5
1.49628418803419,-0.00299186104675992,-0.00380003512500029,8.61513567404243E-4,8.06231039627681E-4,5.52825277765613E-5
1.49647335164835,-0.00297036733006225,-0.00380022354909111,8.84626729484764E-4,7.97878835109721E-4,8.67478943750426E-5
1.49666251526252,-0.00291894078498176,-0.00382306144927179,9.63792628133167E-4,7.88736397934447E-4,1.7505623019872E-4
1.49685167887668,-0.00292738082600033,-0.00378020503153157,9.09110603096304E-4,7.79658412425938E-4,1.29452190670365E-4
1.49704084249084,-0.00294599013955415,-0.00367148260241459,7.73374965409221E-4,7.69228659178165E-4,4.14630623105582E-6
1.49723000610501,-0.00295003880787806,-0.0037383083012581,8.40295279943126E-4,7.5902077766908E-4,8.12745022740462E-5
1.49741916971917,-0.00279780231386691,-0.00371495598741231,9.77685815999403E-4,7.49362416915786E-4,2.28323399083617E-4
1.49760833333333,-0.0028595674478215,-0.00369841522896573,8.94211734699744E-4,7.38822931984352E-4,1.55388802715392E-4
1.4977974969475,-0.00291277425134774,-0.00363975888384533,7.74965618242436E-4,7.280427659914E-4,4.69228522510359E-5
1.49798666056166,-0.00287624159294768,-0.00365809366103404,8.3345430458005E-4,7.1766036584209E-4,1.15793938737961E-4
1.49817582417582,-0.0029471988461644,-0.00369759522375479,7.99922538511362E-4,7.06552563764379E-4,9.33699747469829E-5
1.49836498778999,-0.00293937444939104,-0.00375123044781592,8.65438494320914E-4,6.95974911366277E-4,1.69463582954637E-4
1.49855415140415,-0.0029396695899442,-0.00371729424890603,8.28947886453311E-4,6.84717999228113E-4,1.44229887225199E-4
1.49874331501831,-0.00292560213936554,-0.00367296973802695,7.96693860173072E-4,6.74034777278511E-4,1.22659082894561E-4
1.49893247863248,-0.00296638110063666,-0.00363004040089906,7.0746081407971E-4,6.62338524336249E-4,4.51222897434612E-5
1.49912164224664,-0.00293024419013219,-0.00360533629993354,7.19648189048245E-4,6.51391250625996E-4,6.82569384222485E-5
1.49931080586081,-0.00288727607642648,-0.00360666202379472,7.66865419894553E-4,6.40550284018616E-4,1.26315135875936E-4
1.49949996947497,-0.0029161867753814,-0.0036067409833838,7.36130785730562E-4,6.29600498860976E-4,1.06530286869586E-4
1.49968913308913,-0.002973312405132,-0.00363531932623714,7.05699377898079E-4,6.19699851155352E-4,8.59995267427264E-5
1.4998782967033,-0.00294220636037063,-0.00359983446342615,7.01031557857192E-4,6.11084447686911E-4,8.99471101702812E-5
1.50006746031746,-0.00290903090871492,-0.00360521409210553,7.42131273494392E-4,6.02624582627328E-4,1.39506690867064E-4
1.50025662393162,-0.00289690154720213,-0.00358664903394008,7.35270820862654E-4,5.95301290941738E-4,1.39969529920916E-4
1.50044578754579,-0.00301990525743721,-0.00361480279767489,6.34160777893369E-4,5.88346679416264E-4,4.58140984771052E-5
1.50063495115995,-0.00296312516914906,-0.00355561619327324,6.3159543171638E-4,5.82432998684444E-4,4.91624330319356E-5
1.50082411477411,-0.00296784305466728,-0.00353796441001925,6.07749364805208E-4,5.77711788806844E-4,3.00375759983635E-5
1.50101327838828,-0.00289047432820543,-0.00352033915368901,6.71435903965505E-4,5.7440942815397E-4,9.70264758115342E-5
1.50120244200244,-0.00292596528659127,-0.00357946993005601,6.96635949933413E-4,5.71976864165754E-4,1.24659085767659E-4
1.50139160561661,-0.00290803737726288,-0.00365143460522149,7.92461445003869E-4,5.70777985878824E-4,2.21683459125045E-4
1.50158076923077,-0.0029263937245481,-0.00352162147106048,6.34512777782195E-4,5.69120727935395E-4,6.53920498468007E-5
1.50176993284493,-0.00281776546639431,-0.00347439265067896,6.99964578447446E-4,5.66821042091399E-4,1.33143536356047E-4
1.5019590964591,-0.00292268806821803,-0.00343027390735499,5.41086504520003E-4,5.65065001976486E-4,-2.39784974564825E-5
1.50214826007326,-0.00300203786686925,-0.00341257318051745,4.37630644348977E-4,5.62078247590786E-4,-1.24447603241809E-4
1.50233742368742,-0.00301581329495009,-0.00332438083296851,3.28932995527642E-4,5.58289339040501E-4,-2.29356343512859E-4
1.50252658730159,-0.00295796216863587,-0.00339176038585927,4.62428899560148E-4,5.54692203346697E-4,-9.2263303786549E-5
1.50271575091575,-0.00294088688680454,-0.00339560620899851,4.84730797458769E-4,5.49614002936822E-4,-6.48832054780536E-5
1.50290491452991,-0.00289102450896556,-0.00332092062871016,4.58269263647735E-4,5.42187387289229E-4,-8.39181236414938E-5
1.50309407814408,-0.00295185018760192,-0.00335598601543975,4.30808792475127E-4,5.32981363858972E-4,-1.02172571383845E-4
1.50328324175824,-0.00295181588886705,-0.00336021217701682,4.35350443167653E-4,5.2246748072439E-4,-8.71170375567376E-5
1.50347240537241,-0.00289029739252072,-0.0034075740363428,5.51416902314341E-4,5.1101440999367E-4,4.04024923206712E-5
1.50366156898657,-0.00297192252517023,-0.00346597859674077,5.26663772294204E-4,4.9806562601174E-4,2.85981462824639E-5
1.50385073260073,-0.00297838548094609,-0.0034353647672472,4.87139919196984E-4,4.8435723659261E-4,2.78268260437407E-6
1.5040398962149,-0.00292024124617061,-0.00343849820156877,5.52461914454434E-4,4.7133000669736E-4,8.1131907757074E-5
1.50422905982906,-0.00292319197650262,-0.00343299628544995,5.43451393337852E-4,4.57099067737E-4,8.63523256008517E-5
1.50441822344322,-0.00293616917817857,-0.00342785571301229,5.24137846132745E-4,4.428030440132E-4,8.13348021195449E-5
1.50460738705739,-0.00296496109135676,-0.00338741058043537,4.503311553578E-4,4.28883290523848E-4,2.14478648339514E-5
1.50479655067155,-0.00299255558832046,-0.00338327242029535,4.16504142885234E-4,4.15247323297684E-4,1.2568195875494E-6
1.50498571428571,-0.00298191840587716,-0.00332342238574975,3.64043242544182E-4,4.02817985243602E-4,-3.87747426994195E-5
1.50517487789988,-0.00296348704394306,-0.00331829433278567,3.78224569906227E-4,3.91778410363453E-4,-1.35538404572259E-5
1.50536404151404,-0.00295584829924572,-0.00336152015398884,4.32446197156164E-4,3.81723849507296E-4,5.07223476488688E-5
1.50555320512821,-0.00300717497066773,-0.00336946037184065,3.86196237650337E-4,3.7140372177859E-4,1.47925158717475E-5
1.50574236874237,-0.0029329532728084,-0.00341025099171263,5.08799368351908E-4,3.62101008300084E-4,1.46698360051824E-4
1.50593153235653,-0.00300185919189466,-0.00334159545064017,3.62158851822711E-4,3.52812742772166E-4,9.34610905054483E-6
1.5061206959707,-0.00299032156228792,-0.00333655016953226,3.69079695322458E-4,3.44165086989379E-4,2.4914608333079E-5
1.50630985958486,-0.0029964462647167,-0.00326385526919329,2.85057998772041E-4,3.35948636037692E-4,-5.08906372656511E-5
1.50649902319902,-0.00297950147389417,-0.00330409061174194,3.46012020945729E-4,3.27660454822613E-4,1.83515661231164E-5
1.50668818681319,-0.00303251319120306,-0.00328926631670298,2.73698831782917E-4,3.18770276549475E-4,-4.50714447665583E-5
1.50687735042735,-0.00301034337749196,-0.00334832231153802,3.60285543693093E-4,3.10588133151755E-4,4.96974105413375E-5
1.50706651404151,-0.00294246091929987,-0.00332655233843473,4.09441452797765E-4,3.02249084165236E-4,1.07192368632529E-4
1.50725567765568,-0.00305349041972994,-0.00325368902008273,2.13411707976077E-4,2.93327465089147E-4,-7.99157571130698E-5
1.50744484126984,-0.00299357929612783,-0.00330997567706844,3.37278542082697E-4,2.84969724531834E-4,5.23088175508635E-5
1.507634004884,-0.00299164687906254,-0.00329293370862057,3.21171760308856E-4,2.7644278444185E-4,4.47289758670054E-5
1.50782316849817,-0.00298705210100935,-0.00325430034995212,2.84886633372999E-4,2.6798722458148E-4,1.68994087915193E-5
1.50801233211233,-0.00300011158705983,-0.00320660055536421,2.20117240212462E-4,2.59274608273482E-4,-3.91573680610198E-5
1.5082014957265,-0.00304432921554592,-0.0032838258599077,2.55303422889659E-4,2.50047865649182E-4,5.25555724047687E-6
1.50839065934066,-0.00305994811007026,-0.00334033824518192,2.98895884029023E-4,2.41126865029657E-4,5.77690189993664E-5
1.50857982295482,-0.00305168383220632,-0.00325719349123016,2.19073296519415E-4,2.30975684315125E-4,-1.19023877957099E-5
1.50876898656899,-0.00306248253727886,-0.00327734596053438,2.29044409190383E-4,2.20889644002789E-4,8.15476518759353E-6
1.50895815018315,-0.00302631274413059,-0.00329167402901946,2.82875129691536E-4,2.11279540326544E-4,7.1595589364992E-5
1.50914731379731,-0.00303227524079451,-0.00328189953451117,2.66099497101956E-4,2.03017976840786E-4,6.30815202611698E-5
1.50933647741148,-0.00303846965122567,-0.00324709086286485,2.22390211607359E-4,1.95037051563444E-4,2.7353160043915E-5
1.50952564102564,-0.00306724165744209,-0.00327113582714119,2.17351184899247E-4,1.86608620319894E-4,3.0742564579353E-5
1.5097148046398,-0.0030534464945337,-0.00327553285511392,2.36744060378512E-4,1.77509566031483E-4,5.92344943470291E-5
1.50990396825397,-0.00303639425818736,-0.00324304539107178,2.20290107654793E-4,1.6897222069923E-4,5.13178869555623E-5
1.51009313186813,-0.00306136170712358,-0.00325473241383149,2.06133173350638E-4,1.60279977452878E-4,4.58531958977598E-5
1.5102822954823,-0.00307785060934047,-0.00326289862207912,1.97261181579401E-4,1.5222934366024E-4,4.50318379191607E-5
1.51047145909646,-0.0030859092761145,-0.00321422762836302,1.36787363496914E-4,1.44419359793456E-4,-7.6319962965419E-6
1.51066062271062,-0.0030750058222706,-0.0031530941840839,8.32421936929749E-5,1.35893404650589E-4,-7.6319962965419E-6
1.51084978632479,-0.00309242016788477,-0.00308127244902931,-1.18834682999148E-5,1.27434800408918E-4,-7.68043321477973E-5
1.51103894993895,-0.00312120375671604,-0.00315893629484206,4.02228856423385E-5,1.17027217790136E-4,-7.68043321477973E-5
1.51122811355311,-0.00313319285771592,-0.00319151171886678,6.21679059868165E-5,1.07274317326555E-4,-4.51064113397382E-5
1.51141727716728,-0.00315206267128032,-0.00320124667792048,5.24301510784079E-5,9.7858428693144E-5,-4.54282776147361E-5
1.51160644078144,-0.00317004262910665,-0.0031670585052076,-3.18107607639426E-6,8.82284032128149E-5,-9.14094792892092E-5
1.5117956043956,-0.00315183794997684,-0.00321091923289662,6.29806475924785E-5,7.92772014073848E-5,-1.62965538149063E-5
1.51198476800977,-0.00317061207745243,-0.00321588937171377,4.82655956825879E-5,7.03944837248129E-5,-2.2128888042225E-5
1.51217393162393,-0.00316037301244304,-0.00318946584250101,3.10129568417941E-5,6.11453658109951E-5,-3.0132408969201E-5
1.5123630952381,-0.00311451775577853,-0.00315403794314566,4.21285197333555E-5,5.20666795648118E-5,-9.93815983145631E-6
1.51255225885226,-0.00325564804009705,-0.0031570237615708,-1.05133480908986E-4,4.27422899968451E-5,-1.47875770905831E-4
1.51274142246642,-0.0032065056465531,-0.00313623166732631,-7.49120618557563E-5,3.29388133675769E-5,-1.07850875223333E-4
1.51293058608059,-0.00335242786541291,-0.00315381242622326,-2.11724058176175E-4,2.28123218053279E-5,-2.34536379981503E-4
1.51311974969475,-0.00343788366257696,-0.00317891951908762,-2.76055776959631E-4,1.37662332797702E-5,-2.89822010239401E-4
1.51330891330891,-0.00335931523450035,-0.00304491969663783,-3.35145643361444E-4,5.0904814596478E-6,-3.40236124821092E-4
1.51349807692308,-0.00343118044300944,-0.00310000949962183,-3.53028225651196E-4,-3.91988794760021E-6,-3.49108337703595E-4
1.51368724053724,-0.00338611108331185,-0.0030533504284885,-3.54722858041694E-4,-1.36320228513556E-5,-3.41090835190338E-4
1.5138764041514,-0.00343675475907949,-0.00305019727669283,-4.12070276224183E-4,-2.33023113618422E-5,-3.88767964862341E-4
1.51406556776557,-0.00346395211134711,-0.00302680586888332,-4.65997894466401E-4,-3.20037159910686E-5,-4.33994178475332E-4
1.51425473137973,-0.00347770018159909,-0.00305749998793109,-4.47933406450082E-4,-4.13071819467486E-5,-4.06626224503334E-4
1.5144438949939,-0.0033399852603389,-0.00300948413431577,-3.52314200340666E-4,-5.03120399932764E-5,-3.0200216034739E-4
1.51463305860806,-0.00345468012823766,-0.0029688755821504,-5.17867646129017E-4,-5.95989465736608E-5,-4.58268699555356E-4
1.51482222222222,-0.00345841410864936,-0.002999376951312,-4.89333609721629E-4,-6.86330482718498E-5,-4.2070056144978E-4
1.51501138583639,-0.00353727238551258,-0.0029536170033525,-6.22176637382648E-4,-7.7131378484469E-5,-5.45045258898179E-4
1.51520054945055,-0.00345611276359647,-0.00295670925345762,-5.32364141808017E-4,-8.51515409661643E-5,-4.47212600841852E-4
1.51538971306471,-0.00345430547096478,-0.00298675703240181,-4.98406635508122E-4,-9.31042280808849E-5,-4.05302407427237E-4
1.51557887667888,-0.00345650467774162,-0.00302319151070776,-4.61911836058097E-4,-1.01119191888767E-4,-3.6079264416933E-4
1.51576804029304,-0.00343901161257435,-0.00308147178893088,-3.81137452003933E-4,-1.08725435813782E-4,-2.72412016190151E-4
1.5159572039072,-0.00340119387792464,-0.00319125875052529,-2.23790845807712E-4,-1.16331963012295E-4,-1.07458882795417E-4
1.51614636752137,-0.00340972371222035,-0.00327026468767878,-1.48663320161314E-4,-1.23550393821953E-4,-2.51129263393611E-5
1.51633553113553,-0.00341125606635678,-0.00335237343783761,-6.27688820014394E-5,-1.30900959251917E-4,6.81320772504781E-5
1.51652469474969,-0.00333439430109034,-0.00348432228856208,1.59823234644873E-4,-1.38291923933953E-4,2.98115158578827E-4
1.51671385836386,-0.00322838989640839,-0.00358882987646848,3.84229018744047E-4,-1.44550913299634E-4,5.28779932043681E-4
1.51690302197802,-0.00321274929178639,-0.00369791474141607,5.17186369305238E-4,-1.50722585284966E-4,6.67908954590203E-4
1.51709218559219,-0.00319515502784398,-0.00380769818608021,6.52971006679823E-4,-1.56699010000946E-4,8.09670016680768E-4
1.51728134920635,-0.00315637985871387,-0.00389984861759153,7.92537696963585E-4,-1.6317639114388E-4,9.55714088107465E-4
1.51747051282051,-0.00310658366580383,-0.0039717753513671,9.22294336810453E-4,-1.69367986116249E-4,0.0010916623229267
1.51765967643468,-0.00309417842669055,-0.00400096280454111,9.66632146788697E-4,-1.76400356707714E-4,0.00114303250349641
1.51784884004884,-0.00308835081413851,-0.00395467347409845,9.23499955517294E-4,-1.81900003588393E-4,0.00110539995910569
1.518038003663,-0.00305936316394226,-0.00390226682737181,8.98535305215906E-4,-1.87642506227978E-4,0.00108617781144388
1.51822716727717,-0.00309925600966475,-0.00382599722295817,7.74706133370788E-4,-1.92029024022056E-4,9.66735157392843E-4
1.51841633089133,-0.00315749272935033,-0.00373108975850262,6.11454433076346E-4,-1.96446168771664E-4,8.0790060184801E-4
1.51860549450549,-0.00318886601524426,-0.00359847011717557,4.36637972658779E-4,-1.99695564596749E-4,6.36333537255528E-4
1.51879465811966,-0.00326350179596459,-0.00344637355312441,1.94941293132364E-4,-2.04100016175053E-4,3.99041309307417E-4
1.51898382173382,-0.00328336284279651,-0.00331571378044178,3.44860995298671E-5,-2.08986749697754E-4,2.43472849227621E-4
1.51917298534799,-0.0033408742997394,-0.00312583546024943,-2.29231402896308E-4,-2.13340178210438E-4,-1.589122468587E-5
1.51936214896215,-0.00348886703981142,-0.00297130681337549,-5.51719201380708E-4,-2.17908533486162E-4,-3.33810667894546E-4
1.51955131257631,-0.0036406303306475,-0.00287415227466539,-8.17065607676935E-4,-2.22563777985701E-4,-5.94501829691234E-4
1.51974047619048,-0.00379064302012336,-0.00281344724983789,-0.00104169069112431,-2.28182506466783E-4,-8.13508184657528E-4
1.51992963980464,-0.00388719327341512,-0.00273590093576113,-0.00122727763193915,-2.33923881280182E-4,-9.93353750658972E-4
1.5201188034188,-0.00387533583808318,-0.00274373705821574,-0.00120628429933869,-2.39486649628318E-4,-9.66797649710376E-4
1.52030796703297,-0.00396058824115627,-0.0027219371670772,-0.00132040204496829,-2.45741000675536E-4,-0.00107466104429276
1.52049713064713,-0.00396341126430052,-0.00275915111258969,-0.00128374132172374,-2.51841693296138E-4,-0.0010318996284276
1.52068629426129,-0.00394396229877346,-0.0027934223476698,-0.0012264755878765,-2.58075582223153E-4,-9.68400005653346E-4
1.52087545787546,-0.00390005342925809,-0.00283307783746261,-0.00113739598085399,-2.64008311490499E-4,-8.73387669363488E-4
1.52106462148962,-0.00383663809323081,-0.00289454772636121,-0.00100426833108299,-2.69783972669342E-4,-7.34484358413652E-4
1.52125378510379,-0.00378364075700866,-0.00298999106643337,-8.46030570153256E-4,-2.7532385933197E-4,-5.70706710821286E-4
1.52144294871795,-0.00366172825212678,-0.00307044650454542,-6.30306342921734E-4,-2.80712309723559E-4,-3.49594033198174E-4
1.52163211233211,-0.00367548833912451,-0.0030932539372284,-6.20661872421258E-4,-2.86742837741524E-4,-3.33919034679734E-4
1.52182127594628,-0.00361087502508199,-0.00313265079752608,-5.09787026574601E-4,-2.92773465809936E-4,-2.17013560764665E-4
1.52201043956044,-0.00361246016646983,-0.00314581137789327,-4.97447608622613E-4,-2.99261850368681E-4,-1.98185758253931E-4
1.5221996031746,-0.00355271428077492,-0.00321816103854968,-3.56633756212112E-4,-3.05200336446789E-4,-5.14334197653231E-5
1.52238876678877,-0.00354294205632724,-0.00323221326000159,-3.31236896883145E-4,-3.11576915506207E-4,-1.96599813769377E-5
1.52257793040293,-0.00360577520604601,-0.00313640253241438,-5.00351270091319E-4,-3.17284568463001E-4,-1.83066701628318E-4
1.52276709401709,-0.00349948359401658,-0.00317213553445167,-3.48953031496192E-4,-3.23632681208004E-4,-2.53203502881887E-5
1.52295625763126,-0.0035374555087193,-0.00318302585719551,-3.77822008524354E-4,-3.29413548398473E-4,-4.84084601258816E-5
1.52314542124542,-0.00359706425645554,-0.00319431165726399,-4.29334270738191E-4,-3.35617908257889E-4,-9.37163624803013E-5
1.52333458485959,-0.00359928835112257,-0.0031741540573474,-4.53193157164339E-4,-3.42468475178506E-4,-1.10724681985834E-4
1.52352374847375,-0.00353378187022152,-0.00316739866695679,-3.90564494680202E-4,-3.48063720143088E-4,-4.25007745371141E-5
1.52371291208791,-0.00359514934930024,-0.00311854000737039,-5.08065558497219E-4,-3.54306585390248E-4,-1.53758973106971E-4
1.52390207570208,-0.00361494800756356,-0.00312361893220627,-5.2375679433087E-4,-3.60574984032289E-4,-1.6318181029858E-4
1.52409123931624,-0.00357130486518869,-0.00315206913750833,-4.46905285707259E-4,-3.66790591550638E-4,-8.0114694156621E-5
1.5242804029304,-0.00361986133431559,-0.00312009278050018,-5.32753278367227E-4,-3.72646447622855E-4,-1.60106830744372E-4
1.52446956654457,-0.00362385902175592,-0.00311747962893588,-5.39800432746162E-4,-3.78600130745202E-4,-1.6120030200096E-4
1.52465873015873,-0.0036136026234139,-0.00307837052443737,-5.70557417508985E-4,-3.84961839443979E-4,-1.85595578065007E-4
1.52484789377289,-0.00362591241074638,-0.00314359121238686,-5.14154397451256E-4,-3.90686724365871E-4,-1.23467673085385E-4
1.52503705738706,-0.00358843564077708,-0.00311121308072488,-5.08719249015642E-4,-3.96527565384631E-4,-1.12191683631011E-4
1.52522622100122,-0.00363141333519375,-0.00312871953502508,-5.35871590979801E-4,-4.02596914698598E-4,-1.33274676281202E-4
1.52541538461538,-0.00358660168514068,-0.00310772758536994,-5.10479790355604E-4,-4.08419492236474E-4,-1.0206029811913E-4
1.52560454822955,-0.00365646390207739,-0.00313665418093483,-5.54117162737976E-4,-4.14132210697975E-4,-1.39984952040001E-4
1.52579371184371,-0.00360628736395682,-0.00313485180905964,-5.02550301520389E-4,-4.19460553262559E-4,-8.308974825783E-5
1.52598287545788,-0.00354919723751442,-0.00313619632891717,-4.40258968564672E-4,-4.24859465562296E-4,-1.53995030023765E-5
1.52617203907204,-0.0036551068316987,-0.00309498379311777,-5.97091159127274E-4,-4.29847707919175E-4,-1.67243451208099E-4
1.5263612026862,-0.00357037997079351,-0.0030762918015246,-5.26697988440664E-4,-4.34396133287737E-4,-9.23018551529275E-5
1.52655036630037,-0.00362449703101358,-0.00312409898891866,-5.33424312873184E-4,-4.38924443436393E-4,-9.44998694367906E-5
1.52673952991453,-0.00364016155282302,-0.00311199461030184,-5.63025960727574E-4,-4.43053473646466E-4,-1.19972487081108E-4
1.52692869352869,-0.00358286714217647,-0.00314820539106558,-4.63349426684199E-4,-4.46519092352387E-4,-1.68303343318124E-5
1.52711785714286,-0.0036747892083672,-0.00307314023752148,-6.41357802921532E-4,-4.49332765302719E-4,-1.92025037618813E-4
1.52730702075702,-0.00369213593873704,-0.00309786524111464,-6.33492563665485E-4,-4.52339214287984E-4,-1.81153349377501E-4
1.52749618437118,-0.00373238760653154,-0.00309142067727495,-6.83270746587526E-4,-4.55395850286355E-4,-2.27874896301171E-4
1.52768534798535,-0.00373351393280892,-0.00307190505749146,-7.05275061088403E-4,-4.58296958683004E-4,-2.46978102405399E-4
1.52787451159951,-0.00369329040132455,-0.0030767970313407,-6.57181932402778E-4,-4.60775288970532E-4,-1.96406643432247E-4
1.52806367521368,-0.00373283929756362,-0.00310662792861812,-6.67541319295908E-4,-4.63716351128207E-4,-2.03824968167701E-4
1.52825283882784,-0.00373529686926844,-0.00307677059798836,-7.01989005184561E-4,-4.6642483658895E-4,-2.35564168595611E-4
1.528442002442,-0.00374518106895601,-0.00308327581171825,-7.0559100421545E-4,-4.68882469387038E-4,-2.36708534828413E-4
1.52863116605617,-0.00377723279648664,-0.00308965582770797,-7.32957048718065E-4,-4.71358776045397E-4,-2.61598272672668E-4
1.52882032967033,-0.00382228521768101,-0.00307953871287792,-7.91767774120093E-4,-4.72959819408504E-4,-3.18807954711589E-4
1.52900949328449,-0.0037984251989599,-0.00307812742315182,-7.67837429011411E-4,-4.74753504714499E-4,-2.93083924296912E-4
1.52919865689866,-0.0037162574066026,-0.00311797360287458,-6.37770534774067E-4,-4.75798269103728E-4,-1.61972265670339E-4
1.52938782051282,-0.00376834160964467,-0.00310213279554363,-7.10178595831705E-4,-4.76704651969071E-4,-2.33473943862634E-4
1.52957698412698,-0.00373760121214684,-0.00308049249854806,-7.00477888696291E-4,-4.77275423606887E-4,-2.23202465089405E-4
1.52976614774115,-0.00373236686346894,-0.00309157019128998,-6.83089252542767E-4,-4.77759705941292E-4,-2.05329546601475E-4
1.52995531135531,-0.00378913294744452,-0.00307674307821988,-7.59407600593469E-4,-4.78546426960946E-4,-2.80861173632523E-4
1.53014447496948,-0.00373131673891593,-0.00306248505659392,-7.1297457335526E-4,-4.79250475293911E-4,-2.33724098061349E-4
1.53033363858364,-0.00377365690404686,-0.00306311433946784,-7.57438373841235E-4,-4.79529909244056E-4,-2.77908464597179E-4
1.5305228021978,-0.00378788632022084,-0.00309378858340574,-7.39908187444894E-4,-4.79751959961062E-4,-2.60156227483832E-4
1.53071196581197,-0.00381084256070465,-0.00313296026152564,-7.2262253092482E-4,-4.80473344584301E-4,-2.42149186340518E-4
1.53090112942613,-0.00382324480297671,-0.00315168429271686,-7.15883503937003E-4,-4.80285173963084E-4,-2.35598329973918E-4
1.53109029304029,-0.00378041997991131,-0.00316454699099497,-6.56520606184814E-4,-4.80140232252283E-4,-1.76380373932531E-4
1.53127945665446,-0.00377828393627469,-0.00315540685345089,-6.63986970290179E-4,-4.79181062702116E-4,-1.84805907588063E-4
1.53146862026862,-0.00381480769449725,-0.00321418733092408,-6.40261307568996E-4,-4.7886169504335E-4,-1.61399612525647E-4
1.53165778388278,-0.00377955605806643,-0.00321323955595272,-6.0369339125322E-4,-4.78807383272139E-4,-1.24886007981081E-4
1.53184694749695,-0.00377912149734283,-0.00324953713951251,-5.64536925447121E-4,-4.79155438501355E-4,-8.53814869457666E-5
1.53203611111111,-0.00378580801208877,-0.00322763092667823,-5.95016773047637E-4,-4.79933692445204E-4,-1.15083080602432E-4
1.53222527472527,-0.00376292090128585,-0.00326262060992169,-5.33320110594192E-4,-4.81670481194349E-4,-5.16496293998432E-5
1.53241443833944,-0.00378432009035546,-0.00330137880045901,-5.14815415029611E-4,-4.83932656105514E-4,-3.08827589240969E-5
1.5326036019536,-0.00379176463370131,-0.00329590709170745,-5.28584139765459E-4,-4.86405334814424E-4,-4.21788049510348E-5
1.53279276556777,-0.00373488820256753,-0.00332576399652812,-4.36126403638006E-4,-4.90376983031651E-4,5.42505793936446E-5
1.53298192918193,-0.00372535836381024,-0.00332783446345812,-4.23760477775359E-4,-4.95707781724264E-4,7.19473039489052E-5
1.53317109279609,-0.00374156879547479,-0.00335299537931401,-4.14219261627389E-4,-5.01898968262092E-4,8.76797066347025E-5
1.53336025641026,-0.00373676420701731,-0.00332757445891577,-4.36196271476242E-4,-5.08938305880661E-4,7.27420344044188E-5
1.53354942002442,-0.00368449345713111,-0.00334478727482187,-3.62126790341655E-4,-5.16983399892108E-4,1.54856609550453E-4
1.53373858363858,-0.00369108832899348,-0.00330640359528182,-4.10073926136632E-4,-5.25686334485095E-4,1.15612408348463E-4
1.53392774725275,-0.0035984071479396,-0.0033114213704406,-3.05926838813934E-4,-5.3468134375009E-4,2.28754504936156E-4
1.53411691086691,-0.0035714240562988,-0.0033068805544961,-2.82003372921678E-4,-5.43447937345622E-4,2.61444564423944E-4
1.53430607448107,-0.00350445838039344,-0.00330839080228158,-2.09008038267244E-4,-5.52163945761053E-4,3.43155907493808E-4
1.53449523809524,-0.00355512914108064,-0.00325709808307495,-3.17701107834065E-4,-5.60047981787187E-4,2.42346873953121E-4
1.5346844017094,-0.00349195410870955,-0.00327927710067778,-2.26713690561871E-4,-5.67153414213513E-4,3.40439723651642E-4
1.53487356532357,-0.00353225638206388,-0.00325952437424971,-2.90732320329907E-4,-5.73108641045015E-4,2.82376320715108E-4
1.53506272893773,-0.00352363800355374,-0.0031944629238886,-3.50900634923035E-4,-5.7772369132383E-4,2.26823056400795E-4
1.53525189255189,-0.00350583372474736,-0.00323738437013088,-2.86167012021169E-4,-5.81289892162408E-4,2.95122880141239E-4
1.53544105616606,-0.00352877244137094,-0.00320008580002594,-3.50379959673769E-4,-5.83380624326961E-4,2.33000664653192E-4
1.53563021978022,-0.0035246526287307,-0.00318628830766735,-3.6069636625353E-4,-5.83565571284206E-4,2.22869205030676E-4
1.53581938339438,-0.00355274462225146,-0.00316870553411771,-4.09385667950585E-4,-5.81903735025704E-4,1.72518067075119E-4
1.53600854700855,-0.00360029014563796,-0.00317335644883027,-4.55111320796994E-4,-5.79206259416777E-4,1.24094938619783E-4
1.53619771062271,-0.00359669278807088,-0.00316133306167845,-4.6409346833433E-4,-5.75419888506986E-4,1.11326420172656E-4
1.53638687423687,-0.00360485619808368,-0.00311983545266172,-5.1703211461981E-4,-5.71609366655333E-4,5.45772520355231E-5
1.53657603785104,-0.00360915986232773,-0.00314033524245418,-4.997670447852E-4,-5.67208682254808E-4,6.7441637469608E-5
1.5367652014652,-0.00361008266987022,-0.00310177388901963,-5.4185716038673E-4,-5.62924463060066E-4,2.10673026733354E-5
1.53695436507937,-0.00363905797474685,-0.00310982199973901,-5.64165549358362E-4,-5.58890392100704E-4,-5.27515725765753E-6
1.53714352869353,-0.0036475386486385,-0.00311176574179328,-5.7113391869701E-4,-5.55410876956301E-4,-1.57230417407093E-5
1.53733269230769,-0.00364432045381091,-0.00309715593526944,-5.83277376765209E-4,-5.5264169492637E-4,-3.06356818388383E-5
1.53752185592186,-0.00363532304169355,-0.00312575414201671,-5.43200447055505E-4,-5.50620399081479E-4,7.41995202597438E-6
1.53771101953602,-0.00367746266117885,-0.00311576088452237,-5.98774093915801E-4,-5.49715908780917E-4,-4.9058185134884E-5
1.53790018315018,-0.00369408762425985,-0.00308898334466492,-6.45041162048195E-4,-5.48900247840841E-4,-9.61409142073543E-5
1.53808934676435,-0.00368400567773576,-0.00312048373477754,-6.00714391193453E-4,-5.4870274327798E-4,-5.20116479154723E-5
1.53827851037851,-0.00369608370114412,-0.0030832110299118,-6.53322267533648E-4,-5.48622781871055E-4,-1.04699485662593E-4
1.53846767399267,-0.00375611848554758,-0.00307946245943304,-7.21315323838102E-4,-5.49344459004474E-4,-1.71970864833628E-4
1.53865683760684,-0.00373936912903452,-0.00309119778115491,-6.90950656839656E-4,-5.50186628448554E-4,-1.40764028391102E-4
1.538846001221,-0.00374177853551048,-0.00304804940000411,-7.39515258449787E-4,-5.50006013171818E-4,-1.89509245277969E-4
1.53903516483517,-0.00376174321788823,-0.00309117149388517,-7.14829457787258E-4,-5.50963869764482E-4,-1.63865588022776E-4
1.53922432844933,-0.00372624312569884,-0.00306896358323431,-7.0065999226719E-4,-5.51700030902297E-4,-1.48959961364893E-4
1.53941349206349,-0.003751707694663,-0.0030368807803782,-7.62005490627598E-4,-5.521170585806E-4,-2.09888432046998E-4
1.53960265567766,-0.00375467125707959,-0.00305732118112502,-7.43375180967572E-4,-5.52524221835105E-4,-1.90850959132467E-4
1.53979181929182,-0.00373949887410385,-0.00305446002308919,-7.30251415181623E-4,-5.53380641608143E-4,-1.76870773573481E-4
1.53998098290598,-0.00377010342867508,-0.0030658591439845,-7.50724407480153E-4,-5.53456415701451E-4,-1.97267991778702E-4
1.54017014652015,-0.0037706484164526,-0.00304083392089474,-7.77982252264682E-4,-5.5321038739493E-4,-2.24771864869751E-4
1.54035931013431,-0.0037742414545116,-0.00304137639997451,-7.81234148136542E-4,-5.53597007855774E-4,-2.27637140280768E-4
1.54054847374847,-0.0037815402588,-0.00306599017340439,-7.62776391031715E-4,-5.53248363031611E-4,-2.09528028000104E-4
1.54073763736264,-0.00377677304223042,-0.00303666393954578,-7.88956303461829E-4,-5.5299691903836E-4,-2.35959384423469E-4
1.5409268009768,-0.00377119251822012,-0.00305835759784097,-7.59882025124174E-4,-5.52649701325839E-4,-2.07232323798336E-4
1.54111596459096,-0.00379043105216778,-0.00306834905871793,-7.69739405017532E-4,-5.52460660648832E-4,-2.172787443687E-4
1.54130512820513,-0.00377095574238439,-0.00306271596471374,-7.54983602996911E-4,-5.52434461296193E-4,-2.02549141700718E-4
1.54149429181929,-0.00376054814984181,-0.00307615672219193,-7.29561261874766E-4,-5.52204982864838E-4,-1.77356279009929E-4
1.54168345543346,-0.00378182909701482,-0.00307405738471718,-7.54484645309289E-4,-5.52114933210217E-4,-2.02369712099072E-4
1.54187261904762,-0.00374962773660518,-0.00309878778009053,-6.93795393644617E-4,-5.51837148721558E-4,-1.41958244923059E-4
1.54206178266178,-0.00376783038381138,-0.00312386233233245,-6.86469942876545E-4,-5.51891182862739E-4,-1.34578760013806E-4
1.54225094627595,-0.00374220123487158,-0.00314867465384757,-6.32699335371593E-4,-5.52377840078674E-4,-8.03214952929192E-5
1.54244010989011,-0.00371882406746964,-0.00318256931636889,-5.71647564673407E-4,-5.51923125133786E-4,-1.97244395396212E-5
1.54262927350427,-0.00371491395831201,-0.00317356325114426,-5.77079853840819E-4,-5.5185776554409E-4,-2.52220882967283E-5
1.54281843711844,-0.0037158039688188,-0.00318177319731264,-5.69276802425563E-4,-5.51807220960559E-4,-1.74695814650035E-5
1.5430076007326,-0.00370333126866842,-0.0032254901757796,-5.09378605019484E-4,-5.51724501652677E-4,4.23458966331934E-5
1.54319676434676,-0.00369095111530021,-0.00322845435844589,-4.93021542806714E-4,-5.52360994370035E-4,5.93394515633206E-5
1.54338592796093,-0.0036686153014935,-0.00322407506618586,-4.73879890837941E-4,-5.51910783712653E-4,7.80308928747116E-5
1.54357509157509,-0.00367603724544038,-0.00324403269597082,-4.60516849734553E-4,-5.51351712692229E-4,9.08348629576761E-5
1.54376425518926,-0.00367194791148503,-0.0032557571190378,-4.43659384748747E-4,-5.5048837615411E-4,1.06828991405363E-4
1.54395341880342,-0.00366163160244576,-0.00326109168195467,-4.26975555243505E-4,-5.49669625790323E-4,1.22694070546818E-4
1.54414258241758,-0.0036608399495114,-0.00324813734034624,-4.39940981370063E-4,-5.49071749706789E-4,1.09130768336726E-4
1.54433174603175,-0.00364256709529201,-0.00325336876686385,-4.14885418104413E-4,-5.48295840366714E-4,1.33410422262301E-4
1.54452090964591,-0.00362192231673568,-0.00325677949156569,-3.89242251631208E-4,-5.47247568677498E-4,1.5800531704629E-4
1.54471007326007,-0.00361771599312059,-0.00326000499983162,-3.81319918846039E-4,-5.46158972993593E-4,1.64839054147555E-4
1.54489923687424,-0.00362042577153915,-0.00326497371150127,-3.7891189600038E-4,-5.44969526708564E-4,1.66057630708184E-4
1.5450884004884,-0.00362878512622972,-0.00327078114013136,-3.81632249180851E-4,-5.43702393953803E-4,1.62070144772952E-4
1.54527756410256,-0.00364231386708423,-0.00327610489078559,-3.90378768734356E-4,-5.42288608549431E-4,1.51909839815075E-4
1.54546672771673,-0.00364875994841446,-0.00324440042971525,-4.31047246933361E-4,-5.4192094781931E-4,1.1087370088595E-4
1.54565589133089,-0.00364076035364752,-0.00323480576318984,-4.32747593427889E-4,-5.40397225698953E-4,1.07649632271063E-4
1.54584505494506,-0.00364057245935249,-0.003231716451065,-4.35840504834471E-4,-5.38409060097715E-4,1.02568555263244E-4
1.54603421855922,-0.00367725522033828,-0.00321829447699625,-4.892521524026E-4,-5.36713610288204E-4,4.74614578856042E-5
1.54622338217338,-0.00370285648984504,-0.0032033606726207,-5.32462541161148E-4,-5.34710658984023E-4,2.24811782287434E-6
1.54641254578755,-0.00369940696059717,-0.00321743594751915,-5.13781099941162E-4,-5.33131713634283E-4,1.93506136931212E-5
1.54660170940171,-0.00367143984016436,-0.00321561987857141,-4.85904079058088E-4,-5.31696039864706E-4,4.5791960806618E-5
1.54679087301587,-0.00367250564876953,-0.00322628522577269,-4.75670970914632E-4,-5.30583457711917E-4,5.49124867972851E-5
1.54698003663004,-0.00369770656519282,-0.00324208698742463,-4.85690469900895E-4,-5.29616554709938E-4,4.39260848090434E-5
1.5471692002442,-0.00367943096279971,-0.00324364430503738,-4.64548577174641E-4,-5.28673386432582E-4,6.41248092579419E-5
1.54735836385836,-0.00367181929372729,-0.00324202694447402,-4.5815864430399E-4,-5.27620717332972E-4,6.94620730289821E-5
1.54754752747253,-0.00368258997494322,-0.00323441711175458,-4.77752272159091E-4,-5.26000372142004E-4,4.82480999829134E-5
1.54773669108669,-0.00368655235374962,-0.00322771621619695,-4.89119322631151E-4,-5.2445272360963E-4,3.5333400978479E-5
1.54792585470086,-0.00370683303717106,-0.00321768737089161,-5.214292802539E-4,-5.23122464255682E-4,1.693184001782E-6
1.54811501831502,-0.0037049668107205,-0.00322258512554016,-5.14218876402235E-4,-5.21899066047576E-4,7.68018964534135E-6
1.54830418192918,-0.00369013745518246,-0.00320159925451503,-5.20781721911476E-4,-5.20402310471729E-4,-3.7941143974686E-7
1.54849334554335,-0.00371075630984201,-0.0032084155687815,-5.35495229970505E-4,-5.19326808910797E-4,-1.6168421059708E-5
1.54868250915751,-0.00367514325361509,-0.00321961141381679,-4.85596941224988E-4,-5.18855113731077E-4,3.32581725060897E-5
1.54887167277167,-0.00369055530302973,-0.00320338024627461,-5.19328610500958E-4,-5.18540007030195E-4,-7.88603470762558E-7
1.54906083638584,-0.00371059881152059,-0.00321591067109587,-5.27337557692756E-4,-5.18684673699796E-4,-8.6528839929607E-6
1.54925,-0.00369962861749727,-0.00319164875946413,-5.41506528663327E-4,-5.19200548164766E-4,-2.23059804985605E-5
1.54943916361416,-0.00370795337016661,-0.00319129696669983,-5.50755726095592E-4,-5.19737705224962E-4,-3.10180208706295E-5
1.54962832722833,-0.00374688642925696,-0.00319981946960049,-5.83173378993794E-4,-5.20189507553754E-4,-6.29838714400405E-5
1.54981749084249,-0.0037136918475801,-0.00318282179261729,-5.65907478590356E-4,-5.21117046629853E-4,-4.47904319605031E-5
1.55000665445665,-0.00372057294924448,-0.00318444308289795,-5.71514437525402E-4,-5.21594371067768E-4,-4.99200664576342E-5
1.55019581807082,-0.0037204703808257,-0.00318051958409151,-5.75587549318645E-4,-5.22841863570035E-4,-5.27456857486094E-5
1.55038498168498,-0.00372901210387076,-0.00317375681885876,-5.91902133822788E-4,-5.23832220305738E-4,-6.80699135170495E-5
1.55057414529915,-0.00372823660398184,-0.00319027785435884,-5.73464027098121E-4,-5.2540380055867E-4,-4.8060226539452E-5
1.55076330891331,-0.0037464010687885,-0.00318019608583783,-6.03574511825412E-4,-5.26228539584256E-4,-7.73459722411564E-5
1.55095247252747,-0.00374328748200933,-0.00319759722354019,-5.81705815528106E-4,-5.27620124167969E-4,-5.40856913601367E-5
1.55114163614164,-0.00376374188538243,-0.00320630069913008,-5.94232304545002E-4,-5.28783113386547E-4,-6.5449191158455E-5
1.5513307997558,-0.00374791188262394,-0.00320819870826461,-5.75334243867042E-4,-5.29583258094904E-4,-4.57509857721379E-5
1.55151996336996,-0.00374545776653575,-0.00319503881434547,-5.8674660303483E-4,-5.30798469859916E-4,-5.59481331749135E-5
1.55170912698413,-0.00374568712632568,-0.00319845904839924,-5.83345131069586E-4,-5.31744264524652E-4,-5.16008665449348E-5
1.55189829059829,-0.00372330964861756,-0.00322341133016259,-5.32891607472998E-4,-5.32461647052525E-4,-4.29960420473326E-7
1.55208745421245,-0.00374387628616946,-0.00319939001787887,-5.8042236199777E-4,-5.32716315243389E-4,-4.77060467543816E-5
1.55227661782662,-0.0037454575789721,-0.00320154744166911,-5.79808206364988E-4,-5.32755845817929E-4,-4.70523605470587E-5
1.55246578144078,-0.00373618609734781,-0.00321584363702322,-5.54685062706015E-4,-5.32730059610566E-4,-2.19550030954491E-5
1.55265494505495,-0.00374214640710047,-0.00320942125468151,-5.67885012478617E-4,-5.32338078956537E-4,-3.55469335220799E-5
1.55284410866911,-0.00373932519337152,-0.00322230845845338,-5.51139839422731E-4,-5.32078722784183E-4,-1.90611166385487E-5
1.55303327228327,-0.00373386859174943,-0.00323044508909869,-5.36649453825697E-4,-5.31487159142485E-4,-5.16229468321182E-6
1.55322243589744,-0.00373544041260217,-0.0032266234415318,-5.42398891161013E-4,-5.30896603600035E-4,-1.15022875609772E-5
1.5534115995116,-0.00372927722390563,-0.00323139898378845,-5.30738203964921E-4,-5.30239152540996E-4,-4.99051423925065E-7
1.55360076312576,-0.00371028329289393,-0.00324087524347844,-5.0038898067691E-4,-5.29374057475187E-4,2.89850767982773E-5
1.55378992673993,-0.00369157009219199,-0.00324538012828433,-4.75638501525565E-4,-5.28864704510525E-4,5.32262029849604E-5
1.55397909035409,-0.00368756692806231,-0.00323617494713523,-4.81183851668267E-4,-5.27933733515319E-4,4.6749881847052E-5
1.55416825396825,-0.00370574019405683,-0.00325919821814181,-4.76013746325405E-4,-5.26711702975141E-4,5.06979566497359E-5
1.55435741758242,-0.00371190025679464,-0.00325807829803441,-4.83774208038408E-4,-5.2564770168019E-4,4.18734936417827E-5
1.55454658119658,-0.00367830519805981,-0.00322798573649626,-4.80040546026746E-4,-5.24469118170777E-4,4.44285721440305E-5
1.55473574481075,-0.00368389998362144,-0.00323807646408971,-4.75247871820824E-4,-5.22776900040037E-4,4.75290282192126E-5
1.55492490842491,-0.00370513877680998,-0.00326473909785169,-4.69466057769542E-4,-5.21322353884859E-4,5.18562961153168E-5
1.55511407203907,-0.00371214991128425,-0.00323114943394682,-5.12746508841702E-4,-5.19498544542377E-4,6.75203570067533E-6
1.55530323565324,-0.00370993051755935,-0.00323741122760568,-5.03705563090609E-4,-5.17668275343729E-4,1.39627122531196E-5
1.5554923992674,-0.00370649967006465,-0.00323685051084512,-5.00646003728018E-4,-5.15967020027589E-4,1.53210162995711E-5
1.55568156288156,-0.00372003518691497,-0.00322958671253908,-5.22818073684707E-4,-5.13900293128047E-4,-8.91778055666021E-6
1.55587072649573,-0.00371141890971327,-0.00320765504867229,-5.3701227586968E-4,-5.12024928025667E-4,-2.49873478440125E-5
1.55605989010989,-0.00370801375399783,-0.00321924928077746,-5.21022928452915E-4,-5.10398676380944E-4,-1.06242520719712E-5
1.55624905372405,-0.00370467909056226,-0.00325281609439355,-4.81685953915842E-4,-5.08640757940897E-4,2.69548040250558E-5
1.55643821733822,-0.00370882709117254,-0.00322757250907922,-5.13017384511485E-4,-5.06654524002981E-4,-6.36286050850374E-6
1.55662738095238,-0.00370502412137513,-0.00326118264535693,-4.73135013435406E-4,-5.04666002368477E-4,3.15309889330715E-5
1.55681654456655,-0.00371025881703305,-0.00324421424864638,-4.96803509900187E-4,-5.02746656673469E-4,5.94314677328158E-6
1.55700570818071,-0.00370542630994724,-0.00322589236185352,-5.11183188667913E-4,-5.00779968164718E-4,-1.04032205031948E-5
1.55719487179487,-0.00370595056920207,-0.00325395390721043,-4.81828441683094E-4,-4.99041312381675E-4,1.72128706985812E-5
1.55738403540904,-0.00371877587737677,-0.00324575602773857,-5.04239159714323E-4,-4.97305506312383E-4,-6.93365340194007E-6
1.5575731990232,-0.00372389863216225,-0.00325801610006279,-4.96630779218024E-4,-4.95737377684717E-4,-8.93401533307438E-7
1.55776236263736,-0.00372664201004895,-0.0032622130237304,-4.95081299415574E-4,-4.94076687200239E-4,-1.00461221533483E-6
1.55795152625153,-0.00373616410718078,-0.00326091456198641,-5.06616015177202E-4,-4.92333032783029E-4,-1.42829823941733E-5
1.55814068986569,-0.00373462777120877,-0.00325452445069994,-5.11790139662419E-4,-4.90975566723834E-4,-2.08145729385847E-5
1.55832985347985,-0.00373882226171589,-0.00324775532692272,-5.23477352489523E-4,-4.89459030805063E-4,-3.40183216844592E-5
1.55851901709402,-0.00373709795005225,-0.0032499169898727,-5.19334903551405E-4,-4.87637426996412E-4,-3.16974765549926E-5
1.55870818070818,-0.00372342678333501,-0.00323982312610921,-5.15521498602698E-4,-4.85844362238771E-4,-2.96771363639271E-5
1.55889734432234,-0.00373319376139329,-0.00324090371534329,-5.24781189089306E-4,-4.8426202788997E-4,-4.05191611993363E-5
1.55908650793651,-0.00375438655906452,-0.00323948884885831,-5.48880959079826E-4,-4.82793399209551E-4,-6.60875598702742E-5
1.55927567155067,-0.00375911328602928,-0.00322234998269691,-5.72189681352313E-4,-4.81597492476285E-4,-9.05921888760278E-5
1.55946483516484,-0.00375313857064731,-0.00322370913302138,-5.64371780509243E-4,-4.80588070378424E-4,-8.37837101308191E-5
1.559653998779,-0.00374221731814183,-0.00323762874480888,-5.37891419172924E-4,-4.80009703181376E-4,-5.7881715991548E-5
1.55984316239316,-0.00373758700972046,-0.00323511027560299,-5.3564019856922E-4,-4.79387416259363E-4,-5.62527823098572E-5
1.56003232600733,-0.00374226624446443,-0.00321199537309401,-5.65268748880867E-4,-4.78407848478649E-4,-8.68609004022179E-5
1.56022148962149,-0.00374763770397814,-0.00322705128548056,-5.54945122118418E-4,-4.77730173470772E-4,-7.72149486476457E-5
1.56041065323565,-0.00372209555486641,-0.0032203499431,-5.34860822142991E-4,-4.76936569491565E-4,-5.79242526514259E-5
1.56059981684982,-0.00372660980467566,-0.00323623968616849,-5.2273454632864E-4,-4.76236078678853E-4,-4.64984676497867E-5
1.56078898046398,-0.00373369331035278,-0.00324641268908842,-5.19441142267807E-4,-4.75642069431504E-4,-4.37990728363033E-5
1.56097814407814,-0.0037364942385036,-0.00323971962876811,-5.2956173397803E-4,-4.74878660900377E-4,-5.46830730776531E-5
1.56116730769231,-0.00375307038887079,-0.00321358814397773,-5.75088073055995E-4,-4.74179608090665E-4,-1.00908464965329E-4
1.56135647130647,-0.00374993703323016,-0.00325642847332048,-5.26080124863719E-4,-4.73323403022792E-4,-5.27567218409266E-5
1.56154563492064,-0.00379436615043078,-0.00325505981842002,-5.74900549923471E-4,-4.72542428626467E-4,-1.02358121297003E-4
1.5617347985348,-0.00377377108647953,-0.00335198674009064,-4.49622113250555E-4,-4.71620055198328E-4,2.19979419477723E-5
1.56192396214896,-0.00372081196455384,-0.00338263037835812,-3.60501570884641E-4,-4.70547001899851E-4,1.1004543101521E-4
1.56211312576313,-0.00374569930477354,-0.00337687441254421,-3.93167335116463E-4,-4.69415571324389E-4,7.62482362079266E-5
1.56230228937729,-0.00376186172860518,-0.00337077080217142,-4.16902927578385E-4,-4.68009684243667E-4,5.11067566652819E-5
1.56249145299145,-0.00373603285455987,-0.00332048415047931,-4.42974918549876E-4,-4.6692023826147E-4,2.39453197115944E-5
1.56268061660562,-0.00375045650409349,-0.00327021432844289,-5.11938159243536E-4,-4.66163791670025E-4,-4.57743675735116E-5
1.56286978021978,-0.00375486900051729,-0.00323924363530339,-5.49656639318011E-4,-4.65501729912474E-4,-8.41549094055372E-5
1.56305894383394,-0.00375267865260612,-0.00322989993066771,-5.57282117586346E-4,-4.64913862841441E-4,-9.23682547449052E-5
1.56324810744811,-0.0037462578527743,-0.00322599356711841,-5.54601728509186E-4,-4.64054749412528E-4,-9.05469790966581E-5
1.56343727106227,-0.00374007655587642,-0.00329306512046237,-4.76514190151372E-4,-4.63117201328954E-4,-1.33969888224178E-5
1.56362643467644,-0.00373655950895533,-0.0033736064670841,-3.86907942634736E-4,-4.62220930321405E-4,7.53129876866692E-5
1.5638155982906,-0.00374466626293137,-0.00339230846881028,-3.75613408533084E-4,-4.6097776684858E-4,8.53643583154961E-5
1.56400476190476,-0.00374158853408712,-0.00338866260376068,-3.76219041727989E-4,-4.59483629093621E-4,8.32645873656318E-5
1.56419392551893,-0.00373269396743422,-0.00339935829026617,-3.55335831861136E-4,-4.57247124770934E-4,1.01911292909797E-4
1.56438308913309,-0.00373019161991185,-0.00341211322443553,-3.39071569577753E-4,-4.54828704436686E-4,1.15757134858933E-4
1.56457225274725,-0.0037252664099716,-0.00339749029020166,-3.49409343674756E-4,-4.52059204200307E-4,1.02649860525551E-4
1.56476141636142,-0.00373994122641068,-0.00333266586121595,-4.34155539297587E-4,-4.49185604944988E-4,1.5030065647401E-5
1.56495057997558,-0.00372926595563856,-0.00328395554858917,-4.74700893914649E-4,-4.46502864508932E-4,-2.8198029405717E-5
1.56513974358974,-0.00371571154597635,-0.00328338096047951,-4.60864404139626E-4,-4.43881910464774E-4,-1.69824936748516E-5
1.56532890720391,-0.00374317215038028,-0.00326289540433397,-5.11975011285365E-4,-4.41631381009581E-4,-7.03436302757846E-5
1.56551807081807,-0.00374190286798473,-0.00326716260633286,-5.06073118920902E-4,-4.39437373306933E-4,-6.66357456139686E-5
1.56570723443224,-0.0037445875886902,-0.00326292298296831,-5.13454469699527E-4,-4.37206716861984E-4,-7.6247752837543E-5
1.5658963980464,-0.00372950123372749,-0.00324100595009268,-5.2073597235471E-4,-4.34840040317423E-4,-8.58959320372868E-5
1.56608556166056,-0.00372462440363748,-0.00326337074039171,-4.91696405019993E-4,-4.32693712323091E-4,-5.90026926969018E-5
1.56627472527473,-0.00374930225995678,-0.00326220276961748,-5.19248056701686E-4,-4.30658480265004E-4,-8.85895764366824E-5
1.56646388888889,-0.00370980731003714,-0.00328639795288247,-4.51354374726875E-4,-4.28588182192965E-4,-2.27661925339101E-5
1.56665305250305,-0.00372584946129602,-0.00327768036043439,-4.77748261518495E-4,-4.26293652064846E-4,-5.14546094536489E-5
1.56684221611722,-0.00371593507847053,-0.00328560535876195,-4.58731481209344E-4,-4.24192705832827E-4,-3.45387753765163E-5
1.56703137973138,-0.00371190132092022,-0.00327599639186126,-4.64674654376856E-4,-4.21947062608838E-4,-4.27275917680183E-5
1.56722054334554,-0.00372494938287172,-0.00326565906701178,-4.89603476706696E-4,-4.19903375637469E-4,-6.9700101069227E-5
1.56740970695971,-0.003737469078271,-0.0032799405791602,-4.87725380052108E-4,-4.17958733085406E-4,-6.97666469667025E-5
1.56759887057387,-0.00374300766598611,-0.00327962284062185,-4.93968223838296E-4,-4.16195821354251E-4,-7.77724024840454E-5
1.56778803418803,-0.003750020661287,-0.00326961648929502,-5.12110847343454E-4,-4.14556683851831E-4,-9.75541634916235E-5
1.5679771978022,-0.00373128125628499,-0.00327783962540335,-4.83368778519821E-4,-4.12902600726175E-4,-7.04661777936464E-5
1.56816636141636,-0.00371362814884286,-0.00328873703384436,-4.52933928588397E-4,-4.1158976624773E-4,-4.13441623406673E-5
1.56835552503053,-0.00371524422132352,-0.00328196931602952,-4.61871049043403E-4,-4.10011876963764E-4,-5.18591720796385E-5
1.56854468864469,-0.00371030825789328,-0.00327908496814168,-4.59684026875209E-4,-4.08456278741965E-4,-5.12277481332438E-5
1.56873385225885,-0.00370988704444576,-0.00328774499680895,-4.50003422780839E-4,-4.07295043021686E-4,-4.27083797591537E-5
1.56892301587302,-0.00372222749833952,-0.00329500691737082,-4.55417139312631E-4,-4.06306772481869E-4,-4.91103668307621E-5
1.56911217948718,-0.00371832964993937,-0.00330491522437051,-4.40699777656403E-4,-4.0582030726455E-4,-3.48794703918525E-5
1.56930134310134,-0.0037156249682801,-0.00328112163657322,-4.63180551599527E-4,-4.05922039039438E-4,-5.72585125600887E-5
1.56949050671551,-0.00371534143073595,-0.00328503206150404,-4.58709787601215E-4,-4.05909801743713E-4,-5.27999858575023E-5
1.56967967032967,-0.00370907335498944,-0.00330068112186385,-4.35346120511883E-4,-4.06185041372735E-4,-2.91610791391476E-5
1.56986883394383,-0.00371585278351959,-0.00328799059768617,-4.56101090098419E-4,-4.06597112371819E-4,-4.95039777265997E-5
1.570057997558,-0.00372272622010138,-0.00331036406837951,-4.39578053735517E-4,-4.07090625556063E-4,-3.24874281794541E-5
1.57024716117216,-0.00369625605336211,-0.00328718106304526,-4.36073939677752E-4,-4.0759970797907E-4,-2.84742316986823E-5
1.57043632478633,-0.0036719985199007,-0.00327915595915314,-4.18770169756895E-4,-4.08216783570201E-4,-1.05533861866942E-5
1.57062548840049,-0.00371438668806109,-0.00329057384807615,-4.51784487423942E-4,-4.08560193670801E-4,-4.32242937531412E-5
1.57081465201465,-0.00372067147376055,-0.00331546882509121,-4.31946023481513E-4,-4.08933466332848E-4,-2.30125571486649E-5
1.57100381562882,-0.00371126657674279,-0.00329642298921529,-4.4222326430431E-4,-4.0938506100194E-4,-3.28382033023705E-5
1.57119297924298,-0.00370875922216343,-0.00330759237330284,-4.27643860885387E-4,-4.09820354245364E-4,-1.78235066400228E-5
1.57138214285714,-0.00370188054241248,-0.00332490734839896,-4.01853424818403E-4,-4.10046651384728E-4,8.1932265663252E-6
1.57157130647131,-0.00370582720535857,-0.00332145072017344,-4.09745333207353E-4,-4.10355201174308E-4,6.09867966954488E-7
1.57176047008547,-0.00369714188137654,-0.00331384432902584,-4.08595190805846E-4,-4.10665193362634E-4,2.07000255678845E-6
1.57194963369963,-0.00370047083317348,-0.00330395324549933,-4.22687748460639E-4,-4.10877547865437E-4,-1.18102005952018E-5
1.5721387973138,-0.00371964496765203,-0.00329547762812686,-4.52162383933835E-4,-4.11009598224902E-4,-4.11527857089329E-5
1.57232796092796,-0.0037287481464801,-0.00330649640705025,-4.50120354232219E-4,-4.11054574811561E-4,-3.90657794206587E-5
1.57251712454213,-0.00372447408705794,-0.00331327685546226,-4.38336248881003E-4,-4.10731984865275E-4,-2.76042640157275E-5
1.57270628815629,-0.00371617108381626,-0.00330229026896033,-4.41196948636421E-4,-4.09996247225786E-4,-3.12007014106356E-5
1.57289545177045,-0.00371665188945384,-0.00330898934049958,-4.34568277185243E-4,-4.0954465070851E-4,-2.50236264767322E-5
1.57308461538462,-0.0037112019927515,-0.00328657481783083,-4.52652568465427E-4,-4.08483439128892E-4,-4.41691293365356E-5
1.57327377899878,-0.00371601724180009,-0.00328208489074584,-4.62571886223829E-4,-4.07422227549272E-4,-5.51496586745568E-5
1.57346294261294,-0.00374429561429226,-0.00330065905972511,-4.72916567168576E-4,-4.06361015969652E-4,-6.65555511989241E-5
1.57365210622711,-0.00374152664177141,-0.00328483470212223,-4.86833607666025E-4,-4.05299804390032E-4,-8.1533803275993E-5
1.57384126984127,-0.00371166785150331,-0.00329367236460925,-4.45583189029061E-4,-4.04238592810413E-4,-4.13445962186485E-5
1.57403043345543,-0.00371684190388712,-0.00328877460560721,-4.56319739966393E-4,-4.03177381230793E-4,-5.31423587355995E-5
1.5742195970696,-0.00373059122016664,-0.00329750613806319,-4.61668697522277E-4,-4.02116169651173E-4,-5.95525278711035E-5
1.57440876068376,-0.00372605282470658,-0.00332535648252387,-4.27142300766761E-4,-4.01054958071554E-4,-2.60873426952079E-5
1.57459792429793,-0.00371879872925668,-0.00341748063911386,-3.21205084092239E-4,-3.99993746491934E-4,7.87886623996948E-5
1.57478708791209,-0.0037145277791135,-0.00346590349101149,-2.65033491116745E-4,-3.98932534912314E-4,1.33899043795569E-4
1.57497625152625,-0.00372912902474102,-0.00344160493450099,-3.06500680195879E-4,-3.97871323332694E-4,9.13706431368151E-5
1.57516541514042,-0.0037215714438109,-0.00342312744937005,-3.18141298073952E-4,-3.96810111753075E-4,7.86688136791227E-5
1.57535457875458,-0.00372160071333154,-0.0034355983178053,-3.04878553630973E-4,-3.95748900173455E-4,9.08703465424823E-5
1.57554374236874,-0.00372340233608689,-0.00342282976191009,-3.20410364072466E-4,-3.94687688593835E-4,7.4277324521369E-5
1.57573290598291,-0.00371617673129475,-0.00336441397318717,-3.74979100142681E-4,-3.93626477014215E-4,1.86473768715343E-5
1.57592206959707,-0.00370555561360002,-0.00337337382554151,-3.54105786070372E-4,-3.92565265434596E-4,3.84594793642232E-5
1.57611123321123,-0.00370608382168615,-0.00344702819856539,-2.76153294246731E-4,-3.91504053854976E-4,1.15350759608245E-4
1.5763003968254,-0.0037351505167957,-0.00344331831332809,-3.11093128896476E-4,-3.90442842275356E-4,7.93497133788807E-5
1.57648956043956,-0.00374115298296691,-0.00345575457684527,-3.04234700925658E-4,-3.89381630695737E-4,8.51469297700787E-5
1.57667872405372,-0.00372509686628003,-0.00344826620105427,-2.95101489130663E-4,-3.88320419116117E-4,9.3218929985454E-5
1.57686788766789,-0.00372760494921549,-0.00345774878567465,-2.8766667033453E-4,-3.87259207536497E-4,9.95925372019673E-5
1.57705705128205,-0.00370584744450856,-0.00347059691915842,-2.50777060023252E-4,-3.86197995956877E-4,1.35420935933625E-4
1.57724621489622,-0.0037233924594371,-0.00348007738857429,-2.59373865539754E-4,-3.85136784377258E-4,1.25762918837504E-4
1.57743537851038,-0.00370002284199632,-0.00347936507222658,-2.35221182574549E-4,-3.84075572797638E-4,1.48854390223089E-4
1.57762454212454,-0.00371416069935478,-0.00347322997987751,-2.56832146962766E-4,-3.83014361218018E-4,1.26182214255252E-4
1.57781370573871,-0.00372698443946537,-0.00347058538625571,-2.73321390721498E-4,-3.81953149638399E-4,1.086317589169E-4
1.57800286935287,-0.00371939059064946,-0.00348556743925323,-2.49255479388382E-4,-3.80891938058779E-4,1.31636458670397E-4
1.57819203296703,-0.00371988579154524,-0.00349252568232335,-2.42365876430544E-4,-3.79830726479159E-4,1.37464850048616E-4
1.5783811965812,-0.00371222944034398,-0.00347879092102025,-2.48845461599102E-4,-3.78769514899539E-4,1.29924053300437E-4
1.57857036019536,-0.00371912539015781,-0.00339439060760105,-3.4616727820551E-4,-3.7770830331992E-4,3.15410251144098E-5
1.57875952380952,-0.00372217468552178,-0.00336154735643737,-3.84428732803982E-4,-3.766470917403E-4,-7.78164106368158E-6
1.57894868742369,-0.00371383675069678,-0.00336421994158148,-3.72691518516914E-4,-3.7558588016068E-4,2.89436164376623E-6
1.57913785103785,-0.00371553992042585,-0.00336362087561535,-3.75145701767998E-4,-3.74524668581061E-4,-6.21033186937972E-7
1.57932701465202,-0.0037050129897014,-0.00338720616647744,-3.38782073556748E-4,-3.73463457001441E-4,3.4681383444693E-5
1.57951617826618,-0.00367396374139292,-0.00338857175744966,-3.04227854883507E-4,-3.72402245421821E-4,6.81743905383136E-5
1.57970534188034,-0.00367613884789671,-0.00339011980285626,-3.04896302013125E-4,-3.71341033842201E-4,6.64447318290761E-5
1.57989450549451,-0.00365284540145937,-0.00340409181955878,-2.65171318306024E-4,-3.70279822262582E-4,1.05108503956557E-4
1.58008366910867,-0.00365575366283886,-0.00343659628335186,-2.33621766533135E-4,-3.69218610682962E-4,1.35596844149827E-4
1.58027283272283,-0.00366725285260423,-0.00353687101294721,-1.38987041074383E-4,-3.68157399103342E-4,2.29170358028959E-4
1.580461996337,-0.00366509628571203,-0.00357066007628815,-1.00668999245853E-4,-3.67096187523722E-4,2.66427188277869E-4
1.58065115995116,-0.00362833628757648,-0.00358406125803548,-4.71971814907057E-5,-3.66034975944103E-4,3.18837794453397E-4
1.58084032356532,-0.00363692044184054,-0.00359554168263702,-4.41097573109521E-5,-3.64973764364483E-4,3.20864007053531E-4
1.58102948717949,-0.00362414492617271,-0.00359895887864987,-2.68483266593398E-5,-3.63912552784863E-4,3.37064226125523E-4
1.58121865079365,-0.003620623240234,-0.00355388265022455,-7.11454689500776E-5,-3.62851341205244E-4,2.91705872255166E-4
1.58140781440782,-0.00362276762256431,-0.00348909311894834,-1.42497020854618E-4,-3.61790129625624E-4,2.19293108771006E-4
1.58159697802198,-0.0036186909229739,-0.00346265789153803,-1.66331211510641E-4,-3.60728918046004E-4,1.94397706535363E-4
1.58178614163614,-0.00362089677817308,-0.00346206612713257,-1.69313474009189E-4,-3.59667706466384E-4,1.90354232457195E-4
1.58197530525031,-0.00361990948749911,-0.00345248763958739,-1.78471689873893E-4,-3.58606494886765E-4,1.80134805012872E-4
1.58216446886447,-0.0036226060365788,-0.00343603437470305,-1.98885391559558E-4,-3.57545283307145E-4,1.58659891747587E-4
1.58235363247863,-0.0036423719754382,-0.00343271929664595,-2.23489755592536E-4,-3.56484071727525E-4,1.32994316134989E-4
1.5825427960928,-0.00364449383330921,-0.00343664526013856,-2.2156657899991E-4,-3.55422860147905E-4,1.33856281147995E-4
1.58273195970696,-0.00361709490358165,-0.00342991152467502,-1.99537481914466E-4,-3.54361648568286E-4,1.5482416665382E-4
1.58292112332112,-0.00363060052901465,-0.00342966035882422,-2.14202221423003E-4,-3.53300436988666E-4,1.39098215565663E-4
1.58311028693529,-0.00364287546091967,-0.00343690030095421,-2.19569520523173E-4,-3.52239225409046E-4,1.32669704885873E-4
1.58329945054945,-0.00364685783552187,-0.00342900104056496,-2.32235343424068E-4,-3.51178013829427E-4,1.18942670405359E-4
1.58348861416362,-0.00365736674636451,-0.00341187103516173,-2.61698428142163E-4,-3.50116802249807E-4,8.84183741076435E-5
1.58367777777778,-0.00365314564313912,-0.00339622600163866,-2.73876337839496E-4,-3.49055590670187E-4,7.51792528306913E-5
1.58386694139194,-0.00369326489203994,-0.00340578450731098,-3.06454090121073E-4,-3.47994379090567E-4,4.15402889694948E-5
1.58405610500611,-0.00368138359163393,-0.00339949154981184,-3.00496916582342E-4,-3.46933167510948E-4,4.64362509286059E-5
1.58424526862027,-0.0036792465434997,-0.00338994362449507,-3.08396911658931E-4,-3.45871955931328E-4,3.74750442723972E-5
1.58443443223443,-0.00367737378983349,-0.00338600109336103,-3.10603294439641E-4,-3.44810744351708E-4,3.42074499120669E-5
1.5846235958486,-0.00366919187434992,-0.00337481953810473,-3.13800910437371E-4,-3.43749532772088E-4,2.99486223347174E-5
1.58481275946276,-0.00369200304158427,-0.00335793760580731,-3.56113754538233E-4,-3.42688321192469E-4,-1.34254333457644E-5
1.58500192307692,-0.00373199444967341,-0.00335780050017069,-3.98890750169905E-4,-3.41627109612849E-4,-5.72636405570561E-5
1.58519108669109,-0.00379991921581368,-0.0033609377080639,-4.67954287261265E-4,-3.40565898033229E-4,-1.27388389228035E-4
1.58538025030525,-0.00387526246165287,-0.0033555198844188,-5.54045587331523E-4,-3.3950468645361E-4,-2.14540900877914E-4
1.58556941391941,-0.00386978416646407,-0.00336293021375109,-5.40306313592036E-4,-3.3844347487399E-4,-2.01862838718046E-4
1.58575857753358,-0.00388876212357417,-0.00334673193546188,-5.778041805277E-4,-3.3738226329437E-4,-2.40421917233329E-4
1.58594774114774,-0.003889404308079,-0.00335389481321943,-5.70853121520296E-4,-3.3632105171475E-4,-2.34532069805545E-4
1.58613690476191,-0.00386804977109594,-0.0033426939962073,-5.60029256031291E-4,-3.35259840135131E-4,-2.24769415896161E-4
1.58632606837607,-0.00387308927758216,-0.00334003398114462,-5.68236946002422E-4,-3.34198628555511E-4,-2.34038317446911E-4
1.58651523199023,-0.00389708063777454,-0.00335155186440802,-5.81533672408714E-4,-3.33137416975891E-4,-2.48396255432823E-4
1.5867043956044,-0.0038773725287337,-0.00336846320862006,-5.42497335241141E-4,-3.32076205396272E-4,-2.10421129844869E-4
1.58689355921856,-0.00387157549574969,-0.00336137833699098,-5.4387017123678E-4,-3.31014993816652E-4,-2.12855177420128E-4
1.58708272283272,-0.00387533495488938,-0.00335706988900241,-5.52470560235506E-4,-3.29953782237032E-4,-2.22516777998474E-4
1.58727188644689,-0.00387127115496962,-0.00336104488630628,-5.43901202395115E-4,-3.28892570657412E-4,-2.15008631737703E-4
1.58746105006105,-0.00388305327556349,-0.00336575184997909,-5.51443319672974E-4,-3.27831359077793E-4,-2.23611960595182E-4
1.58765021367521,-0.00387903405076317,-0.00335701943809087,-5.56467577108674E-4,-3.26770147498173E-4,-2.29697429610501E-4
1.58783937728938,-0.00386904061133761,-0.00334966475023828,-5.53654667931882E-4,-3.25708935918553E-4,-2.27945732013329E-4
1.58802854090354,-0.00388466925414327,-0.00336015640830473,-5.59130693663887E-4,-3.24647724338934E-4,-2.34482969324954E-4
1.58821770451771,-0.00390825254769718,-0.003383306124303,-5.59592887338188E-4,-3.23586512759314E-4,-2.36006374578874E-4
1.58840686813187,-0.00392878162999863,-0.00343280233846806,-5.2871392477158E-4,-3.22525301179694E-4,-2.06188623591886E-4
1.58859603174603,-0.0039058349133663,-0.00350571946017581,-4.26523073101064E-4,-3.21464089600074E-4,-1.0505898350099E-4
1.5887851953602,-0.00386934777966166,-0.00350611490146395,-3.87206248158757E-4,-3.20402878020455E-4,-6.68033701383022E-5
1.58897435897436,-0.00374822130873431,-0.00337682167554356,-3.9591200898135E-4,-3.19341666440835E-4,-7.65703425405148E-5
