1.588974358974359902e+00,3.169487541478849843e-04,3.375485145599369918e-04,3.378360707576460217e-05,3.378360707576460217e-05
1.588770330422869970e+00,2.838323365087000037e-04,3.379552941969849963e-04,8.876165060878680178e-05,8.876165060878680178e-05
1.588566354260279923e+00,2.787445108362089858e-04,3.383620738340330008e-04,9.777280331643110065e-05,9.777280331643110065e-05
1.588362430466409903e+00,2.843385702089950120e-04,3.387688534710810054e-04,8.926566454981989729e-05,8.926566454981989729e-05
1.588158559021090044e+00,2.858454470960460157e-04,3.391756331081290099e-04,8.746150505981579613e-05,8.746150505981579613e-05
1.587954739904180013e+00,2.833243674671440072e-04,3.395824127451770144e-04,9.226319425597390362e-05,9.226319425597390362e-05
1.587750973095509943e+00,2.807083201728470122e-04,3.399891923822239890e-04,9.722063042337949579e-05,9.722063042337949579e-05
1.587547258574969922e+00,3.006753022979589940e-04,3.403959720192719935e-04,6.514189834295310499e-05,6.514189834295310499e-05
1.587343596322430050e+00,3.120678281212130073e-04,3.408027516563199980e-04,4.712527459757570304e-05,4.712527459757570304e-05
1.587139986317769980e+00,3.018241109303180071e-04,3.412095312933680026e-04,6.459208939540260074e-05,6.459208939540260074e-05
1.586936428540890009e+00,3.165199598050500232e-04,3.416163109304160071e-04,4.115801584560130133e-05,4.115801584560130133e-05
1.586732922971699988e+00,3.052634403155299759e-04,3.420230905674640116e-04,6.028582641317169666e-05,6.028582641317169666e-05
1.586529469590119978e+00,3.030843335992179795e-04,3.424298702045120162e-04,6.452668003268290044e-05,6.452668003268290044e-05
1.586326068376070042e+00,3.132507981571289830e-04,3.428366498415600207e-04,4.852079676246740084e-05,4.852079676246740084e-05
1.586122719309490003e+00,3.105869022309590082e-04,3.432434294786080252e-04,5.355670468614489969e-05,5.355670468614489969e-05
1.585919422370329901e+00,3.211587560868950147e-04,3.436502091156559756e-04,3.688598296716770095e-05,3.688598296716770095e-05
1.585716177538549987e+00,3.085723167572990058e-04,3.440569887527039801e-04,5.819486207246350279e-05,5.819486207246350279e-05
1.585512984794120062e+00,3.184595464310739947e-04,3.444637683897519846e-04,4.264692401223210331e-05,4.264692401223210331e-05
1.585309844117019917e+00,3.063192213596859989e-04,3.448705480267999892e-04,6.322417573406650276e-05,6.322417573406650276e-05
1.585106755487230012e+00,2.948338514328859884e-04,3.452773276638479937e-04,8.272730101877790658e-05,8.272730101877790658e-05
1.584903718884759893e+00,3.129368273973120009e-04,3.456841073008959982e-04,5.370553904187660017e-05,5.370553904187660017e-05
1.584700734289619994e+00,3.139693566963709962e-04,3.460908869379440028e-04,5.267930959617949841e-05,5.267930959617949841e-05
1.584497801681820084e+00,3.208679099543259900e-04,3.464976665749909773e-04,4.203280085789109832e-05,4.203280085789109832e-05
1.584294921041399906e+00,3.077607188194700057e-04,3.469044462120389818e-04,6.419571292381399583e-05,6.419571292381399583e-05
1.584092092348400094e+00,3.248808748135459780e-04,3.473112258490869864e-04,3.678577569828810127e-05,3.678577569828810127e-05
1.583889315582859947e+00,3.228834201927329763e-04,3.477180054861349909e-04,4.072871988117900073e-05,4.072871988117900073e-05
1.583686590724860066e+00,3.199948690013690051e-04,3.481247851231829954e-04,4.613306243977570122e-05,4.613306243977570122e-05
1.583483917754459958e+00,3.383463759415260134e-04,3.485315647602310000e-04,1.670370966267720067e-05,1.670370966267720067e-05
1.583281296651740000e+00,3.381901475943649925e-04,3.489383443972790045e-04,1.762704275677839919e-05,1.762704275677839919e-05
1.583078727396789898e+00,3.545367344610419742e-04,3.493451240343270090e-04,-8.514241099812899904e-06,-8.514241099812899904e-06
1.582876209969729997e+00,3.390152516044339756e-04,3.497519036713750136e-04,1.760810938978290164e-05,1.760810938978290164e-05
1.582673744350640010e+00,3.423484295897139765e-04,3.501586833084230181e-04,1.280881609868299976e-05,1.280881609868299976e-05
1.582471330519680031e+00,3.470959926859999798e-04,3.505654629454710226e-04,5.689931225532600361e-06,5.689931225532600361e-06
1.582268968456949976e+00,3.470495149911849951e-04,3.509722425825189730e-04,6.433273249786750183e-06,6.433273249786750183e-06
1.582066658142609938e+00,3.530452354069390239e-04,3.513790222195669775e-04,-2.732589627291129945e-06,-2.732589627291129945e-06
1.581864399556810019e+00,3.414332020725130011e-04,3.517858018566149820e-04,1.697826364592719856e-05,1.697826364592719856e-05
1.581662192679710088e+00,3.502890623562890165e-04,3.521925814936629866e-04,3.121771385292509887e-06,3.121771385292509887e-06
1.581460037491480008e+00,3.526091351180670017e-04,3.525993611307109911e-04,-1.602933926483529957e-08,-1.602933926483529957e-08
1.581257933972310070e+00,3.514006465692279843e-04,3.530061407677589956e-04,2.633010485590330139e-06,2.633010485590330139e-06
1.581055882102389898e+00,3.611959772042779731e-04,3.534129204048060244e-04,-1.276421315113399941e-05,-1.276421315113399941e-05
1.580853881861929988e+00,3.441411765965309748e-04,3.538197000418539747e-04,1.587277845033049898e-05,1.587277845033049898e-05
1.580651933231139949e+00,3.651088088048719824e-04,3.542264796789019793e-04,-1.784701976659079986e-05,-1.784701976659079986e-05
1.580450036190230056e+00,3.625732030942219815e-04,3.546332593159499838e-04,-1.302150779636519961e-05,-1.302150779636519961e-05
1.580248190719460100e+00,3.601969746825219943e-04,3.550400389529979883e-04,-8.457374596419640745e-06,-8.457374596419640745e-06
1.580046396799049901e+00,3.687387185676329867e-04,3.554468185900459929e-04,-2.179871596324300080e-05,-2.179871596324300080e-05
1.579844654409259919e+00,3.744105637566489905e-04,3.558535982270939974e-04,-3.043342346847000151e-05,-3.043342346847000151e-05
1.579642963530359934e+00,3.703668260109809797e-04,3.562603778641420019e-04,-2.313457496081660009e-05,-2.313457496081660009e-05
1.579441324142629943e+00,3.725142542727319980e-04,3.566671575011900065e-04,-2.598923870532930124e-05,-2.598923870532930124e-05
1.579239736226339952e+00,3.916041932502980203e-04,3.570739371382380110e-04,-5.662962002377859881e-05,-5.662962002377859881e-05
1.579038199761779948e+00,3.892155313320509952e-04,3.574807167752860155e-04,-5.204509587309470139e-05,-5.204509587309470139e-05
1.578836714729280111e+00,3.804967177940019952e-04,3.578874964123340201e-04,-3.707912306593649885e-05,-3.707912306593649885e-05
1.578635281109129984e+00,3.896223350283199781e-04,3.582942760493820246e-04,-5.137801672545849686e-05,-5.137801672545849686e-05
1.578433898881659969e+00,3.816005089142290147e-04,3.587010556864299749e-04,-3.755510329359100177e-05,-3.755510329359100177e-05
1.578232568027210014e+00,3.894561947129570136e-04,3.591078353234779794e-04,-4.977130939874549681e-05,-4.977130939874549681e-05
1.578031288526120068e+00,3.844183313504519910e-04,3.595146149605259840e-04,-4.084209487947860199e-05,-4.084209487947860199e-05
1.577830060358750064e+00,3.959005693513940210e-04,3.599213945975730127e-04,-5.900584659626490207e-05,-5.900584659626490207e-05
1.577628883505459934e+00,3.838351717892499941e-04,3.603281742346210173e-04,-3.855147598959060150e-05,-3.855147598959060150e-05
1.577427757946630038e+00,3.847081995370649752e-04,3.607349538716690218e-04,-3.931612289124880035e-05,-3.931612289124880035e-05
1.577226683662630080e+00,3.961121096110399760e-04,3.611417335087170263e-04,-5.735141680780930269e-05,-5.735141680780930269e-05
1.577025660633869952e+00,3.918875313740639963e-04,3.615485131457649767e-04,-4.975598989441029781e-05,-4.975598989441029781e-05
1.576824688840749999e+00,4.021011000214080172e-04,3.619552927828129812e-04,-6.583912387129489902e-05,-6.583912387129489902e-05
1.576623768263679892e+00,3.795251077890770034e-04,3.623620724198609857e-04,-2.814737800551419877e-05,-2.814737800551419877e-05
1.576422898883089951e+00,3.849691263683030083e-04,3.627688520569089903e-04,-3.640844987068570123e-05,-3.640844987068570123e-05
1.576222080679410054e+00,3.861549750219859904e-04,3.631756316939569948e-04,-3.768612305796830011e-05,-3.768612305796830011e-05
1.576021313633080068e+00,3.883461512795630122e-04,3.635824113310049993e-04,-4.061253351563599731e-05,-4.061253351563599731e-05
1.575820597724570060e+00,3.879155863863710074e-04,3.639891909680530039e-04,-3.923928848604150087e-05,-3.923928848604150087e-05
1.575619932934340106e+00,3.895256674684440088e-04,3.643959706051010084e-04,-4.121270285588319958e-05,-4.121270285588319958e-05
1.575419319242850058e+00,3.953633551318950037e-04,3.648027502421490129e-04,-5.011939201918389836e-05,-5.011939201918389836e-05
1.575218756630599959e+00,3.867850366173320007e-04,3.652095298791970175e-04,-3.538383105054159850e-05,-3.538383105054159850e-05
1.575018245078070089e+00,3.885239923515299899e-04,3.656163095162450220e-04,-3.756859984986800246e-05,-3.756859984986800246e-05
1.574817784565780032e+00,3.887864092196060238e-04,3.660230891532930265e-04,-3.733184490875480252e-05,-3.733184490875480252e-05
1.574617375074240044e+00,3.848437088832120062e-04,3.664298687903400011e-04,-3.019869775230910150e-05,-3.019869775230910150e-05
1.574417016583959938e+00,3.949119976653339865e-04,3.668366484273880056e-04,-4.604357275023149873e-05,-4.604357275023149873e-05
1.574216709075489939e+00,3.934422348967750232e-04,3.672434280644360101e-04,-4.296604320503490186e-05,-4.296604320503490186e-05
1.574016452529370058e+00,4.066401246938469867e-04,3.676502077014840147e-04,-6.394346386747419759e-05,-6.394346386747419759e-05
1.573816246926140083e+00,4.023937980335840067e-04,3.680569873385320192e-04,-5.631236953988449754e-05,-5.631236953988449754e-05
1.573616092246389986e+00,3.891506055466609909e-04,3.684637669755800237e-04,-3.392641525657259723e-05,-3.392641525657259723e-05
1.573415988470669991e+00,3.991045387000070259e-04,3.688705466126279741e-04,-4.958374702330119827e-05,-4.958374702330119827e-05
1.573215935579570068e+00,4.016539041154149926e-04,3.692773262496759786e-04,-5.309758769981259938e-05,-5.309758769981259938e-05
1.573015933553689960e+00,4.008905912179970229e-04,3.696841058867239831e-04,-5.117863594328700053e-05,-5.117863594328700053e-05
1.572815982373630073e+00,3.888977881998029792e-04,3.700908855237719877e-04,-3.084332038869059677e-05,-3.084332038869059677e-05
1.572616082019999917e+00,3.912562885900929942e-04,3.704976651608199922e-04,-3.404414242400760003e-05,-3.404414242400760003e-05
1.572416232473420106e+00,3.864034699308490153e-04,3.709044447978679967e-04,-2.541840121808989941e-05,-2.541840121808989941e-05
1.572216433714529904e+00,3.876517112615190074e-04,3.713112244349160013e-04,-2.679839839563010118e-05,-2.679839839563010118e-05
1.572016685723969909e+00,3.937342247035149857e-04,3.717180040719640058e-04,-3.610660183574439713e-05,-3.610660183574439713e-05
1.571816988482390043e+00,3.897664881580329799e-04,3.721247837090120103e-04,-2.893239529639479957e-05,-2.893239529639479957e-05
1.571617341970449999e+00,3.950040081546420155e-04,3.725315633460600149e-04,-3.685480948607509775e-05,-3.685480948607509775e-05
1.571417746168829899e+00,3.478741935759859937e-04,3.729383429831069894e-04,4.110520502767899816e-05,4.110520502767899816e-05
1.571218201058200092e+00,3.761295738448720144e-04,3.733451226201549939e-04,-4.566500008535199730e-06,-4.566500008535199730e-06
1.571018706619270011e+00,3.806582928964109824e-04,3.737519022572029985e-04,-1.132648064830059928e-05,-1.132648064830059928e-05
1.570819262832719998e+00,3.837026699666340164e-04,3.741586818942510030e-04,-1.565214043870749949e-05,-1.565214043870749949e-05
1.570619869679279912e+00,3.839339038880920174e-04,3.745654615312990075e-04,-1.536424546513999874e-05,-1.536424546513999874e-05
1.570420527139650080e+00,3.693809609209270208e-04,3.749722411683470121e-04,9.169699605768519561e-06,9.169699605768519561e-06
1.570221235194589893e+00,3.791649562630999858e-04,3.753790208053950166e-04,-6.208934150636680327e-06,-6.208934150636680327e-06
1.570021993824809892e+00,3.811992931287980159e-04,3.757858004424430211e-04,-8.878128005621749725e-06,-8.878128005621749725e-06
1.569822803011079904e+00,3.793361652903930008e-04,3.761925800794910257e-04,-5.155479745880039836e-06,-5.155479745880039836e-06
1.569623662734149994e+00,3.839312878071829871e-04,3.765993597165389760e-04,-1.202436206865650015e-05,-1.202436206865650015e-05
1.569424572974799981e+00,3.794108162090689749e-04,3.770061393535869805e-04,-3.943670042990380140e-06,-3.943670042990380140e-06
1.569225533713799914e+00,3.884926289992879779e-04,3.774129189906349851e-04,-1.817072441419169900e-05,-1.817072441419169900e-05
1.569026544931950040e+00,3.833964229438729986e-04,3.778196986276829896e-04,-9.145827878551880371e-06,-9.145827878551880371e-06
1.568827606610029957e+00,3.852669993911160269e-04,3.782264782647309941e-04,-1.154645464727239968e-05,-1.154645464727239968e-05
1.568628718728870108e+00,3.900648548612270245e-04,3.784114015877399970e-04,-1.911166336851929939e-05,-1.911166336851929939e-05
1.568429881269280068e+00,3.884179446802049976e-04,3.787493534598130153e-04,-1.585648960144340100e-05,-1.585648960144340100e-05
1.568231094212080068e+00,3.841682639858409981e-04,3.791275722384159852e-04,-8.266734465777020552e-06,-8.266734465777020552e-06
1.568032357538120092e+00,3.677339762051749891e-04,3.794868851307270190e-04,1.927477063790579987e-05,1.927477063790579987e-05
1.567833671228249903e+00,3.717283059107149884e-04,3.798435911012790233e-04,1.330906771252530014e-05,1.330906771252530014e-05
1.567635035263309939e+00,3.742637805390190025e-04,3.802555872799889868e-04,9.826563055190859808e-06,9.826563055190859808e-06
1.567436449624189931e+00,3.796427754789740263e-04,3.807123527729910049e-04,1.754106762187489931e-06,1.754106762187489931e-06
1.567237914291750078e+00,3.832410741357679851e-04,3.810787189871900154e-04,-3.546262443667429842e-06,-3.546262443667429842e-06
1.567039429246879889e+00,3.869095520813530236e-04,3.814002152645630116e-04,-9.035312379535530473e-06,-9.035312379535530473e-06
1.566840994470469983e+00,3.992231079623670019e-04,3.817978345782740198e-04,-2.857744834991200050e-05,-2.857744834991200050e-05
1.566642609943450060e+00,3.938233037443679961e-04,3.821221429648219859e-04,-1.918990367845499885e-05,-1.918990367845499885e-05
1.566444275646710071e+00,3.892712554953780082e-04,3.825249727607390104e-04,-1.106390368480909973e-05,-1.106390368480909973e-05
1.566245991561179940e+00,3.891710621481660128e-04,3.829838280616760203e-04,-1.014706390184249966e-05,-1.014706390184249966e-05
1.566047757667810014e+00,3.978788752929600207e-04,3.834213050924500021e-04,-2.371041512883689974e-05,-2.371041512883689974e-05
1.565849573947520001e+00,3.964843058085769823e-04,3.839207661706660248e-04,-2.060420500617290036e-05,-2.060420500617290036e-05
1.565651440381290005e+00,3.852275323139009965e-04,3.843430961116479807e-04,-1.450475371695829988e-06,-1.450475371695829988e-06
1.565453356950069930e+00,3.920504802332009861e-04,3.848652886161319929e-04,-1.178371425199310004e-05,-1.178371425199310004e-05
1.565255323634830109e+00,3.887195478347090101e-04,3.853760944130300110e-04,-5.483263611552760052e-06,-5.483263611552760052e-06
1.565057340416559972e+00,4.017432134709800207e-04,3.859754532781939948e-04,-2.585912671616939835e-05,-2.585912671616939835e-05
1.564859407276250058e+00,4.050886431950059992e-04,3.865940993290929977e-04,-3.033105194009740006e-05,-3.033105194009740006e-05
1.564661524194910003e+00,4.056559863975540145e-04,3.871139720817680179e-04,-3.040890347788869865e-05,-3.040890347788869865e-05
1.564463691153539893e+00,4.027406713772089912e-04,3.876993653422539836e-04,-2.466774189732619916e-05,-2.466774189732619916e-05
1.564265908133170013e+00,4.008271703301629816e-04,3.882224274869200192e-04,-2.067177826291999990e-05,-2.067177826291999990e-05
1.564068175114819992e+00,4.151946408009119763e-04,3.888477239946839734e-04,-4.320894356221390042e-05,-4.320894356221390042e-05
1.563870492079540098e+00,4.008993375633520249e-04,3.894875493225639917e-04,-1.871533271489120070e-05,-1.871533271489120070e-05
1.563672859008379934e+00,4.043873243570829975e-04,3.901567488813039841e-04,-2.333814378027790156e-05,-2.333814378027790156e-05
1.563475275882399984e+00,4.000379794483909955e-04,3.908317357926930084e-04,-1.509823959534549996e-05,-1.509823959534549996e-05
1.563277742682670057e+00,4.161198012489749970e-04,3.913718255491130155e-04,-4.058668014777349757e-05,-4.058668014777349757e-05
1.563080259390269955e+00,3.992400855927130177e-04,3.919394979889250018e-04,-1.197296367021189980e-05,-1.197296367021189980e-05
1.562882825986279922e+00,3.845039776155720064e-04,3.925052612603889979e-04,1.312210517750060044e-05,1.312210517750060044e-05
1.562685442451799966e+00,3.790462309685280109e-04,3.932554466158399748e-04,2.330311366159160003e-05,2.330311366159160003e-05
1.562488108767940087e+00,3.798978304690560164e-04,3.940840418745779729e-04,2.326538670505650091e-05,2.326538670505650091e-05
1.562290824915830045e+00,3.827985280478779962e-04,3.949001208839099820e-04,1.984661225109169929e-05,1.984661225109169929e-05
1.562093590876570071e+00,3.891770978546769890e-04,3.956930744628849896e-04,1.068620163746049981e-05,1.068620163746049981e-05
1.561896406631319900e+00,3.974229992847809847e-04,3.964004057061640165e-04,-1.677053468932540056e-06,-1.677053468932540056e-06
1.561699272161219954e+00,3.945110266452269907e-04,3.971970092867359975e-04,4.405011532073969774e-06,4.405011532073969774e-06
1.561502187447419976e+00,3.859378352630480052e-04,3.979657450057570256e-04,1.972577197804270050e-05,1.972577197804270050e-05
1.561305152471079927e+00,3.818760360808840090e-04,3.987530038635329834e-04,2.767822716354559841e-05,2.767822716354559841e-05
1.561108167213389963e+00,3.824282380114510209e-04,3.995603692559459999e-04,2.809669524097220108e-05,2.809669524097220108e-05
1.560911231655520037e+00,3.894163488905049873e-04,4.003216411474009901e-04,1.788467930130920031e-05,1.788467930130920031e-05
1.560714345778680068e+00,3.977242062021270038e-04,4.011629017882460116e-04,5.639460761235789650e-06,5.639460761235789650e-06
1.560517509564049998e+00,4.066761484389100020e-04,4.018373338999810100e-04,-7.935655843843720318e-06,-7.935655843843720318e-06
1.560320722992849962e+00,4.163935871707729773e-04,4.025473543757839869e-04,-2.270782178378130109e-05,-2.270782178378130109e-05
1.560123986046320077e+00,4.154461530000119990e-04,4.033060232665590123e-04,-1.990981276286279863e-05,-1.990981276286279863e-05
1.559927298705670040e+00,4.205684236246280141e-04,4.040264558521039864e-04,-2.712882714693940040e-05,-2.712882714693940040e-05
1.559730660952139969e+00,4.250142660439089966e-04,4.047125570925209827e-04,-3.329480268027729708e-05,-3.329480268027729708e-05
1.559534072766999957e+00,4.350434208570020007e-04,4.053593863588129910e-04,-4.868181657703049808e-05,-4.868181657703049808e-05
1.559337534131489900e+00,4.347997448608419873e-04,4.060290267166339760e-04,-4.718397775650060011e-05,-4.718397775650060011e-05
1.559141045026879890e+00,4.293998272509409937e-04,4.065999727482729918e-04,-3.739176138437549788e-05,-3.739176138437549788e-05
1.558944605434460007e+00,4.239106588565380107e-04,4.072086001311500105e-04,-2.739137630963669979e-05,-2.739137630963669979e-05
1.558748215335520104e+00,4.334147006836790140e-04,4.078844588464529798e-04,-4.186959661305059756e-05,-4.186959661305059756e-05
1.558551874711340046e+00,4.318719294036849933e-04,4.084891259297620050e-04,-3.834779769723379916e-05,-3.834779769723379916e-05
1.558355583543240108e+00,4.334308856879129867e-04,4.091364886347900135e-04,-3.984281116712139707e-05,-3.984281116712139707e-05
1.558159341812529908e+00,4.337361444858659756e-04,4.096638867005779772e-04,-3.947850276787190127e-05,-3.947850276787190127e-05
1.557963149500549926e+00,4.374313733119549776e-04,4.102256258698670104e-04,-4.461742580502379849e-05,-4.461742580502379849e-05
1.557767006588610004e+00,4.358742236059969942e-04,4.107631000479980139e-04,-4.118224263511729961e-05,-4.118224263511729961e-05
1.557570913058069939e+00,4.417441781817729837e-04,4.113795664020280011e-04,-4.979796331878160056e-05,-4.979796331878160056e-05
1.557374868890289976e+00,4.402101782869050029e-04,4.119803594295870009e-04,-4.629690292600140134e-05,-4.629690292600140134e-05
1.557178874066619922e+00,4.437305123673480206e-04,4.124717499742290160e-04,-5.126437032471660037e-05,-5.126437032471660037e-05
1.556982928568430014e+00,4.381377433880120193e-04,4.130158945594510122e-04,-4.119983207883870188e-05,-4.119983207883870188e-05
1.556787032377120017e+00,4.429864274818339788e-04,4.134980430138050192e-04,-4.836095052756800311e-05,-4.836095052756800311e-05
1.556591185474059946e+00,4.363762130263649781e-04,4.140722841019189946e-04,-3.657844343609159890e-05,-3.657844343609159890e-05
1.556395387840669997e+00,4.339835970322920215e-04,4.146746185915530024e-04,-3.166672464281210280e-05,-3.166672464281210280e-05
1.556199639458349937e+00,4.276529340271749847e-04,4.152817346375380146e-04,-2.028876699900489995e-05,-2.028876699900489995e-05
1.556003940308519962e+00,4.404235845951550072e-04,4.158459825758069870e-04,-4.030726731173000095e-05,-4.030726731173000095e-05
1.555808290372610037e+00,4.298954894832900174e-04,4.163641142089890136e-04,-2.219145544985349889e-05,-2.219145544985349889e-05
1.555612689632049905e+00,4.358639142829369949e-04,4.168610650681259960e-04,-3.116467271228990049e-05,-3.116467271228990049e-05
1.555417138068299954e+00,4.329666375081199850e-04,4.173265758739570092e-04,-2.564970108002669925e-05,-2.564970108002669925e-05
1.555221635662809909e+00,4.166234772938559941e-04,4.178080088748309731e-04,1.942631792799139971e-06,1.942631792799139971e-06
1.555026182397049928e+00,4.217370424033130023e-04,4.182219780638220231e-04,-5.764705516765290187e-06,-5.764705516765290187e-06
1.554830778252489942e+00,4.130354210853780109e-04,4.186421879589949878e-04,9.195097672730950770e-06,9.195097672730950770e-06
1.554635423210620093e+00,4.085081933866029818e-04,4.191351679860830020e-04,1.742823834314600066e-05,1.742823834314600066e-05
1.554440117252930076e+00,4.127165323167250252e-04,4.195662351368450137e-04,1.123351262499620069e-05,1.123351262499620069e-05
1.554244860360930014e+00,4.124232908135589759e-04,4.199811987509330185e-04,1.239496901729230055e-05,1.239496901729230055e-05
1.554049652516120039e+00,4.162369630207419851e-04,4.203361154625870236e-04,6.722610004626220025e-06,6.722610004626220025e-06
1.553854493700030037e+00,4.075103167791829968e-04,4.208415330942249914e-04,2.186319475666889873e-05,2.186319475666889873e-05
1.553659383894189894e+00,4.027974826229709787e-04,4.214985595363859969e-04,3.066976613799999961e-05,3.066976613799999961e-05
1.553464323080139931e+00,4.058705097693340196e-04,4.221927683793749914e-04,2.676850412046709985e-05,2.676850412046709985e-05
1.553269311239430017e+00,4.049088935959819797e-04,4.229589011818859763e-04,2.960201244088230075e-05,2.960201244088230075e-05
1.553074348353630008e+00,4.071820695517810204e-04,4.237816611323959814e-04,2.722333019220960014e-05,2.722333019220960014e-05
1.552879434404280001e+00,3.707273195291200174e-04,4.247782583048929960e-04,8.864353959226859727e-05,8.864353959226859727e-05
1.552684569372990042e+00,3.728889069167900237e-04,4.258495486879079967e-04,8.685545250463209336e-05,8.685545250463209336e-05
1.552489753241319992e+00,3.681841609772140049e-04,4.270857261952279828e-04,9.659856695754280229e-05,9.659856695754280229e-05
1.552294985990879894e+00,3.762566932309810257e-04,4.284322528849460231e-04,8.556791783250290099e-05,8.556791783250290099e-05
1.552100267603280015e+00,3.703023075980299800e-04,4.298277462650009970e-04,9.762171941383280616e-05,9.762171941383280616e-05
1.551905598060119962e+00,3.559239531663430144e-04,4.313726194463559879e-04,1.237358126992209968e-04,1.237358126992209968e-04
1.551710977343029985e+00,3.643758343881520027e-04,4.330017871793670156e-04,1.125465625775920041e-04,1.125465625775920041e-04
1.551516405433650103e+00,3.628737631274219790e-04,4.349483203623479748e-04,1.182022738652789968e-04,1.182022738652789968e-04
1.551321882313609901e+00,3.637956992360590102e-04,4.368762523593270079e-04,1.198521071221599960e-04,1.198521071221599960e-04
1.551127407964570049e+00,3.572423779679670028e-04,4.389227634401249843e-04,1.339558321743389876e-04,1.339558321743389876e-04
1.550932982368179891e+00,3.605121475958839809e-04,4.410024018913579922e-04,1.320040170445780075e-04,1.320040170445780075e-04
1.550738605506120082e+00,3.534984182892019909e-04,4.431241993863010162e-04,1.469862809992419873e-04,1.469862809992419873e-04
1.550544277360069945e+00,3.411254974398950047e-04,4.453939856116769999e-04,1.710003206017219918e-04,1.710003206017219918e-04
1.550349997911709909e+00,3.426471038394230230e-04,4.476847594441920003e-04,1.722617551918219966e-04,1.722617551918219966e-04
1.550155767142739949e+00,3.398365577911700137e-04,4.500325458489109966e-04,1.807214204146960100e-04,1.807214204146960100e-04
1.549961585034870026e+00,3.533968243541869792e-04,4.523678743131769931e-04,1.623125219327440001e-04,1.623125219327440001e-04
1.549767451569810106e+00,3.443645100608509757e-04,4.546621632900739994e-04,1.808881512959249868e-04,1.808881512959249868e-04
1.549573366729279922e+00,3.469389345521850195e-04,4.569560262875839874e-04,1.804280304460539907e-04,1.804280304460539907e-04
1.549379330495030072e+00,3.523417009983239971e-04,4.590958122753330088e-04,1.750767424942939964e-04,1.750767424942939964e-04
1.549185342848800051e+00,3.563246909428909948e-04,4.611295173810559759e-04,1.718799153585900041e-04,1.718799153585900041e-04
1.548991403772330022e+00,3.541183420726859866e-04,4.631115662388460047e-04,1.787488876325039877e-04,1.787488876325039877e-04
1.548797513247379909e+00,3.517606627953339771e-04,4.650061020252899764e-04,1.857225203371289969e-04,1.857225203371289969e-04
1.548603671255740055e+00,3.547664853354379742e-04,4.667832179348370262e-04,1.837074414630140073e-04,1.837074414630140073e-04
1.548409877779169941e+00,3.565604615636189917e-04,4.684508782699430213e-04,1.835002833983699990e-04,1.835002833983699990e-04
1.548216132799469902e+00,3.575433471769890229e-04,4.700299351516959976e-04,1.844780042785189908e-04,1.844780042785189908e-04
1.548022436298430060e+00,3.661355993877680060e-04,4.714091170815570137e-04,1.726485690178150079e-04,1.726485690178150079e-04
1.547828788257860078e+00,3.725181842661940052e-04,4.726121052853280032e-04,1.641540304713809937e-04,1.641540304713809937e-04
1.547635188659580052e+00,3.743149113520120256e-04,4.736663650906529962e-04,1.629363841313699959e-04,1.629363841313699959e-04
1.547441637485410082e+00,3.766885798732409730e-04,4.746144240964369977e-04,1.605983845260419989e-04,1.605983845260419989e-04
1.547248134717190027e+00,3.817455929861720046e-04,4.753502214894570182e-04,1.535115907453869896e-04,1.535115907453869896e-04
1.547054680336749977e+00,3.817059455012770225e-04,4.757973222085010081e-04,1.543098577998479879e-04,1.543098577998479879e-04
1.546861274325959990e+00,3.862322292947299837e-04,4.761162276132339857e-04,1.474097572423459874e-04,1.474097572423459874e-04
1.546667916666669917e+00,3.953142490877030089e-04,4.763615353045130255e-04,1.329175493955689976e-04,1.329175493955689976e-04
1.546474607340750040e+00,4.011836813425649932e-04,4.764501084013269844e-04,1.234369403763689935e-04,1.234369403763689935e-04
1.546281346330079964e+00,4.109785789525100051e-04,4.762946802039889904e-04,1.071184060524260037e-04,1.071184060524260037e-04
1.546088133616559945e+00,4.060470742241820141e-04,4.759861551833829822e-04,1.147000927730889983e-04,1.147000927730889983e-04
1.545894969182080025e+00,4.135330101586959868e-04,4.756143086998670098e-04,1.018133296075199979e-04,1.018133296075199979e-04
1.545701853008540017e+00,4.211315116074860207e-04,4.751194232363210195e-04,8.854017507128849652e-05,8.854017507128849652e-05
1.545508785077859937e+00,4.267903532576060267e-04,4.744899580627530227e-04,7.822735188044120246e-05,7.822735188044120246e-05
1.545315765371970018e+00,4.191817076636939984e-04,4.737167053914689797e-04,8.943739627355069399e-05,8.943739627355069399e-05
1.545122793872790057e+00,4.174312506849429732e-04,4.728879336025560093e-04,9.094895998488559496e-05,9.094895998488559496e-05
1.544929870562280039e+00,4.316334020539400055e-04,4.719615805653850087e-04,6.613821275876950116e-05,6.613821275876950116e-05
1.544736995422389958e+00,4.260034010321899801e-04,4.709958818196619814e-04,7.378766849145360236e-05,7.378766849145360236e-05
1.544544168435070031e+00,4.334453168800569923e-04,4.700595621650930072e-04,6.004736226745919776e-05,6.004736226745919776e-05
1.544351389582290013e+00,4.534857657175309933e-04,4.689713816925549970e-04,2.539641019904020008e-05,2.539641019904020008e-05
1.544158658846040089e+00,4.573925314993509744e-04,4.677695614005619837e-04,1.701832903798609919e-05,1.701832903798609919e-05
1.543965976208300006e+00,4.556672381905590053e-04,4.664910737839669764e-04,1.775109037318829954e-05,1.775109037318829954e-05
1.543773341651069941e+00,4.469044169819860247e-04,4.652580629848209956e-04,3.009997944465019878e-05,3.009997944465019878e-05
1.543580755156350071e+00,4.522923079966520259e-04,4.639380056132220206e-04,1.909894409117500057e-05,1.909894409117500057e-05
1.543388216706170102e+00,4.682551520253240194e-04,4.627075754053539794e-04,-9.098025656750949626e-06,-9.098025656750949626e-06
1.543195726282529989e+00,4.898025080499769906e-04,4.615883687441629975e-04,-4.627118846153400138e-05,-4.627118846153400138e-05
1.543003283867480091e+00,5.088960765961790533e-04,4.605399413816669988e-04,-7.930406175179959493e-05,-7.930406175179959493e-05
1.542810889443060107e+00,5.111278735615770253e-04,4.594975989560190141e-04,-8.467365035311510523e-05,-8.467365035311510523e-05
1.542618542991309960e+00,5.064331843652019596e-04,4.584436477951180046e-04,-7.870283997493770199e-05,-7.870283997493770199e-05
1.542426244494309984e+00,4.952188153059670136e-04,4.573886771350769921e-04,-6.204142660026029600e-05,-6.204142660026029600e-05
1.542233993934110092e+00,5.015505217674639995e-04,4.563289093394219979e-04,-7.416344438198769757e-05,-7.416344438198769757e-05
1.542041791292789954e+00,5.048049418795649834e-04,4.552977441369429981e-04,-8.119180429790020181e-05,-8.119180429790020181e-05
1.541849636552439895e+00,5.108481655311709630e-04,4.543520909508420077e-04,-9.265356231174050100e-05,-9.265356231174050100e-05
1.541657529695160012e+00,5.136810904442079941e-04,4.535054678212249984e-04,-9.868802110169219916e-05,-9.868802110169219916e-05
1.541465470703039964e+00,5.142116273866620315e-04,4.526294515898279976e-04,-1.009947683068080016e-04,-1.009947683068080016e-04
1.541273459558210046e+00,5.132345654064399826e-04,4.517841073691809795e-04,-1.007787511811059956e-04,-1.007787511811059956e-04
1.541081496242789894e+00,5.006696632636059574e-04,4.509657036876879837e-04,-8.151449370450519446e-05,-8.151449370450519446e-05
1.540889580738900033e+00,5.052873187306539463e-04,4.501054780051739774e-04,-9.049821878978720423e-05,-9.049821878978720423e-05
1.540697713028680083e+00,5.126894217281750430e-04,4.492506338468389986e-04,-1.040396121253909953e-04,-1.040396121253909953e-04
1.540505893094290091e+00,5.135456682622140286e-04,4.484051068841650120e-04,-1.068305206600009993e-04,-1.068305206600009993e-04
1.540314120917879892e+00,5.123169130803540208e-04,4.475762693814120188e-04,-1.061746556662640024e-04,-1.061746556662640024e-04
1.540122396481619971e+00,5.003795085357959534e-04,4.468153524814160002e-04,-8.784521592918209697e-05,-8.784521592918209697e-05
1.539930719767679923e+00,5.071119661947870233e-04,4.460497211700320151e-04,-1.001420818405969937e-04,-1.001420818405969937e-04
1.539739090758249995e+00,5.063643456095919763e-04,4.452769411856069733e-04,-1.001833432553350033e-04,-1.001833432553350033e-04
1.539547509435529982e+00,5.115496352904579666e-04,4.445904673127670120e-04,-1.098130354834140048e-04,-1.098130354834140048e-04
1.539355975781699915e+00,5.163443195698929700e-04,4.439437311662899769e-04,-1.187369649819090052e-04,-1.187369649819090052e-04
1.539164489778990008e+00,5.111604187734119760e-04,4.432294380846039743e-04,-1.114068083296449965e-04,-1.114068083296449965e-04
1.538973051409620041e+00,5.117204126248319938e-04,4.425459352094459893e-04,-1.134461429612320022e-04,-1.134461429612320022e-04
1.538781660655810013e+00,4.954632059363789755e-04,4.418942570110310228e-04,-8.785307623757079528e-05,-8.785307623757079528e-05
1.538590317499789917e+00,4.973279043775259830e-04,4.412616355995770145e-04,-9.194868079583670521e-05,-9.194868079583670521e-05
1.538399021923829935e+00,5.039328791558199882e-04,4.406093406189609974e-04,-1.038506032004479952e-04,-1.038506032004479952e-04
1.538207773910160059e+00,5.077449089492759495e-04,4.399842700427309956e-04,-1.111274478067340041e-04,-1.111274478067340041e-04
1.538016573441060020e+00,5.054675980763950532e-04,4.393408206050330132e-04,-1.084479150530339966e-04,-1.084479150530339966e-04
1.537825420498800000e+00,4.948816090839699674e-04,4.386756388467459816e-04,-9.217779118904729705e-05,-9.217779118904729705e-05
1.537634315065659951e+00,5.012605930038649881e-04,4.379693756752189816e-04,-1.037975964189790057e-04,-1.037975964189790057e-04
1.537443257123920048e+00,4.990129393464220022e-04,4.373011151501059960e-04,-1.012073916819579943e-04,-1.012073916819579943e-04
1.537252246655899990e+00,4.949475665000640113e-04,4.366496464861719957e-04,-9.560858882278249415e-05,-9.560858882278249415e-05
1.537061283643889942e+00,5.060383587847600353e-04,4.360162830468820015e-04,-1.148362042101210045e-04,-1.148362042101210045e-04
1.536870368070220039e+00,5.081853002648560299e-04,4.353468222560390026e-04,-1.194551039344599974e-04,-1.194551039344599974e-04
1.536679499917209979e+00,5.017599868717730538e-04,4.347147348487999732e-04,-1.099542133176750048e-04,-1.099542133176750048e-04
1.536488679167179905e+00,4.920600446559430076e-04,4.340558589058849770e-04,-9.512686463009550420e-05,-9.512686463009550420e-05
1.536297905802499919e+00,4.894127901548400456e-04,4.334856334116790112e-04,-9.172053705878369860e-05,-9.172053705878369860e-05
1.536107179805499934e+00,4.889310271040650437e-04,4.328429942949659826e-04,-9.198437380692279901e-05,-9.198437380692279901e-05
1.535916501158560044e+00,4.835530697929530026e-04,4.322472083775729789e-04,-8.414161272122349636e-05,-8.414161272122349636e-05
1.535725869844029923e+00,4.717317993387439858e-04,4.317641315287020008e-04,-6.554697520846829921e-05,-6.554697520846829921e-05
1.535535285844300102e+00,4.732485981492950207e-04,4.311964848079510100e-04,-6.896546587980379806e-05,-6.896546587980379806e-05
1.535344749141750009e+00,4.839326943278619841e-04,4.306426697249569847e-04,-8.739564034876480298e-05,-8.739564034876480298e-05
1.535154259718779945e+00,4.815564949685099808e-04,4.300979739459539954e-04,-8.439197447699109671e-05,-8.439197447699109671e-05
1.534963817557789989e+00,4.768499213284509782e-04,4.295329706020059872e-04,-7.759979919137010554e-05,-7.759979919137010554e-05
1.534773422641199980e+00,4.779783837363650004e-04,4.289074564897189822e-04,-8.047632068449819581e-05,-8.047632068449819581e-05
1.534583074951419990e+00,5.039827419927700013e-04,4.282557754307499912e-04,-1.241922251617129977e-04,-1.241922251617129977e-04
1.534392774470900056e+00,5.212129204210220156e-04,4.275746896837120058e-04,-1.535666984091880126e-04,-1.535666984091880126e-04
1.534202521182060019e+00,5.386405161409370170e-04,4.269823339353609839e-04,-1.831194188171440037e-04,-1.831194188171440037e-04
1.534012315067359911e+00,5.556465974199730016e-04,4.264630966709590247e-04,-2.118609412283829882e-04,-2.118609412283829882e-04
1.533822156109249990e+00,5.662653412706990241e-04,4.259269084730730017e-04,-2.301550297881059905e-04,-2.301550297881059905e-04
1.533632044290200058e+00,5.892138198716399778e-04,4.253827544607029785e-04,-2.686829472739360090e-04,-2.686829472739360090e-04
1.533441979592679916e+00,6.065856555759730449e-04,4.250171708791099885e-04,-2.977723149028539771e-04,-2.977723149028539771e-04
1.533251961999170021e+00,6.348751489022090534e-04,4.245794852825079870e-04,-3.448848883363100025e-04,-3.448848883363100025e-04
1.533061991492169929e+00,6.583035758948279758e-04,4.241066511398470054e-04,-3.840829565981679740e-04,-3.840829565981679740e-04
1.532872068054180081e+00,6.742283940946290242e-04,4.235551124636800172e-04,-4.111041818747560050e-04,-4.111041818747560050e-04
1.532682191667700033e+00,7.002859976103809492e-04,4.230134761990040270e-04,-4.547269351146579854e-04,-4.547269351146579854e-04
1.532492362315249990e+00,7.224667224897520033e-04,4.225184697198320228e-04,-4.919151345426680177e-04,-4.919151345426680177e-04
1.532302579979359924e+00,7.391273633552310077e-04,4.220584390095570093e-04,-5.199930359269060425e-04,-5.199930359269060425e-04
1.532112844642560034e+00,7.636439052376489938e-04,4.216259095255720066e-04,-5.609095129678069638e-04,-5.609095129678069638e-04
1.531923156287400056e+00,7.920070201367800013e-04,4.210942712610199977e-04,-6.082969081562469588e-04,-6.082969081562469588e-04
1.531733514896429948e+00,8.017099986645710198e-04,4.204905883946820247e-04,-6.251998328426189820e-04,-6.251998328426189820e-04
1.531543920452199892e+00,8.104152003716100228e-04,4.198547047147440205e-04,-6.405192128772610504e-04,-6.405192128772610504e-04
1.531354372937290043e+00,8.256079922214380534e-04,4.193110695586350131e-04,-6.663269531669970078e-04,-6.663269531669970078e-04
1.531164872334279892e+00,8.396104965987020129e-04,4.187400104169400079e-04,-6.902275973380899788e-04,-6.902275973380899788e-04
1.530975418625750040e+00,8.531043604772930175e-04,4.180671592030099810e-04,-7.134610100898240281e-04,-7.134610100898240281e-04
1.530786011794299961e+00,8.487371866079029738e-04,4.173458787719140249e-04,-7.074817448510220454e-04,-7.074817448510220454e-04
1.530596651822530019e+00,8.450833721633229994e-04,4.165323815330520076e-04,-7.028236246336439516e-04,-7.028236246336439516e-04
1.530407338693049901e+00,8.404772787087519967e-04,4.156549173785319736e-04,-6.967086725815609593e-04,-6.967086725815609593e-04
1.530218072388489947e+00,8.185896125367820306e-04,4.147035754262350256e-04,-6.623731008612970253e-04,-6.623731008612970253e-04
1.530028852891470059e+00,7.921711491941249789e-04,4.136524511625110263e-04,-6.207706647718470340e-04,-6.207706647718470340e-04
1.529839680184639894e+00,7.836588198070600303e-04,4.124516049217980223e-04,-6.087798324118289667e-04,-6.087798324118289667e-04
1.529650554250630012e+00,7.708665479364529803e-04,4.113116487664639784e-04,-5.896700346387820065e-04,-5.896700346387820065e-04
1.529461475072110055e+00,7.456182424990490283e-04,4.101204039859470004e-04,-5.502164551614870244e-04,-5.502164551614870244e-04
1.529272442631729900e+00,7.193679913421130532e-04,4.088674887979449777e-04,-5.092208241724349499e-04,-5.092208241724349499e-04
1.529083456912180061e+00,6.851244094375590066e-04,4.074967488844299761e-04,-4.553093633071319786e-04,-4.553093633071319786e-04
1.528894517896119964e+00,6.489438738128540211e-04,4.061076773669080133e-04,-3.982513621713520101e-04,-3.982513621713520101e-04
1.528705625566260107e+00,6.160644094970140318e-04,4.047104587871149808e-04,-3.466204791642340187e-04,-3.466204791642340187e-04
1.528516779905289891e+00,5.915489963491029485e-04,4.032565757795730029e-04,-3.087995697340290067e-04,-3.087995697340290067e-04
1.528327980895920035e+00,5.738009342984769787e-04,4.018717426796820100e-04,-2.819638742548240089e-04,-2.819638742548240089e-04
1.528139228520849935e+00,5.348048280782839465e-04,4.005044318384680196e-04,-2.202526498332980031e-04,-2.202526498332980031e-04
1.527950522762820063e+00,4.890903524902319574e-04,3.991167726987959849e-04,-1.475566708579550111e-04,-1.475566708579550111e-04
1.527761863604560011e+00,4.579232900956570229e-04,3.976843141889230162e-04,-9.879192048704300269e-05,-9.879192048704300269e-05
1.527573251028810031e+00,4.385781014425729979e-04,3.962526307562900130e-04,-6.941377192550540331e-05,-6.941377192550540331e-05
1.527384685018309929e+00,4.069742546076819938e-04,3.950062568549100005e-04,-1.962751631454630005e-05,-1.962751631454630005e-05
1.527196165555829932e+00,3.666378076281719741e-04,3.936759285312670261e-04,4.434251828107609993e-05,4.434251828107609993e-05
1.527007692624130053e+00,3.344707766666889844e-04,3.923783099720559741e-04,9.496835462080200512e-05,9.496835462080200512e-05
1.526819266205990067e+00,3.104863891272410174e-04,3.910824785932450116e-04,1.321775867242469917e-04,1.321775867242469917e-04
1.526630886284189970e+00,2.925785020603719985e-04,3.898728796099509950e-04,1.595627791813089937e-04,1.595627791813089937e-04
1.526442552841519973e+00,2.621970479475479879e-04,3.887091137170929742e-04,2.074797878620529925e-04,2.074797878620529925e-04
1.526254265860780057e+00,2.463194265429670144e-04,3.874954857633820088e-04,2.315287371214810104e-04,2.315287371214810104e-04
1.526066025324779973e+00,2.385055136234350101e-04,3.864336500319309970e-04,2.426021437099329977e-04,2.426021437099329977e-04
1.525877831216339908e+00,2.194590259262420024e-04,3.854092997125560115e-04,2.721584490095539763e-04,2.721584490095539763e-04
1.525689683518290041e+00,2.086352234868930108e-04,3.844057074322469953e-04,2.882635936703819798e-04,2.882635936703819798e-04
1.525501582213460106e+00,2.126269197618149893e-04,3.834558661275549790e-04,2.801594720398140146e-04,2.801594720398140146e-04
1.525313527284680060e+00,1.964703658207450014e-04,3.825547490729639863e-04,3.051783885336380132e-04,3.051783885336380132e-04
1.525125518714820050e+00,1.593334588727550070e-04,3.815730135574429971e-04,3.644728696828889803e-04,2.944728696828890135e-04
1.524937556486730017e+00,1.474113134213929940e-04,3.804938844788129755e-04,3.822554165341689918e-04,3.122554165341690250e-04
1.524749640583280108e+00,1.522028088201870047e-04,3.794660711936549908e-04,3.727117502924870104e-04,3.027117502924869894e-04
1.524561770987350018e+00,1.507882695574370069e-04,3.785383761841569993e-04,3.735101748678209817e-04,3.035101748678209607e-04
1.524373947681820107e+00,1.519236138113090064e-04,3.776665334808579854e-04,3.702183882580599916e-04,3.002183882580600248e-04
1.524186170649590055e+00,1.595434387162529967e-04,3.767026029783239818e-04,3.561410293897949910e-04,2.861410293897950242e-04
1.523998439873549993e+00,1.683123311066889931e-04,3.756354597855569898e-04,3.400099310333429812e-04,2.700099310333429602e-04
1.523810755336620026e+00,1.703870029138560124e-04,3.745546339180750206e-04,3.348349148469200072e-04,2.648349148469200404e-04
1.523623117021710049e+00,1.709543447068229984e-04,3.734421289068680155e-04,3.320799660880729737e-04,2.620799660880729527e-04
1.523435524911759931e+00,1.771279951863700118e-04,3.722488727487169823e-04,3.199982392022489861e-04,2.499982392022490193e-04
1.523247978989699991e+00,1.844096723582709901e-04,3.711113538653100247e-04,3.061907576715440157e-04,2.361907576715440219e-04
1.523060479238470100e+00,1.872468209469130046e-04,3.700418153600829887e-04,2.997837908376000228e-04,2.297837908376000290e-04
1.522873025641030109e+00,1.958615448566040083e-04,3.688567336398210195e-04,2.837121096044759776e-04,2.137121096044759837e-04
1.522685618180330103e+00,2.117047870280060033e-04,3.676263667250469973e-04,2.557113907031459887e-04,1.857113907031459948e-04
1.522498256839339925e+00,2.063489755006010025e-04,3.662488342504449917e-04,2.622357683497440035e-04,1.922357683497440096e-04
1.522310941601050072e+00,2.195021605404399914e-04,3.649014001741009909e-04,2.384547529992040100e-04,1.684547529992040161e-04
1.522123672448439935e+00,2.332250662219999878e-04,3.634573880129890076e-04,2.135810077372210069e-04,1.435810077372210130e-04
1.521936449364490018e+00,2.337707862536520084e-04,3.621140225519910052e-04,2.104829075292759938e-04,1.404829075292759999e-04
1.521749272332229896e+00,2.445699113454380077e-04,3.607996072683909814e-04,1.906167013136429885e-04,1.206167013136429946e-04
1.521562141334650065e+00,2.454952335025039874e-04,3.593603466249100102e-04,1.867387855207460108e-04,1.167387855207460169e-04
1.521375056354770106e+00,2.539720855713810226e-04,3.579433317409249846e-04,1.705128437180529932e-04,1.005128437180529994e-04
1.521188017375630031e+00,2.720699691446779749e-04,3.563910718321980234e-04,1.382866084075330096e-04,6.828660840753301574e-05
1.521001024380250088e+00,2.811515272688209902e-04,3.549762584444600172e-04,1.210725591280480015e-04,5.107255912804800765e-05
1.520814077351690052e+00,2.794709679914259806e-04,3.535228008303650154e-04,1.214450058558610030e-04,5.144500585586100916e-05
1.520627176272989933e+00,2.914185788099780223e-04,3.519083352967900132e-04,9.920320063837130618e-05,2.920320063837131231e-05
1.520440321127219940e+00,2.939166934147669809e-04,3.503583182259769778e-04,9.256426469038389940e-05,2.256426469038390554e-05
1.520253511897450061e+00,2.898417912648219939e-04,3.486536926862029767e-04,9.645151833106559787e-05,2.645151833106560400e-05
1.520066748566750059e+00,2.944878514969709836e-04,3.469822559323640257e-04,8.609082327404340399e-05,1.609082327404341012e-05
1.519880031118209907e+00,3.024435678063610157e-04,3.452390078004489863e-04,7.018452159030300324e-05,1.845215903030093720e-07
1.519693359534920019e+00,3.065792407836429902e-04,3.435737532161320016e-04,6.067100038928210123e-05,-9.328999610717892636e-06
1.519506733799989906e+00,3.063200822082189729e-04,3.419853808356179779e-04,5.849108974893479852e-05,-1.150891025106519534e-05
1.519320153896529968e+00,3.102350377837499924e-04,3.402652680935429937e-04,4.924957770806109928e-05,-2.075042229193889458e-05
1.519133619807649938e+00,3.124108412043659832e-04,3.384618663190540073e-04,4.272368118808830118e-05,-2.727631881191169269e-05
1.518947131516489968e+00,3.065086448712519792e-04,3.366668440679710132e-04,4.945944668261919891e-05,-2.054055331738079495e-05
1.518760689006179998e+00,3.017716148904739815e-04,3.348088182373880253e-04,5.418101348893819905e-05,-1.581898651106179482e-05
1.518574292259859959e+00,3.038173778402980117e-04,3.329650778378859927e-04,4.780222799604329676e-05,-2.219777200395669711e-05
1.518387941260689988e+00,3.120412260310670080e-04,3.310946348455840187e-04,3.124759045580760043e-05,-3.875240954419239344e-05
1.518201635991820009e+00,3.090701617289980259e-04,3.291585274566009877e-04,3.294491979326800079e-05,-3.705508020673199308e-05
1.518015376436429920e+00,2.994219780728749883e-04,3.271599718808749753e-04,4.549030984511999968e-05,-2.450969015487999418e-05
1.517829162577690072e+00,3.006033651722779770e-04,3.251252503831820171e-04,4.021589174588149684e-05,-2.978410825411849703e-05
1.517642994398789913e+00,3.079895200690800270e-04,3.231460781607320225e-04,2.485675527030919871e-05,-4.514324472969079516e-05
1.517456871882920000e+00,3.152801651479539909e-04,3.211017851119950164e-04,9.547456741027010352e-06,-6.045254325897298690e-05
1.517270795013279994e+00,3.066934518235379741e-04,3.188873410568290032e-04,1.999797834259649945e-05,-5.000202165740349103e-05
1.517084763773089984e+00,3.132136681121640200e-04,3.167115874085150149e-04,5.736587646016520242e-06,-6.426341235398346939e-05
1.516898778145560067e+00,3.195250306709100131e-04,3.145539623628919811e-04,-8.152552025149400116e-06,-7.815255202514939398e-05
1.516712838113920103e+00,3.076400515322819974e-04,3.124908569670630247e-04,7.955320913040259302e-06,-6.204467908695973795e-05
1.516526943661399951e+00,3.017185894036180076e-04,3.104150454810569921e-04,1.426218796699889937e-05,-5.573781203300109450e-05
1.516341094771239906e+00,2.990243418070520111e-04,3.082283905881670247e-04,1.509464000102860009e-05,-5.490535999897139209e-05
1.516155291426700025e+00,2.991508601830910230e-04,3.060008276456360104e-04,1.123394663857360067e-05,-5.876605336142639490e-05
1.515969533611039921e+00,2.866949542439729999e-04,3.037190156051030221e-04,2.791946063225320146e-05,-4.208053936774679241e-05
1.515783821307530088e+00,2.852490701678029976e-04,3.012604510560819965e-04,2.625866465677699894e-05,-4.374133534322299831e-05
1.515598154499429917e+00,2.706120816247199940e-04,2.987602855029419997e-04,4.616305436028269877e-05,-2.383694563971729510e-05
1.515412533170030107e+00,2.837339772043510097e-04,2.960101986707159801e-04,2.013300320483749997e-05,-4.986699679516249728e-05
1.515226957302640010e+00,3.015038196246000186e-04,2.931932501340720073e-04,-1.362933396446660002e-05,-8.362933396446659050e-05
1.515041426880540110e+00,2.971350658208800170e-04,2.901840236416509998e-04,-1.139970917393669945e-05,-8.139970917393669501e-05
1.514855941887039981e+00,2.978071130653919861e-04,2.870914536265729974e-04,-1.757368147966350148e-05,-8.757368147966349534e-05
1.514670502305460076e+00,2.972450196288949900e-04,2.838916369626739945e-04,-2.189954757260170035e-05,-9.189954757260169083e-05
1.514485108119139944e+00,2.849141019996899882e-04,2.805310308511280095e-04,-7.188236683641819981e-06,-7.718823668364180877e-05
1.514299759311390048e+00,2.731444983024699917e-04,2.770605912095200135e-04,6.422392367560970084e-06,-6.357760763243902548e-05
1.514114455865559927e+00,2.653974193213909849e-04,2.733529211179140206e-04,1.304702294629719993e-05,-5.695297705370279564e-05
1.513929197765000012e+00,2.614334183981569838e-04,2.695646218889780001e-04,1.333517372494579932e-05,-5.666482627505419454e-05
1.513743984993070057e+00,2.564276508528140161e-04,2.656339033884320229e-04,1.509825415841249983e-05,-5.490174584158749404e-05
1.513558817533130041e+00,2.719096616228050198e-04,2.613922928749690079e-04,-1.724848474645119883e-05,-8.724848474645119270e-05
1.513373695368559924e+00,2.759353368463280049e-04,2.570426617048729933e-04,-3.098398723198700100e-05,-1.009839872319869881e-04
1.513188618482740111e+00,2.569364080612620074e-04,2.525128454227730046e-04,-7.254642727122679649e-06,-7.725464272712267945e-05
1.513003586859049898e+00,2.359021218339180006e-04,2.478013945770119819e-04,1.951480729867470062e-05,-5.048519270132528986e-05
1.512818600480910103e+00,2.326995279284539936e-04,2.428896772426720021e-04,1.671184487531739856e-05,-5.328815512468259869e-05
1.512633659331700020e+00,2.442277519111740215e-04,2.380132471067619997e-04,-1.019178787923690003e-05,-8.019178787923688712e-05
1.512448763394860007e+00,2.263426099592810096e-04,2.330175975393530081e-04,1.094697963131830046e-05,-5.905302036868169510e-05
1.512263912653790010e+00,2.074040098393940107e-04,2.279777300209099905e-04,3.374090109768619920e-05,-3.625909890231379467e-05
1.512079107091939933e+00,1.948591911409769872e-04,2.227730338405479885e-04,4.577870202729559753e-05,-2.422129797270439634e-05
1.511894346692729929e+00,1.898838793429690028e-04,2.175601695821630067e-04,4.538911599227890092e-05,-2.461088400772109294e-05
1.511709631439630108e+00,1.679942150022549908e-04,2.123253836370769918e-04,7.270311656110809459e-05,2.703116561108100720e-06
1.511524961316069948e+00,1.557192021405520092e-04,2.068349766006200127e-04,8.382987011451040421e-05,1.382987011451041034e-05
1.511340336305520005e+00,1.410657239897429994e-04,2.014928734996829869e-04,9.910052519630140272e-05,2.910052519630140886e-05
1.511155756391469929e+00,1.149545965596520032e-04,1.961834475954499907e-04,1.332153156987080111e-04,6.321531569870801723e-05
1.510971221557370070e+00,1.249871548504460114e-04,1.908319991420250050e-04,1.079855446381900065e-04,3.798554463819001266e-05
1.510786731786730064e+00,1.123204619114049946e-04,1.856115943953239988e-04,1.201974572736270053e-04,5.019745727362701147e-05
1.510602287063040006e+00,1.029305325471709993e-04,1.804174560256660044e-04,1.270785545047329885e-04,5.707855450473299464e-05
1.510417887369789991e+00,8.104173894703400015e-05,1.754319033360750041e-04,1.547998695980270026e-04,8.479986959802700871e-05
1.510233532690510083e+00,7.833997215512740508e-05,1.705794454705290028e-04,1.512727362372579920e-04,8.127273623725799812e-05
1.510049223008709918e+00,8.529466484941689432e-05,1.656367975924460121e-04,1.317610976985680003e-04,6.176109769856800644e-05
1.509864958307910010e+00,8.028769975013249770e-05,1.609527287984309875e-04,1.322906476392099971e-04,6.229064763921000327e-05
1.509680738571659964e+00,9.596345827394059456e-05,1.562352697146159953e-04,9.884577076270770646e-05,2.884577076270771259e-05
1.509496563783500056e+00,1.018591007892369977e-04,1.516547808515080007e-04,8.166491530212389841e-05,1.166491530212390455e-05
1.509312433926969899e+00,1.028261059120639983e-04,1.470742899410079922e-04,7.256702180746670580e-05,2.567021807466711935e-06
1.509128348985649959e+00,9.378178501692970459e-05,1.426598294718349990e-04,8.015999290604440086e-05,1.015999290604440700e-05
1.508944308943090062e+00,9.846385933530669846e-05,1.384343888816409968e-04,6.555166845598880000e-05,-4.448331544011193870e-06
1.508760313782870011e+00,1.447930949103430067e-04,1.342795592970559950e-04,-1.724219840578959892e-05,-8.724219840578958940e-05
1.508576363488580041e+00,1.337876882903830066e-04,1.301291773802850076e-04,-5.999957892561119812e-06,-7.599995789256111707e-05
1.508392458043809947e+00,1.501572485512070064e-04,1.261477370823669945e-04,-3.937559880889849814e-05,-1.093755988088984920e-04
1.508208597432149967e+00,1.455849670831449905e-04,1.223518501099459877e-04,-3.810231183604680067e-05,-1.081023118360467878e-04
1.508024781637210099e+00,1.704036145164829891e-04,1.185924721539980065e-04,-8.497027347447660636e-05,-1.549702734744766138e-04
1.507841010642620105e+00,1.872145671430309978e-04,1.148518719453509935e-04,-1.186748201241959947e-04,-1.886748201241959886e-04
1.507657284431989986e+00,1.828511345618149934e-04,1.111939190613210024e-04,-1.175178334208109947e-04,-1.875178334208109886e-04
1.507473602988949946e+00,2.057527256419230054e-04,1.076180614173600066e-04,-1.609408493282839866e-04,-2.309408493282839804e-04
1.507289966297149952e+00,2.115368364905910025e-04,1.040866169436259936e-04,-1.762183600570230006e-04,-2.462183600570230215e-04
1.507106374340239974e+00,2.299113537119769866e-04,1.003030179150990020e-04,-2.125576707068810029e-04,-2.825576707068809968e-04
1.506922827101859985e+00,2.350852987889419962e-04,9.678038926217520568e-05,-2.268200516238969976e-04,-2.968200516238969915e-04
1.506739324565679938e+00,2.523207889073040091e-04,9.308602129171259757e-05,-2.611450188895710132e-04,-3.311450188895710342e-04
1.506555866715370007e+00,2.561569270979079972e-04,8.938679578048859802e-05,-2.735030153605670124e-04,-3.435030153605669791e-04
1.506372453534619904e+00,2.404875866947659877e-04,8.577483859069700092e-05,-2.537289068906730121e-04,-3.237289068906730330e-04
1.506189085007100026e+00,2.490767678737319780e-04,8.209286959722440129e-05,-2.738535931734719926e-04,-3.438535931734720136e-04
1.506005761116520070e+00,2.604377200728149873e-04,7.856414818082090067e-05,-2.982726579028709959e-04,-3.682726579028709627e-04
1.505822481846579963e+00,2.770519246335759775e-04,7.479263028588530352e-05,-3.317052427302130007e-04,-4.017052427302130217e-04
1.505639247180980078e+00,2.745051210159410037e-04,7.099479801456109389e-05,-3.337569297222620079e-04,-4.037569297222619747e-04
1.505456057103460088e+00,2.753067263039459781e-04,6.710748140153169501e-05,-3.414467616399590247e-04,-4.114467616399589914e-04
1.505272911597729912e+00,2.916500772323080202e-04,6.312506131297660362e-05,-3.747810261077029969e-04,-4.447810261077030178e-04
1.505089810647529891e+00,2.875143663087960117e-04,5.915285035750879929e-05,-3.745128861601110248e-04,-4.445128861601109916e-04
1.504906754236599919e+00,2.665886965769200087e-04,5.514061270837519681e-05,-3.467748575444140027e-04,-4.167748575444140237e-04
1.504723742348700100e+00,2.665775197411250218e-04,5.094593999606050294e-05,-3.536357907819059790e-04,-4.236357907819059999e-04
1.504540774967570105e+00,2.865732822169310130e-04,4.659125107671690050e-05,-3.935705310699510236e-04,-4.635705310699509904e-04
1.504357852077000013e+00,2.666035161069459937e-04,4.209083282414619948e-05,-3.682008005837919735e-04,-4.382008005837919945e-04
1.504174973660749925e+00,2.635444156614590245e-04,3.761442907995069744e-05,-3.705251779936740201e-04,-4.405251779936740410e-04
1.503992139702609920e+00,2.367970630491529919e-04,3.290210449174600302e-05,-3.343877320341479887e-04,-4.043877320341480097e-04
1.503809350186360083e+00,2.433773780416940025e-04,2.830280289791300169e-05,-3.527223032357999972e-04,-4.227223032358000182e-04
1.503626605095800040e+00,2.229881210228080134e-04,2.366433187218530047e-05,-3.268910142070209743e-04,-3.968910142070209953e-04
1.503443904414740073e+00,2.306532056030130107e-04,1.866917596298609856e-05,-3.476538086096450219e-04,-4.176538086096449887e-04
1.503261248127000016e+00,2.410898467270940063e-04,1.390977353382199955e-05,-3.725753200369659934e-04,-4.425753200369659602e-04
1.503078636216389929e+00,2.233980323884540112e-04,8.827409280647889744e-06,-3.518958218968019913e-04,-4.218958218968019581e-04
1.502896068666750073e+00,2.287256765813399880e-04,3.881143670235239905e-06,-3.687450339742119739e-04,-4.387450339742119407e-04
1.502713545461910050e+00,2.003126714260939929e-04,-1.265332498241000062e-06,-3.305879264359099998e-04,-4.005879264359099665e-04
1.502531066585709896e+00,2.160020176005350123e-04,-6.558726607213699684e-06,-3.649996205007080183e-04,-4.349996205007080393e-04
1.502348632022020070e+00,2.149669857616799944e-04,-1.183989783690290082e-05,-3.719632891016750025e-04,-4.419632891016749693e-04
1.502166241754679943e+00,1.818567733609790041e-04,-1.747542620754949938e-05,-3.269048072923859752e-04,-3.969048072923859419e-04
1.501983895767579957e+00,1.999962040570889895e-04,-2.293981167143339863e-05,-3.656150657947760015e-04,-4.356150657947759682e-04
1.501801594044579913e+00,1.737145860753510078e-04,-2.873107154190660147e-05,-3.320108784923029785e-04,-4.020108784923029453e-04
1.501619336569580021e+00,1.752016312516729954e-04,-3.422271916726129772e-05,-3.434559346870519835e-04,-4.134559346870520045e-04
1.501437123326460066e+00,1.613275381098629928e-04,-4.005410593214359734e-05,-3.302658962288910105e-04,-4.002658962288910315e-04
1.501254954299120037e+00,1.607470344886829982e-04,-4.589608824308700032e-05,-3.388947212801029845e-04,-4.088947212801029513e-04
1.501072829471469916e+00,1.780650558943520098e-04,-5.154356106324780001e-05,-3.765581318104640010e-04,-4.465581318104640219e-04
1.500890748827429899e+00,1.581902179986960008e-04,-5.771125492114220274e-05,-3.540784155885350146e-04,-4.240784155885349814e-04
1.500708712350919960e+00,1.452611522768829880e-04,-6.360766930560580047e-05,-3.425448673952819758e-04,-4.125448673952819426e-04
1.500526720025870064e+00,1.446681256087299920e-04,-6.989104553037790149e-05,-3.518770406681360195e-04,-4.218770406681360404e-04
1.500344771836219948e+00,1.214184171368069978e-04,-7.611258666463809898e-05,-3.239508462343699993e-04,-3.939508462343700203e-04
1.500162867765920005e+00,1.306687727039219959e-04,-8.224593146752899966e-05,-3.491801148411800100e-04,-4.191801148411799767e-04
1.499981007798929955e+00,1.230538978938529944e-04,-8.881383024909849375e-05,-3.474630741544400248e-04,-4.174630741544400458e-04
1.499799191919189978e+00,1.057899813143290036e-04,-9.519913435592499372e-05,-3.296221496992159778e-04,-3.996221496992159988e-04
1.499617420110689991e+00,1.043286880639540063e-04,-1.016736985506330016e-04,-3.378439140479219845e-04,-4.078439140479219512e-04
1.499435692357409922e+00,9.920627922846879593e-05,-1.079389764745830046e-04,-3.397182193530049734e-04,-4.097182193530049402e-04
1.499254008643319924e+00,1.039463701593209980e-04,-1.144036737127829989e-04,-3.580940719502509776e-04,-4.280940719502509444e-04
1.499072368952429901e+00,8.115714185993969793e-05,-1.207833125131000052e-04,-3.311823451717860254e-04,-4.011823451717860464e-04
1.498890773268729992e+00,4.430953506642839858e-05,-1.272130922011990037e-04,-2.812971087189099738e-04,-3.512971087189099405e-04
1.498709221576230100e+00,5.160454379300890258e-05,-1.339433858791320075e-04,-3.042986046623109907e-04,-3.742986046623110116e-04
1.498527713858949895e+00,4.987043562257910130e-05,-1.405386565090829929e-04,-3.122709110959250131e-04,-3.822709110959250341e-04
1.498346250100909938e+00,5.704761477712350044e-05,-1.474295107709810125e-04,-3.353424858988920064e-04,-4.053424858988920274e-04
1.498164830286150107e+00,5.601048946210320022e-05,-1.541335715266540021e-04,-3.446362600215620059e-04,-4.146362600215620269e-04
1.497983454398710057e+00,4.441506085712389971e-05,-1.609334739202510100e-04,-3.367715970348960004e-04,-4.067715970348960213e-04
1.497802122422629889e+00,3.381634351969930205e-05,-1.676733758715319975e-04,-3.304431398016189920e-04,-4.004431398016189587e-04
1.497620834341969909e+00,1.820570118122019889e-05,-1.744824777276320039e-04,-3.160086134105169887e-04,-3.860086134105170097e-04
1.497439590140789978e+00,-1.619309061675569894e-05,-1.814638536513610051e-04,-2.710440513767530197e-04,-3.410440513767529864e-04
1.497258389803159950e+00,1.449465811513649905e-06,-1.882833312357510126e-04,-3.111617871575139867e-04,-3.811617871575139534e-04
1.497077233313170108e+00,-3.155453285638839742e-05,-1.951417022597119917e-04,-2.682829578214499791e-04,-3.382829578214499458e-04
1.496896120654890083e+00,-2.756613972447450014e-05,-2.019078540348359912e-04,-2.859204114689920168e-04,-3.559204114689920378e-04
1.496715051812429920e+00,-4.920792755670890206e-05,-2.089381601094170008e-04,-2.619575813864420265e-04,-3.319575813864420475e-04
1.496534026769879899e+00,-5.534123175996099887e-05,-2.159806733984059954e-04,-2.634486842870490102e-04,-3.334486842870489770e-04
1.496353045511350066e+00,-5.394932957196429800e-05,-2.230617661596539874e-04,-2.773443960038110209e-04,-3.473443960038109877e-04
1.496172108020960012e+00,-6.889617284477900228e-05,-2.300648763997059924e-04,-2.643166738300809881e-04,-3.343166738300810091e-04
1.495991214282839987e+00,-6.268321906106919352e-05,-2.372239638892029937e-04,-2.862468215181400107e-04,-3.562468215181400317e-04
1.495810364281110028e+00,-8.693811251796360149e-05,-2.442889962770759772e-04,-2.580554493649449754e-04,-3.280554493649449422e-04
1.495629557999919923e+00,-8.721975092154210345e-05,-2.511639917239010195e-04,-2.688685549158690213e-04,-3.388685549158689881e-04
1.495448795423409916e+00,-8.978842099932989517e-05,-2.583760367957299770e-04,-2.764836899060949828e-04,-3.464836899060950038e-04
1.495268076535750001e+00,-1.300969907162069982e-04,-2.656301570926190131e-04,-2.222743928573159939e-04,-2.922743928573159878e-04
1.495087401321089970e+00,-1.351485018341679989e-04,-2.731098438276059921e-04,-2.262566008692390050e-04,-2.962566008692389717e-04
1.494906769763600041e+00,-1.468491674644119966e-04,-2.806138159725310032e-04,-2.193740235533149963e-04,-2.893740235533150173e-04
1.494726181847469970e+00,-1.549945998611089871e-04,-2.879171535851559878e-04,-2.179929881074369868e-04,-2.879929881074369535e-04
1.494545637556869977e+00,-1.855451855378059981e-04,-2.951483344045379830e-04,-1.797491641414409886e-04,-2.497491641414409554e-04
1.494365136876010025e+00,-1.697472569463829932e-04,-3.022816515931780156e-04,-2.173564072207440068e-04,-2.873564072207440007e-04
1.494184679789080095e+00,-1.785175708276300088e-04,-3.096551072027989814e-04,-2.150655596552769979e-04,-2.850655596552770189e-04
1.494004266280289928e+00,-1.734028746085049949e-04,-3.169695284660189994e-04,-2.354493123263219927e-04,-3.054493123263219865e-04
1.493823896333859924e+00,-1.930395717754749955e-04,-3.242951439148420096e-04,-2.152591383085620115e-04,-2.852591383085620325e-04
1.493643569934010040e+00,-1.990485293273440101e-04,-3.313940476132110004e-04,-2.170466499888230004e-04,-2.870466499888229672e-04
1.493463287064979994e+00,-2.071086027990489949e-04,-3.387855630293529880e-04,-2.159502147776980044e-04,-2.859502147776979983e-04
1.493283047710999956e+00,-2.630945356191039864e-04,-3.463443640146129975e-04,-1.365297185686349939e-04,-2.065297185686349878e-04
1.493102851856320079e+00,-2.551731107516140204e-04,-3.547646842168270019e-04,-1.633301804829490034e-04,-2.333301804829489973e-04
1.492922699485200067e+00,-2.750234575567040048e-04,-3.631850044190419822e-04,-1.445849368542340119e-04,-2.145849368542340058e-04
1.492742590581900064e+00,-2.919823193312399826e-04,-3.716053246212559866e-04,-1.305817286756259983e-04,-2.005817286756259922e-04
1.492562525130679996e+00,-2.784348061505569918e-04,-3.800256448234710211e-04,-1.666089754235790135e-04,-2.366089754235790074e-04
1.492382503115829984e+00,-2.984035698021149786e-04,-3.884459650256850255e-04,-1.476695281666540063e-04,-2.176695281666540002e-04
1.492202524521629936e+00,-2.827280992657010134e-04,-3.968662852279000058e-04,-1.871866249780059996e-04,-2.571866249780059934e-04
1.492022589332369975e+00,-2.902196215372490032e-04,-4.052866054301140102e-04,-1.887098535842990127e-04,-2.587098535842990337e-04
1.491842697532349993e+00,-3.445283496816760088e-04,-4.137069256323280147e-04,-1.134528645590700030e-04,-1.834528645590699969e-04
1.491662849105890087e+00,-3.254334181000569895e-04,-4.221272458345420192e-04,-1.585778774845559875e-04,-2.285778774845559813e-04
1.491483044037289929e+00,-3.566602794977479884e-04,-4.305475660367569994e-04,-1.211751499239749997e-04,-1.911751499239750071e-04
1.491303282310880052e+00,-3.468773271863200220e-04,-4.389678862389710039e-04,-1.510285168463479919e-04,-2.210285168463479858e-04
1.491123563910980110e+00,-3.858738449322380096e-04,-4.473882064411859841e-04,-1.008835528746749997e-04,-1.708835528746750071e-04
1.490943888821949947e+00,-3.982162018134669901e-04,-4.558085266433999885e-04,-9.445141272109030292e-05,-1.644514127210902968e-04
1.490764257028110107e+00,-3.913902685332469947e-04,-4.642288468456139930e-04,-1.194552684322829940e-04,-1.894552684322829879e-04
1.490584668513829980e+00,-3.965426450590210086e-04,-4.726491670478289732e-04,-1.248146960616450100e-04,-1.948146960616450039e-04
1.490405123263470077e+00,-4.272525106634269989e-04,-4.810694872500429777e-04,-8.825984160204949447e-05,-1.582598416020495019e-04
1.490225621261390021e+00,-4.336316922533530252e-04,-4.894898074522580122e-04,-9.160730892620470498e-05,-1.616073089262046853e-04
1.490046162491970083e+00,-4.285025047898659788e-04,-4.979101276544720166e-04,-1.138285014979539990e-04,-1.838285014979539793e-04
1.489866746939590092e+00,-4.451485800183380202e-04,-5.063304478566869968e-04,-1.003382632548919937e-04,-1.703382632548919740e-04
1.489687374588650082e+00,-4.592821398776370185e-04,-5.147507680589010013e-04,-9.096855021727270419e-05,-1.609685502172726981e-04
1.489508045423540095e+00,-4.730514817425519858e-04,-5.231710882611159815e-04,-8.219615469044469545e-05,-1.521961546904447029e-04
1.489328759428659943e+00,-4.724279598931669950e-04,-5.315914084633299860e-04,-9.702805565506709604e-05,-1.670280556550670899e-04
1.489149516588440081e+00,-4.713148255970920145e-04,-5.400117286655449662e-04,-1.126629210322609972e-04,-1.826629210322609775e-04
1.488970316887280099e+00,-5.410443788077239774e-04,-5.484320488677589707e-04,-1.211577889845700012e-05,-8.211577889845699907e-05
1.488791160309629991e+00,-4.994131357507029800e-04,-5.568523690699729752e-04,-9.420034264360420363e-05,-1.642003426436041975e-04
1.488612046839909997e+00,-5.299410423011789717e-04,-5.652726892721869796e-04,-5.794390103245379841e-05,-1.279439010324537990e-04
1.488432976462569890e+00,-5.470739619352800454e-04,-5.736930094744019598e-04,-4.365523796416049678e-05,-1.136552379641604974e-04
1.488253949162060108e+00,-5.666699362753479467e-04,-5.821133296766159643e-04,-2.532716517808040126e-05,-9.532716517808039174e-05
1.488074964922829979e+00,-5.926644542665970112e-04,-5.905336498788299688e-04,3.494519195936879875e-06,-6.650548080406310891e-05
1.487896023729359918e+00,-5.570701958769250358e-04,-5.989539700810449490e-04,-6.868938969475749405e-05,-1.386893896947574744e-04
1.487717125566109910e+00,-6.072868273246110130e-04,-6.073742902832589535e-04,-1.434392521836890000e-07,-7.014343925218368043e-05
1.487538270417569919e+00,-6.114406727248670103e-04,-6.157946104854740421e-04,-7.140457927396070092e-06,-7.714045792739605888e-05
1.487359458268219914e+00,-6.218072005026479502e-04,-6.242149306876880466e-04,-3.948677503465399937e-06,-7.394867750346538872e-05
1.487180689102560072e+00,-6.321541066928779542e-04,-6.326352508899030268e-04,-7.890764831204079796e-07,-7.078907648312040396e-05
1.487001962905099894e+00,-6.280273991351829899e-04,-6.410555710921170313e-04,-2.136620200937240023e-05,-9.136620200937239748e-05
1.486823279660340003e+00,-6.355054227690350253e-04,-6.494758912943320115e-04,-2.291156838148710039e-05,-9.291156838148709087e-05
1.486644639352799890e+00,-6.660012199888790509e-04,-6.578962114965460160e-04,1.329221392742709920e-05,-5.670778607257289636e-05
1.486466041966999940e+00,-6.908828004297969637e-04,-6.663165316987609962e-04,4.028868071889949977e-05,-2.971131928110049410e-05
1.486287487487490067e+00,-7.173372478197929730e-04,-6.747368519009750007e-04,6.986464930686250244e-05,-1.353506931374914238e-07
1.486108975898789986e+00,-7.038956077266970458e-04,-6.831571721031899809e-04,3.401103442255159787e-05,-3.598896557744839600e-05
1.485930507185460048e+00,-7.354724552011339834e-04,-6.915774923054039854e-04,7.198773914899859972e-05,1.987739148998605857e-06
1.485752081332049945e+00,-7.181106448598279651e-04,-6.999978125076179898e-04,2.970504505762440098e-05,-4.029495494237559289e-05
1.485573698323130021e+00,-7.128305156308229959e-04,-7.084181327098319943e-04,7.236307990423819756e-06,-6.276369200957616988e-05
1.485395358143259958e+00,-7.708012715270539826e-04,-7.168384529120459987e-04,8.849902252861259586e-05,1.849902252861260199e-05
1.485217060777020093e+00,-7.228691020083329944e-04,-7.252587731142609790e-04,-3.919060613721890231e-06,-7.391906061372188156e-05
1.485038806208990092e+00,-7.769853035425540498e-04,-7.336790933164749834e-04,7.102218477076899618e-05,1.022184770769002317e-06
1.484860594423780045e+00,-7.487041541904440427e-04,-7.420994135186899637e-04,1.083177470167630056e-05,-5.916822529832369161e-05
1.484682425405970063e+00,-7.804696242923419951e-04,-7.505197337209039681e-04,4.911782053715799909e-05,-2.088217946284199477e-05
1.484504299140170014e+00,-7.919022467588389836e-04,-7.589400539231189484e-04,5.405799625058029672e-05,-1.594200374941969714e-05
1.484326215610999977e+00,-7.803638898986929931e-04,-7.673603741253329528e-04,2.132576586831029896e-05,-4.867423413168969152e-05
1.484148174803090026e+00,-8.532702345085419740e-04,-7.757806943275480415e-04,1.270828458968299994e-04,5.708284589683000555e-05
1.483970176701050026e+00,-8.069228994306850518e-04,-7.842010145297620459e-04,3.726389123751439741e-05,-3.273610876248559645e-05
1.483792221289520041e+00,-8.701265405503539729e-04,-7.926213347319770262e-04,1.271085375421379888e-04,5.710853754213799489e-05
1.483614308553159900e+00,-8.139793814314679474e-04,-8.010416549341910306e-04,2.121787145553430168e-05,-4.878212854446568880e-05
1.483436438476599895e+00,-8.776208882443720062e-04,-8.094619751364060109e-04,1.117806174970639970e-04,4.178061749706400317e-05
1.483258611044510067e+00,-8.717948766932790165e-04,-8.178822953386200153e-04,8.841663342164180004e-05,1.841663342164180618e-05
1.483080826241560013e+00,-8.285627960686780180e-04,-8.263026155408349956e-04,3.706696065663090040e-06,-6.629330393433691018e-05
1.482903084052410003e+00,-9.333863832285420239e-04,-8.347229357430490000e-04,1.618080538762089885e-04,9.180805387620899461e-05
1.482725384461750062e+00,-8.749442534934319783e-04,-8.431432559452630045e-04,5.215363597899840085e-05,-1.784636402100159302e-05
1.482547727454269992e+00,-9.505477799748349816e-04,-8.515635761474770089e-04,1.623340942768659986e-04,9.233409427686600475e-05
1.482370113014660040e+00,-9.440211231150439503e-04,-8.599838963496910134e-04,1.378210518951780087e-04,6.782105189517801487e-05
1.482192541127610008e+00,-9.310306904905809536e-04,-8.684042165519059936e-04,1.027074172594260036e-04,3.270741725942600978e-05
1.482015011777860103e+00,-1.016330277255169962e-03,-8.768245367541199981e-04,2.287894144217289972e-04,1.587894144217290033e-04
1.481837524950099905e+00,-9.714048994410729842e-04,-8.852448569563349783e-04,1.413024696749710040e-04,7.130246967497101012e-05
1.481660080629070064e+00,-9.923172414072749681e-04,-8.936651771585489828e-04,1.617893853679099926e-04,9.178938536790999872e-05
1.481482678799489916e+00,-9.598988846411509596e-04,-9.020854973607639630e-04,9.481395513983410187e-05,2.481395513983410800e-05
1.481305319446110103e+00,-9.988007797058990125e-04,-9.105058175629779675e-04,1.448037379143900087e-04,7.480373791439001480e-05
1.481128002553669942e+00,-9.743178787946749856e-04,-9.189261377651929477e-04,9.084245528835020169e-05,2.084245528835020783e-05
1.480950728106920078e+00,-9.771055521599800956e-04,-9.273464579674069522e-04,8.160491447582000619e-05,1.160491447582001233e-05
1.480773496090630026e+00,-1.046095577440909899e-03,-9.357667781696220408e-04,1.809392308049109874e-04,1.109392308049109935e-04
1.480596306489569969e+00,-1.012435728507899953e-03,-9.441870983718360453e-04,1.119277534231460024e-04,4.192775342314600858e-05
1.480419159288510089e+00,-1.065536675970750035e-03,-9.526074185740510255e-04,1.852039821305929935e-04,1.152039821305929997e-04
1.480242054472229896e+00,-1.039876160357919993e-03,-9.610277387762650300e-04,1.293114113939130042e-04,5.931141139391301036e-05
1.480064992025519999e+00,-1.065061791709460103e-03,-9.694480589784790344e-04,1.568065216788060048e-04,8.680652167880601095e-05
1.479887971933179891e+00,-1.055695950400349940e-03,-9.778683791806940147e-04,1.276372168002359918e-04,5.763721680023599792e-05
1.479710994180019945e+00,-1.069478612892949942e-03,-9.862886993829080191e-04,1.364314581564750068e-04,6.643145815647501294e-05
1.479534058750850090e+00,-1.116561606425679927e-03,-9.947090195851220236e-04,1.998382424185199977e-04,1.298382424185200038e-04
1.479357165630480031e+00,-1.085465924294560028e-03,-1.003129339787339931e-03,1.350319985918469910e-04,6.503199859184699712e-05
1.479180314803749896e+00,-1.107920494191289972e-03,-1.011549659989550033e-03,1.580481680908570042e-04,8.804816809085701029e-05
1.479003506255480049e+00,-1.076262529595620101e-03,-1.019969980191769892e-03,9.231978102231429490e-05,2.231978102231430103e-05
1.478826739970519943e+00,-1.111587701366260027e-03,-1.028390300393979993e-03,1.364437375945379998e-04,6.644373759453800596e-05
1.478650015933719919e+00,-1.118410105265790029e-03,-1.036810620596190094e-03,1.338231548581350053e-04,6.382315485813501140e-05
1.478473334129920103e+00,-1.125492531945580105e-03,-1.045230940798409953e-03,1.316290094813540119e-04,6.162900948135401806e-05
1.478296694544009915e+00,-1.110380138621600097e-03,-1.053651261000620055e-03,9.303535929841009512e-05,2.303535929841010125e-05
1.478120097160829927e+00,-1.154062483389199948e-03,-1.062071581202839914e-03,1.508650795856330054e-04,8.086507958563301157e-05
1.477943541965279994e+00,-1.146927011659969924e-03,-1.070491901405050015e-03,1.253535808180709975e-04,5.535358081807100362e-05
1.477767028942229999e+00,-1.116476665490459975e-03,-1.078912221607270091e-03,6.160568796843740353e-05,-8.394312031562590343e-06
1.477590558076590010e+00,-1.188187641039329962e-03,-1.087332541809479976e-03,1.654023627369549882e-04,9.540236273695499431e-05
1.477414129353229910e+00,-1.201650528821860070e-03,-1.095752862011690077e-03,1.736721735686779986e-04,1.036721735686780047e-04
1.477237742757079975e+00,-1.231507372109729923e-03,-1.104173182213909936e-03,2.088280714291439991e-04,1.388280714291440052e-04
1.477061398273050052e+00,-1.232363064283450082e-03,-1.112593502416120038e-03,1.964220814624100030e-04,1.264220814624100091e-04
1.476885095886049992e+00,-1.211034452076430049e-03,-1.121013822618339897e-03,1.476338323112699952e-04,7.763383231127000137e-05
1.476708835581020063e+00,-1.217565222861919988e-03,-1.129434142820549998e-03,1.445349712678390059e-04,7.453497126783901203e-05
1.476532617342880105e+00,-1.201097226988230007e-03,-1.137854463022770074e-03,1.037181329033610039e-04,3.371813290336101007e-05
1.476356441156579935e+00,-1.237836825622599989e-03,-1.146274783224979959e-03,1.501617495320980099e-04,8.016174953209801606e-05
1.476180307007080028e+00,-1.243856063947819911e-03,-1.154695103427200034e-03,1.462239752538190126e-04,7.622397525381901877e-05
1.476004214879319987e+00,-1.265044695374150079e-03,-1.163115423629409919e-03,1.671640056613769940e-04,9.716400566137700016e-05
1.475828164758270056e+00,-1.232020452231169950e-03,-1.171535743831629995e-03,9.919492177524550096e-05,2.919492177524550709e-05
1.475652156628900036e+00,-1.295810719301589966e-03,-1.179956064033840096e-03,1.900016346391129895e-04,1.200016346391129956e-04
1.475476190476189942e+00,-1.351324783034980057e-03,-1.188376384236049981e-03,2.672353740302390169e-04,1.972353740302390231e-04
