1.475476190476190608e+00,9.291388217095436497e-07
1.475651863317061663e+00,8.572624111287917292e-06
1.475827577994760942e+00,-8.968760929682802197e-06
1.476003334524234933e+00,-6.001834382688212011e-06
1.476179132920438342e+00,-5.005442618272702704e-05
1.476354973198332532e+00,4.697313861282484404e-05
1.476530855372885531e+00,7.988293181209436822e-05
1.476706779459073138e+00,4.553160248629492535e-05
1.476882745471878033e+00,-1.191454743771479946e-04
1.477058753426290227e+00,-2.187801489209311584e-05
1.477234803337306390e+00,-1.212145881794839813e-05
1.477410895219930964e+00,3.570003962103437262e-05
1.477587029089175275e+00,7.392667891454110518e-06
1.477763204960057308e+00,-5.053656030120420167e-05
1.477939422847603268e+00,-3.911446299659053494e-05
1.478115682766845573e+00,4.283118798861524495e-05
1.478291984732824638e+00,-3.526913582700685890e-05
1.478468328760587092e+00,-1.135178789133956673e-05
1.478644714865187337e+00,-1.791733427848000298e-05
1.478821143061687327e+00,1.857015815087421223e-05
1.478997613365155228e+00,2.393034776599321789e-05
1.479174125790667205e+00,-7.107444811125813305e-05
1.479350680353306524e+00,3.415492087817471184e-05
1.479527277068162894e+00,-4.126443879763457001e-05
1.479703915950334459e+00,-1.227876903080182824e-05
1.479880597014925581e+00,1.377008957327216510e-05
1.480057320277048172e+00,7.521385816161140631e-05
1.480234085751821471e+00,-1.438200012148557055e-05
1.480410893454371823e+00,1.339749851799257319e-05
1.480587743399832901e+00,6.529864810174510620e-05
1.480764635603345480e+00,-1.718075931233988690e-05
1.480941570080057446e+00,5.101765561525348214e-05
1.481118546845124451e+00,-2.875751735504240153e-05
1.481295565913708590e+00,-1.473879808482764231e-05
1.481472627300980172e+00,7.438491768311985414e-05
1.481649731022116168e+00,-2.055495254036591307e-05
1.481826877092300432e+00,-8.567745999287640357e-06
1.482004065526725034e+00,1.121047921207908582e-05
1.482181296340588483e+00,-8.509878403514629930e-05
1.482358569549097060e+00,-8.390816113495146167e-05
1.482535885167464151e+00,-2.282238049241061550e-05
1.482713243210910470e+00,8.062035858369745456e-06
1.482890643694664057e+00,-6.331808551111525740e-07
1.483068086633959615e+00,-8.210481269122459069e-06
1.483245572044040284e+00,-5.859835307336046240e-05
1.483423099940155643e+00,-3.400594786211880161e-05
1.483600670337563043e+00,1.493448159155773280e-05
1.483778283251526497e+00,1.189284734738789429e-05
1.483955938697318011e+00,2.313923848546502876e-05
1.484133636690216917e+00,5.456453402842998540e-05
1.484311377245508989e+00,-3.377166494477126801e-05
1.484489160378488659e+00,-1.666889363660054718e-05
1.484666986104456354e+00,-2.201774011747776455e-05
1.484844854438720496e+00,5.036945154990139784e-05
1.485022765396597277e+00,2.666055048078201650e-05
1.485200718993409330e+00,1.262173969311013513e-04
1.485378715244487280e+00,7.894593121268202174e-05
1.485556754165168636e+00,1.005758832470842953e-04
1.485734835770798457e+00,7.765845453254135999e-05
1.485912960076729572e+00,5.492278870664925317e-05
1.486091127098321474e+00,3.372207006293800879e-05
1.486269336850941425e+00,4.865444504237228379e-05
1.486447589349964238e+00,2.943589542543992299e-05
1.486625884610771386e+00,-3.511147302133477144e-06
1.486804222648752560e+00,9.837801723399861031e-06
1.486982603479304332e+00,4.972022285938855479e-05
1.487161027117830825e+00,3.930590552092810136e-05
1.487339493579743488e+00,5.142893037254209210e-05
1.487518002880460877e+00,8.219676337653438608e-05
1.487696555035409984e+00,-3.030299016044783744e-06
1.487875150060024021e+00,7.264817896095610711e-05
1.488053787969744413e+00,6.359207918497054857e-05
1.488232468780019468e+00,4.565807888753069255e-05
1.488411192506304825e+00,9.970018487965096043e-05
1.488589959164064336e+00,-2.545905489994421123e-05
1.488768768768768958e+00,3.976387275483363182e-05
1.488947621335896310e+00,-1.887815903998772693e-05
1.489126516880932449e+00,-2.264999351849709269e-05
1.489305455419370317e+00,1.662488308584817581e-05
1.489484436966710845e+00,7.139090664992631119e-06
1.489663461538461631e+00,1.493330944392530502e-06
1.489842529150138484e+00,-6.019141949834168337e-06
1.490021639817263877e+00,1.643915692431212328e-05
1.490200793555368497e+00,-2.429536948702747806e-05
1.490379990379990360e+00,-3.696970410408794566e-05
1.490559230306674809e+00,2.854337694002586495e-05
1.490738513350974515e+00,4.583981212966624363e-06
1.490917839528449695e+00,1.621346662303551484e-05
1.491097208854667899e+00,1.103073120169769522e-05
1.491276621345205111e+00,-3.004027964165992964e-05
1.491456077015643977e+00,6.131779039035036016e-06
1.491635575881574249e+00,1.638542858234653260e-05
1.491815117958594339e+00,-1.028797785322319025e-06
1.491994703262308875e+00,-5.476470750808912213e-06
1.492174331808331367e+00,-4.646161286697703119e-05
1.492354003612281765e+00,-5.796730119157073036e-05
1.492533718689788236e+00,-1.500562458374606056e-05
1.492713477056485827e+00,4.603236086143502187e-05
1.492893278728017359e+00,8.497049777842109741e-06
1.493073123720033868e+00,-3.483956523177029335e-05
1.493253012048192829e+00,-4.264693821717444044e-05
1.493432943728160156e+00,-2.533915973975710278e-05
1.493612918775608867e+00,3.563724139306508054e-05
1.493792937206219085e+00,-3.494828214868368060e-05
1.493972999035679816e+00,-3.032828888273678136e-05
1.494153104279686728e+00,-2.511959935692052726e-05
1.494333252953942814e+00,-8.793984766925812269e-05
1.494513445074159064e+00,-5.568744429526248374e-05
1.494693680656054013e+00,2.096417325174720209e-05
1.494873959715353973e+00,-6.071107947460199772e-05
1.495054282267792578e+00,-4.009890159241153579e-05
1.495234648329111016e+00,-1.098742074243583278e-04
1.495415057915058021e+00,-1.733853250300565474e-06
1.495595511041390102e+00,4.831195260812919806e-05
1.495776007723871759e+00,9.633353041361113200e-06
1.495956547978274154e+00,-6.811908370955507830e-06
1.496137131820376887e+00,-1.031699884599356076e-06
1.496317759265966663e+00,2.987809981123707576e-05
1.496498430330837959e+00,-3.110600289691917847e-05
1.496679145030793467e+00,-2.265342152506927276e-05
1.496859903381642543e+00,1.590179234843384914e-05
1.497040705399202976e+00,-4.311992001695096055e-06
1.497221551099299441e+00,-5.065780872256543665e-05
1.497402440497764831e+00,1.315714046941276333e-05
1.497583373610439805e+00,-9.486328078605471559e-06
1.497764350453172355e+00,8.919567652925994294e-06
1.497945371041817797e+00,2.972376237492854040e-05
1.498126435392240108e+00,4.158314145317424521e-05
1.498307543520309482e+00,-4.759430537809410111e-05
1.498488695441905438e+00,-4.104707777078525632e-05
1.498669891172914159e+00,-2.274685501598046333e-05
1.498851130729229819e+00,-1.896611801582154255e-05
1.499032414126753920e+00,-4.149456454435439950e-05
1.499213741381395959e+00,-4.156347808600274751e-05
1.499395112509073424e+00,2.950484078193156556e-06
1.499576527525710912e+00,-7.233349882231759898e-05
1.499757986447241231e+00,-1.531976795835898048e-05
1.499939489289604522e+00,3.074049267764826510e-06
1.500121036068748470e+00,-2.495609459339000191e-05
1.500302626800629424e+00,-4.618139170819643424e-05
1.500484261501210836e+00,-1.547325837663975079e-04
1.500665940186463487e+00,-3.170632954619875821e-05
1.500847662872366373e+00,-2.791620112879960453e-05
1.501029429574906260e+00,-9.904987992811857545e-05
1.501211240310077688e+00,-5.369788287709707092e-05
1.501393095093882524e+00,-5.574242840462439313e-05
1.501574993942331071e+00,-5.604365847232568865e-05
1.501756936871440962e+00,-4.713959823597103915e-05
1.501938923897237155e+00,-3.678530326052271288e-05
1.502120955035753269e+00,-1.008719559234989849e-04
1.502303030303030473e+00,-1.137018147592868539e-04
1.502485149715117041e+00,-2.373439479893581228e-05
1.502667313288070128e+00,-7.245455130013098849e-05
1.502849521037953329e+00,-1.889964264275602324e-05
1.503031772980839342e+00,-4.152410189436125248e-05
1.503214069132807973e+00,-9.142467031439741043e-06
1.503396409509946796e+00,7.971332538383828215e-06
1.503578794128351603e+00,-3.137864522195516620e-05
1.503761223004125291e+00,-1.668927899365658940e-05
1.503943696153379417e+00,-4.788910784326010778e-05
1.504126213592233086e+00,-3.603009403121970600e-07
1.504308775336812953e+00,-2.284339241930433834e-05
1.504491381403253447e+00,-4.866337925190679370e-05
1.504674031807696988e+00,-5.614456008887040717e-05
1.504856726566294434e+00,-7.451637940409164274e-05
1.505039465695203527e+00,-6.182573046427299740e-05
1.505222249210590446e+00,-4.959006586837278602e-05
1.505405077128628921e+00,-1.255238177417464934e-05
1.505587949465500452e+00,-1.726360702518359158e-05
1.505770866237395200e+00,-6.573068247244309714e-05
1.505953827460510430e+00,-5.272291667762947498e-05
1.506136833151051402e+00,-7.810941287392583754e-05
1.506319883325231146e+00,-8.355496103243202632e-05
1.506502977999270687e+00,-3.679312892259766626e-05
1.506686117189399488e+00,-2.585125854085400243e-05
1.506869300911854115e+00,-2.132860000524615385e-05
1.507052529182879574e+00,8.530093197033072894e-07
1.507235802018728199e+00,7.922732135705844170e-06
1.507419119435660537e+00,-2.513370718709630885e-05
1.507602481449945353e+00,4.548589123375135213e-07
1.507785888077858960e+00,2.621087059215092274e-05
1.507969339335685666e+00,3.035583972077048748e-05
1.508152835239717993e+00,2.146207643100202234e-05
1.508336375806255347e+00,9.923911925836369913e-05
1.508519961051606684e+00,3.582805606066729459e-05
1.508703590992087840e+00,-2.289997433234033930e-07
1.508887265644022646e+00,-1.316638825348426939e-05
1.509070985023743150e+00,2.117069567059842727e-05
1.509254749147588948e+00,3.200038592870210058e-05
1.509438558031908517e+00,8.839599112923056390e-05
1.509622411693057442e+00,5.827625210290572622e-06
1.509806310147399300e+00,6.373539336202403705e-05
1.509990253411306327e+00,4.757718402272938241e-05
1.510174241501157644e+00,5.955432549704757494e-05
1.510358274433341474e+00,5.843719395873248068e-05
1.510542352224253593e+00,9.973099366826151946e-05
1.510726474890297544e+00,4.825681197968053476e-05
1.510910642447885088e+00,9.502790780967478729e-05
1.511094854913435759e+00,3.590043368056211603e-05
1.511279112303377747e+00,8.798098643794313722e-05
1.511463414634146352e+00,5.637501377424736920e-05
1.511647761922185751e+00,9.500101483417983106e-07
1.511832154183947452e+00,3.799180786456454739e-05
1.512016591435891177e+00,3.228319674504487313e-05
1.512201073694485087e+00,3.035403590160353632e-05
1.512385600976205113e+00,2.452257086121498175e-05
1.512570173297534959e+00,-4.453727593280512598e-06
1.512754790674966543e+00,-1.144367916374941507e-05
1.512939453125000000e+00,1.294205199157266728e-05
1.513124160664143680e+00,-3.602550340009273711e-05
1.513308913308913484e+00,-3.616725646488939960e-05
1.513493711075833525e+00,-3.220248192587014252e-05
1.513678553981436359e+00,-5.539449908958417323e-05
1.513863442042262086e+00,-6.353397748123414124e-05
1.514048375274859692e+00,-8.989528153466146143e-05
1.514233353695785045e+00,-7.390346520762865884e-05
1.514418377321603337e+00,-3.940065830546242431e-05
1.514603446168886869e+00,-1.489995652283393132e-04
1.514788560254216598e+00,-1.732820740501092235e-04
1.514973719594181700e+00,-1.570675900434657934e-04
1.515158924205379121e+00,-1.658385496272878762e-04
1.515344174104413799e+00,-1.919396287781375415e-04
1.515529469307899335e+00,-1.286754269835101508e-04
1.515714809832456877e+00,-1.399417131196321190e-04
1.515900195694716235e+00,-1.753504804167336367e-04
1.516085626911314987e+00,-1.046590133148249391e-04
1.516271103498899153e+00,-5.894576660849318306e-05
1.516456625474122299e+00,2.691526732485557960e-05
1.516642192853646653e+00,1.127758219416040431e-04
1.516827805654142658e+00,1.557177233402441338e-04
1.517013463892288971e+00,2.695412140319266084e-04
1.517199167584771802e+00,3.779076994266149583e-04
1.517384916748286239e+00,3.643065950352806018e-04
1.517570711399534700e+00,4.223727334235214195e-04
1.517756551555229150e+00,4.472625178840285501e-04
1.517942437232088215e+00,5.262537294375927571e-04
1.518128368446839849e+00,5.454490054894707909e-04
1.518314345216219774e+00,5.612903171453688736e-04
1.518500367556971264e+00,5.644679983763641398e-04
1.518686435485847364e+00,5.282474944793809704e-04
1.518872549019607998e+00,5.486960412019832242e-04
1.519058708175021533e+00,5.195864047874455827e-04
1.519244912968865213e+00,4.758793519573671291e-04
1.519431163417923392e+00,4.374793395741181229e-04
1.519617459538989745e+00,4.064449970541759299e-04
1.519803801348865946e+00,3.535399704870057988e-04
1.519990188864361214e+00,2.779943566292601351e-04
1.520176622102293873e+00,2.187738910376518797e-04
1.520363101079489798e+00,1.554269890390452824e-04
1.520549625812783745e+00,7.800602086007347308e-05
1.520736196319018463e+00,-4.625622878436617957e-05
1.520922812615044917e+00,-1.212844976533405603e-04
1.521109474717722287e+00,-1.982046142924749621e-04
1.521296182643917971e+00,-2.592303723971756471e-04
1.521482936410508247e+00,-2.510655096004451442e-04
1.521669736034376941e+00,-2.455893808778891740e-04
1.521856581532416763e+00,-2.789793578824705661e-04
1.522043472921527973e+00,-3.324586865969805446e-04
1.522230410218619490e+00,-2.760342668747025469e-04
1.522417393440609334e+00,-2.423468804993011289e-04
1.522604422604422636e+00,-2.091846360005441760e-04
1.522791497726993626e+00,-2.629694793915603526e-04
1.522978618825264308e+00,-1.638196892756226333e-04
1.523165785916185344e+00,-1.257815462443129598e-04
1.523352999016715836e+00,-1.793243259088353123e-04
1.523540258143823101e+00,-1.435315629003900556e-04
1.523727563314482669e+00,-1.225387391620286204e-04
1.523914914545678290e+00,-1.096923297810659462e-04
1.524102311854402370e+00,-9.831670880851729050e-05
1.524289755257655976e+00,-1.340012878438424232e-04
1.524477244772447726e+00,-1.772315291069422039e-04
1.524664780415795562e+00,-2.089143352649357535e-04
1.524852362204724532e+00,-2.119344217810193928e-04
1.525039990156269232e+00,-1.660517457826556423e-04
1.525227664287472473e+00,-1.776122092837567265e-04
1.525415384615384617e+00,-2.260850855508545962e-04
1.525603151157065573e+00,-1.885166590599252415e-04
1.525790963929582800e+00,-2.068404542830233270e-04
1.525978822950012415e+00,-1.878007446792515425e-04
1.526166728235438974e+00,-2.237178462910268534e-04
1.526354679802955694e+00,-1.366713757630332038e-04
1.526542677669664005e+00,-1.418278954089420563e-04
1.526730721852673334e+00,-1.428826175987642222e-04
1.526918812369101985e+00,-1.078651424509897636e-04
1.527106949236076927e+00,-9.209802773464496883e-05
1.527295132470733341e+00,-7.933146771688884963e-05
1.527483362090214625e+00,-6.675441247920924082e-05
1.527671638111672836e+00,-5.016336974289926226e-05
1.527859960552268248e+00,-6.688352346640672602e-05
1.528048329429170238e+00,-3.871332250215443749e-05
1.528236744759556176e+00,-7.945228654144750879e-06
1.528425206560611871e+00,8.679301592761333450e-06
1.528613714849531569e+00,4.547104123114095037e-05
1.528802269643517953e+00,8.143592354545054618e-05
1.528990870959783033e+00,1.094263445942924781e-04
1.529179518815546146e+00,1.055183266479567047e-04
1.529368213228035733e+00,1.349168220549810601e-04
1.529556954214488673e+00,8.617598268896055347e-05
1.529745741792150060e+00,1.102803075910792699e-04
1.529934575978274314e+00,9.860250849780347743e-05
1.530123456790123626e+00,7.674828656134818211e-05
1.530312384244968626e+00,1.031425276547762865e-04
1.530501358360089048e+00,6.127263240018800822e-05
1.530690379152772618e+00,8.962524244819289332e-05
1.530879446640316166e+00,5.514834408024572171e-05
1.531068560840024739e+00,7.282793627808557824e-05
1.531257721769211821e+00,6.876454011549813783e-05
1.531446929445199778e+00,5.784559174291936667e-05
1.531636183885318969e+00,1.047080560129887497e-04
1.531825485106909079e+00,2.628327653816757425e-05
1.532014833127317788e+00,4.162034532138175758e-05
1.532204227963901655e+00,6.464721918161484004e-05
1.532393669634025901e+00,6.876683835545065182e-05
1.532583158155063741e+00,8.950199522417701808e-05
1.532772693544397713e+00,8.571618789528917537e-05
1.532962275819418796e+00,5.957308884569668950e-05
1.533151904997526183e+00,7.924821701117083089e-05
1.533341581096127948e+00,1.018559834329571187e-04
1.533531304132640383e+00,1.047258329545438377e-04
1.533721074124489547e+00,8.699742594753777369e-05
1.533910891089109052e+00,8.016496505079510893e-05
1.534100755043941167e+00,5.064611740932672967e-05
1.534290666006437487e+00,-2.327594517218499470e-05
1.534480623994057158e+00,-1.860011972202885860e-05
1.534670629024269539e+00,-3.072946952415236965e-05
1.534860681114551095e+00,-3.226997982600562226e-05
1.535050780282388061e+00,-6.020675606060402890e-05
1.535240926545274665e+00,-8.363038079967164556e-05
1.535431119920713572e+00,-5.977145033719041128e-05
1.535621360426217441e+00,-6.624158310832278101e-05
1.535811648079306257e+00,-5.661863347235056299e-05
1.536001982897509111e+00,-3.433362247028896169e-05
1.536192364898364193e+00,-3.614234252034137507e-05
1.536382794099417470e+00,-4.927038935693267563e-06
1.536573270518224676e+00,-5.073677136505777563e-05
1.536763794172349762e+00,-1.523064337537530233e-05
1.536954365079365337e+00,-3.979560992348023241e-05
1.537144983256852449e+00,-4.868348618771931036e-05
1.537335648722401471e+00,-2.800837372562113570e-05
1.537526361493611216e+00,-1.444891943698858872e-05
1.537717121588089375e+00,-3.525998859824335668e-05
1.537907929023452303e+00,-3.437488605902844219e-05
1.538098783817324566e+00,-4.178240702165485210e-05
1.538289685987340283e+00,-5.071141345413393564e-05
1.538480635551142006e+00,-4.631658374631281161e-05
1.538671632526381172e+00,-9.165688451349789101e-05
1.538862676930717877e+00,-6.442490454718063919e-05
1.539053768781820652e+00,-9.480164286793102413e-05
1.539244908097367137e+00,-6.182877663663162437e-05
1.539436094895044072e+00,-1.042712143220405480e-04
1.539627329192546634e+00,-1.170225044392408584e-04
1.539818611007578664e+00,-1.166156138334081827e-04
1.540009940357853102e+00,-5.099307322257735225e-05
1.540201317261091107e+00,-7.433791149852146674e-05
1.540392741735023607e+00,-8.018795181859161847e-05
1.540584213797389745e+00,-7.129487340931314754e-05
1.540775733465937547e+00,-9.189368251769428064e-05
1.540967300758423697e+00,-7.734846378308450621e-05
1.541158915692613762e+00,-7.040087700797316439e-05
1.541350578286282857e+00,-6.502036016750156050e-05
1.541542288557214091e+00,-6.580266374649895722e-05
1.541734046523199453e+00,-5.418815090503948523e-05
1.541925852202040481e+00,-1.834731157059326517e-05
1.542117705611546707e+00,-3.462693384919963285e-05
1.542309606769537211e+00,-4.569022867654572162e-05
1.542501555693839510e+00,-3.316457220921189414e-05
1.542693552402290447e+00,-6.893562280766308420e-05
1.542885596912735080e+00,-5.716511157970345647e-05
1.543077689243028017e+00,-6.658835552119258400e-05
1.543269829411032301e+00,-6.883576448874894477e-05
1.543462017434620304e+00,-5.887306001994916521e-05
1.543654253331672832e+00,-6.096362986631950753e-05
1.543846537120080020e+00,-8.698577683216406065e-05
1.544038868817740218e+00,-8.381562943811805139e-05
1.544231248442561766e+00,-6.003900078123142886e-05
1.544423676012461222e+00,-5.920682437067763954e-05
1.544616151545364024e+00,2.937537367179738484e-05
1.544808675059204939e+00,3.026469307253892849e-05
1.545001246571927167e+00,1.185307244171845964e-05
1.545193866101483682e+00,2.959894700986162586e-05
1.545386533665835449e+00,2.300309889365081961e-05
1.545579249282953205e+00,3.598971612191106256e-05
1.545772012970815901e+00,5.217424958021011500e-05
1.545964824747411814e+00,2.778373087201305852e-05
1.546157684630738549e+00,-2.936153131781644998e-05
1.546350592638802368e+00,-1.038339058703069417e-05
1.546543548789618416e+00,3.734234105640370921e-05
1.546736553101210720e+00,-1.094873263904078825e-05
1.546929605591612633e+00,2.546204188593435835e-05
1.547122706278866611e+00,1.286640231968737974e-05
1.547315855181023769e+00,3.835582468003986834e-05
1.547509052316144551e+00,-1.985119565712286510e-05
1.547702297702297836e+00,-3.914477360147765317e-06
1.547895591357562051e+00,-5.105706509735390836e-05
1.548088933300024950e+00,-1.855496842855137996e-05
1.548282323547782724e+00,3.723417461997009792e-06
1.548475762118940668e+00,1.092943093234256119e-05
1.548669249031613404e+00,4.305710386814064206e-05
1.548862784303923990e+00,4.903842621239041383e-05
1.549056367954005919e+00,4.401830997985498733e-05
1.549250000000000016e+00,2.929326044528914735e-05
1.549443680460057760e+00,3.434687277836020319e-05
1.549637409352338180e+00,5.245536683916567772e-05
1.549831186695010743e+00,3.501072643139879065e-05
1.550025012506253130e+00,1.857781755393913409e-05
1.550218886804252794e+00,4.912456408232099975e-05
1.550412809607205622e+00,3.748905796947810121e-05
1.550606780933316831e+00,6.435694964650792022e-05
1.550800800800800738e+00,5.372679792472762755e-05
1.550994869227881434e+00,3.227442655603408872e-05
1.551188986232791001e+00,3.905432922791159805e-05
1.551383151833771512e+00,4.411497649973051410e-05
1.551577366049073703e+00,4.050877551096346979e-05
1.551771628896957633e+00,2.080298888391517859e-05
1.551965940395692467e+00,2.821678120895620978e-05
1.552160300563556694e+00,3.194398870621454473e-05
1.552354709418837908e+00,3.120306498359103758e-05
1.552549166979832362e+00,4.186633831081143509e-06
1.552743673264845858e+00,-2.297624437238091066e-06
1.552938228292193967e+00,7.460045391797891223e-06
1.553132832080200698e+00,-2.178252097644398089e-05
1.553327484647199164e+00,-4.166806581071789972e-05
1.553522186011532025e+00,-3.903757738211131867e-05
1.553716936191550824e+00,-2.150118969153347326e-05
1.553911735205616873e+00,-2.037486725489819073e-05
1.554106583072100367e+00,-3.049598634915096779e-05
1.554301479809380604e+00,-3.205337663074545734e-05
1.554496425435846207e+00,-1.532434925375931317e-05
1.554691419969894683e+00,-3.448294198548588346e-05
1.554886463429933530e+00,-4.810502995971060319e-05
1.555081555834379126e+00,-3.721143562823974599e-05
1.555276697201656511e+00,-4.009880317799689731e-06
1.555471887550200938e+00,-7.336383910483412762e-06
1.555667126898456099e+00,-1.363687711654001933e-05
1.555862415264875898e+00,-9.503587735699633998e-06
1.556057752667922234e+00,-4.387618688503000519e-07
1.556253139126067442e+00,1.556276895880916861e-05
1.556448574657792516e+00,7.838207524643765745e-06
1.556644059281587555e+00,-2.398788224559564308e-05
1.556839593015952872e+00,3.436555713581725818e-05
1.557035175879396993e+00,9.828661367992409803e-06
1.557230807890438662e+00,1.376636043619317018e-05
1.557426489067605058e+00,1.023620522172270092e-05
1.557622219429433130e+00,1.732041119112404104e-05
1.557817998994469599e+00,1.260338225814346125e-05
1.558013827781269844e+00,4.769487443150293576e-05
1.558209705808398349e+00,3.203935171094268730e-05
1.558405633094430032e+00,3.613036072996466536e-05
1.558601609657947806e+00,2.884735168729932187e-05
1.558797635517545022e+00,1.407509119558982003e-05
1.558993710691823908e+00,2.123187933077228667e-05
1.559189835199396246e+00,3.842841086021571428e-05
1.559386009058882916e+00,3.265638330639773768e-05
1.559582232288914128e+00,2.492460177804314836e-05
1.559778504908129859e+00,2.369606103603399960e-05
1.559974826935179415e+00,4.258400797832895962e-05
1.560171198388721203e+00,3.128122615509397464e-05
1.560367619287423180e+00,4.741068926757043694e-05
1.560564089649962183e+00,4.520305974088732054e-05
1.560760609495025930e+00,4.551771531932299886e-05
1.560957178841309911e+00,3.807828998457322978e-05
1.561153797707520052e+00,6.312166827620192128e-05
1.561350466112371160e+00,3.409881045038278685e-05
1.561547184074587369e+00,3.078362215346280156e-05
1.561743951612903247e+00,4.569882257289374639e-05
1.561940768746061803e+00,4.169829030814357906e-05
1.562137635492815813e+00,3.364414479935674135e-05
1.562334551871927601e+00,2.128648433901651066e-05
1.562531517902168376e+00,4.092713424046039161e-05
1.562728533602320002e+00,3.308307599016180323e-05
1.562925598991172782e+00,4.384627071275185722e-05
1.563122714087527010e+00,4.443269329778686688e-05
1.563319878910191862e+00,2.100263054329639528e-05
1.563517093477986730e+00,2.861244991005530008e-05
1.563714357809740108e+00,1.221399861301222800e-06
1.563911671924290259e+00,2.229214312568159051e-05
1.564109035840484774e+00,3.114715659734753478e-05
1.564306449577180569e+00,3.756544674483018598e-05
1.564503913153244108e+00,2.781217770190039240e-05
1.564701426587552069e+00,1.156948986718708133e-05
1.564898989898990012e+00,3.442892438307743747e-05
1.565096603106453044e+00,2.612147389146734361e-05
1.565294266228845821e+00,1.455398147845107792e-05
1.565491979285082769e+00,2.275740824128104356e-05
1.565689742294088083e+00,1.652849028319948455e-05
1.565887555274794840e+00,1.153371605232874492e-05
1.566085418246146332e+00,1.291102952468217713e-06
1.566283331227094955e+00,5.971680751401878262e-06
1.566481294236602650e+00,8.371183155948813681e-06
1.566679307293641799e+00,1.418872011035854364e-05
1.566877370417193438e+00,1.724419179670484692e-05
1.567075483626248822e+00,-2.292185655496277452e-06
1.567273646939808085e+00,2.001795828404390881e-05
1.567471860376881354e+00,3.437986507064637320e-06
1.567670123956488748e+00,9.551513106800975372e-06
1.567868437697659934e+00,4.263164400481085636e-06
1.568066801619433459e+00,3.046241693484968982e-05
1.568265215740858087e+00,-3.634007896804493376e-06
1.568463680080992129e+00,5.937689233355414320e-06
1.568662194658904108e+00,-4.661437347317637370e-07
1.568860759493670987e+00,-9.130551875112871696e-06
1.569059374604380386e+00,5.958977237371237967e-06
1.569258040010129251e+00,-8.533738501234795770e-06
1.569456755730024078e+00,1.804886817583992165e-06
1.569655521783181351e+00,-2.190242725436108984e-05
1.569854338188727105e+00,-2.118643118077800924e-05
1.570053204965796922e+00,-2.206564166022922241e-05
1.570252122133536155e+00,-1.695504665619445434e-05
1.570451089711099923e+00,-1.631340860726564895e-05
1.570650107717653121e+00,-2.286652200301445698e-05
1.570849176172370187e+00,-1.114254522252989404e-05
1.571048295094435554e+00,-4.543201371367058816e-05
1.571247464503042757e+00,-3.852133106100122384e-05
1.571446684417395767e+00,5.655185640607296449e-08
1.571645954856708105e+00,-1.243084055441504021e-05
1.571845275840203060e+00,4.947358475632795960e-06
1.572044647387113248e+00,8.405051717010406098e-06
1.572244069516681719e+00,2.578083185430374291e-06
1.572443542248160409e+00,1.862636900571822823e-05
1.572643065600812129e+00,-1.163538050841586569e-05
1.572842639593908798e+00,8.519038652003707579e-06
1.573042264246731881e+00,3.533434808946928768e-05
1.573241939578573501e+00,-1.405274565108565604e-05
1.573441665608734219e+00,2.959762145263427485e-05
1.573641442356526143e+00,4.023455651184105336e-05
1.573841269841270041e+00,2.514776808375859124e-05
1.574041148082296226e+00,3.051218126578440076e-05
1.574241077098945896e+00,4.155197063609138153e-05
1.574441056910569126e+00,4.359220142264360470e-05
1.574641087536526651e+00,3.430496574885130712e-05
1.574841168996188090e+00,3.450922678655682363e-05
1.575041301308933939e+00,3.160580590839262571e-05
1.575241484494153799e+00,2.182196709480267033e-05
1.575441718571247041e+00,2.283837034043785519e-05
1.575642003559623694e+00,3.908692631669329759e-05
1.575842339478703336e+00,3.823142006450976765e-05
1.576042726347914646e+00,2.521290279021426439e-05
1.576243164186697410e+00,1.973879556613385156e-05
1.576443653014500068e+00,3.774599334548274510e-05
1.576644192850782389e+00,4.024820690961324748e-05
1.576844783715012799e+00,5.080927796970863275e-05
1.577045425626670161e+00,2.957616528898466407e-05
1.577246118605243330e+00,2.941794881837489495e-05
1.577446862670230487e+00,3.327625361529678444e-05
1.577647657841140694e+00,8.713331783787546525e-06
1.577848504137492114e+00,-1.063896842633769990e-05
1.578049401578813571e+00,-2.277761709771567583e-05
1.578250350184642992e+00,-1.502093802410817830e-05
1.578451349974528739e+00,-2.589389653658621254e-05
1.578652400968029612e+00,-2.262125511214019280e-05
1.578853503184713514e+00,-1.871232212158086688e-05
1.579054656644158561e+00,-1.447124705559153790e-05
1.579255861365953306e+00,-3.147828625518420131e-05
1.579457117369695407e+00,-1.068486520111600058e-05
1.579658424674993622e+00,-4.028077472545930904e-05
1.579859783301466036e+00,-1.878188218365495210e-05
1.580061193268740505e+00,-3.690701552597729085e-05
1.580262654596455540e+00,-5.671487244971948338e-05
1.580464167304259204e+00,-3.616951561320053132e-05
1.580665731411809771e+00,-5.795235446760284292e-05
1.580867346938775730e+00,-7.047437182322417726e-05
1.581069013904834897e+00,-6.180469640169102691e-05
1.581270732329676187e+00,-6.539270303215598268e-05
1.581472502232997401e+00,-4.665863796544759967e-05
1.581674323634507440e+00,-3.927538824662762940e-05
1.581876196553924752e+00,-5.565292019707110405e-05
1.582078121010978000e+00,-5.997092161838003810e-05
1.582280097025405619e+00,-6.431123111732585385e-05
1.582482124616956032e+00,-5.472307621163467056e-05
1.582684203805388989e+00,-8.297948150262808575e-05
1.582886334610472678e+00,-7.795693524180382500e-05
1.583088517051986388e+00,-9.206568445360805569e-05
1.583290751149719178e+00,-5.642566938992340381e-05
1.583493036923470099e+00,-6.859734419070815520e-05
1.583695374393048860e+00,-5.794356890072988042e-05
1.583897763578274942e+00,-5.465394511952516993e-05
1.584100204498977593e+00,-4.668326191692093174e-05
1.584302697174996943e+00,-2.574304112317946092e-05
1.584505241626182670e+00,-2.575178553905488332e-06
1.584707837872394887e+00,-1.995905042212735986e-05
1.584910485933503921e+00,-1.476829935463316867e-05
1.585113185829390092e+00,1.650699944156456406e-05
1.585315937579943935e+00,1.393728586480263987e-05
1.585518741205065973e+00,1.294464791481032134e-05
1.585721596724667393e+00,-3.033772181120115985e-05
1.585924504158669368e+00,-5.399739294880204210e-06
1.586127463527003068e+00,9.027366094563511745e-06
1.586330474849609873e+00,8.728005262140063614e-06
1.586533538146441380e+00,9.805223378425015346e-06
1.586736653437460065e+00,3.031341812748979125e-05
1.586939820742637730e+00,2.486220548369045408e-05
1.587143040081956835e+00,5.791265526643076672e-05
1.587346311475410054e+00,2.849576946847755948e-05
1.587549634942999832e+00,2.775773414221208157e-05
1.587753010504739937e+00,3.430872213966169176e-05
1.587956438180653462e+00,3.882738438729192026e-05
1.588159917990774161e+00,5.533054656550566441e-05
1.588363449955145557e+00,3.598056100518297329e-05
1.588567034093822050e+00,4.694754066423244276e-05
1.588770670426868481e+00,5.186961400712678666e-05
