1.58897435897436,3.16948754147885E-4,3.37548514559937E-4,3.37836070757646E-5
1.58877033042287,2.838323365087E-4,3.37955294196985E-4,8.87616506087868E-5
1.58856635426028,2.78744510836209E-4,3.38362073834033E-4,9.77728033164311E-5
1.58836243046641,2.84338570208995E-4,3.38768853471081E-4,8.92656645498199E-5
1.58815855902109,2.85845447096046E-4,3.39175633108129E-4,8.74615050598158E-5
1.58795473990418,2.83324367467144E-4,3.39582412745177E-4,9.22631942559739E-5
1.58775097309551,2.80708320172847E-4,3.39989192382224E-4,9.72206304233795E-5
1.58754725857497,3.00675302297959E-4,3.40395972019272E-4,6.51418983429531E-5
1.58734359632243,3.12067828121213E-4,3.4080275165632E-4,4.71252745975757E-5
1.58713998631777,3.01824110930318E-4,3.41209531293368E-4,6.45920893954026E-5
1.58693642854089,3.1651995980505E-4,3.41616310930416E-4,4.11580158456013E-5
1.5867329229717,3.0526344031553E-4,3.42023090567464E-4,6.02858264131717E-5
1.58652946959012,3.03084333599218E-4,3.42429870204512E-4,6.45266800326829E-5
1.58632606837607,3.13250798157129E-4,3.4283664984156E-4,4.85207967624674E-5
1.58612271930949,3.10586902230959E-4,3.43243429478608E-4,5.35567046861449E-5
1.58591942237033,3.21158756086895E-4,3.43650209115656E-4,3.68859829671677E-5
1.58571617753855,3.08572316757299E-4,3.44056988752704E-4,5.81948620724635E-5
1.58551298479412,3.18459546431074E-4,3.44463768389752E-4,4.26469240122321E-5
1.58530984411702,3.06319221359686E-4,3.448705480268E-4,6.32241757340665E-5
1.58510675548723,2.94833851432886E-4,3.45277327663848E-4,8.27273010187779E-5
1.58490371888476,3.12936827397312E-4,3.45684107300896E-4,5.37055390418766E-5
1.58470073428962,3.13969356696371E-4,3.46090886937944E-4,5.26793095961795E-5
1.58449780168182,3.20867909954326E-4,3.46497666574991E-4,4.20328008578911E-5
1.5842949210414,3.0776071881947E-4,3.46904446212039E-4,6.4195712923814E-5
1.5840920923484,3.24880874813546E-4,3.47311225849087E-4,3.67857756982881E-5
1.58388931558286,3.22883420192733E-4,3.47718005486135E-4,4.0728719881179E-5
1.58368659072486,3.19994869001369E-4,3.48124785123183E-4,4.61330624397757E-5
1.58348391775446,3.38346375941526E-4,3.48531564760231E-4,1.67037096626772E-5
1.58328129665174,3.38190147594365E-4,3.48938344397279E-4,1.76270427567784E-5
1.58307872739679,3.54536734461042E-4,3.49345124034327E-4,-8.5142410998129E-6
1.58287620996973,3.39015251604434E-4,3.49751903671375E-4,1.76081093897829E-5
1.58267374435064,3.42348429589714E-4,3.50158683308423E-4,1.2808816098683E-5
1.58247133051968,3.47095992686E-4,3.50565462945471E-4,5.6899312255326E-6
1.58226896845695,3.47049514991185E-4,3.50972242582519E-4,6.43327324978675E-6
1.58206665814261,3.53045235406939E-4,3.51379022219567E-4,-2.73258962729113E-6
1.58186439955681,3.41433202072513E-4,3.51785801856615E-4,1.69782636459272E-5
1.58166219267971,3.50289062356289E-4,3.52192581493663E-4,3.12177138529251E-6
1.58146003749148,3.52609135118067E-4,3.52599361130711E-4,-1.60293392648353E-8
1.58125793397231,3.51400646569228E-4,3.53006140767759E-4,2.63301048559033E-6
1.58105588210239,3.61195977204278E-4,3.53412920404806E-4,-1.2764213151134E-5
1.58085388186193,3.44141176596531E-4,3.53819700041854E-4,1.58727784503305E-5
1.58065193323114,3.65108808804872E-4,3.54226479678902E-4,-1.78470197665908E-5
1.58045003619023,3.62573203094222E-4,3.5463325931595E-4,-1.30215077963652E-5
1.58024819071946,3.60196974682522E-4,3.55040038952998E-4,-8.45737459641964E-6
1.58004639679905,3.68738718567633E-4,3.55446818590046E-4,-2.1798715963243E-5
1.57984465440926,3.74410563756649E-4,3.55853598227094E-4,-3.043342346847E-5
1.57964296353036,3.70366826010981E-4,3.56260377864142E-4,-2.31345749608166E-5
1.57944132414263,3.72514254272732E-4,3.5666715750119E-4,-2.59892387053293E-5
1.57923973622634,3.91604193250298E-4,3.57073937138238E-4,-5.66296200237786E-5
1.57903819976178,3.89215531332051E-4,3.57480716775286E-4,-5.20450958730947E-5
1.57883671472928,3.80496717794002E-4,3.57887496412334E-4,-3.70791230659365E-5
1.57863528110913,3.8962233502832E-4,3.58294276049382E-4,-5.13780167254585E-5
1.57843389888166,3.81600508914229E-4,3.5870105568643E-4,-3.7555103293591E-5
1.57823256802721,3.89456194712957E-4,3.59107835323478E-4,-4.97713093987455E-5
1.57803128852612,3.84418331350452E-4,3.59514614960526E-4,-4.08420948794786E-5
1.57783006035875,3.95900569351394E-4,3.59921394597573E-4,-5.90058465962649E-5
1.57762888350546,3.8383517178925E-4,3.60328174234621E-4,-3.85514759895906E-5
1.57742775794663,3.84708199537065E-4,3.60734953871669E-4,-3.93161228912488E-5
1.57722668366263,3.9611210961104E-4,3.61141733508717E-4,-5.73514168078093E-5
1.57702566063387,3.91887531374064E-4,3.61548513145765E-4,-4.97559898944103E-5
1.57682468884075,4.02101100021408E-4,3.61955292782813E-4,-6.58391238712949E-5
1.57662376826368,3.79525107789077E-4,3.62362072419861E-4,-2.81473780055142E-5
1.57642289888309,3.84969126368303E-4,3.62768852056909E-4,-3.64084498706857E-5
1.57622208067941,3.86154975021986E-4,3.63175631693957E-4,-3.76861230579683E-5
1.57602131363308,3.88346151279563E-4,3.63582411331005E-4,-4.0612533515636E-5
1.57582059772457,3.87915586386371E-4,3.63989190968053E-4,-3.92392884860415E-5
1.57561993293434,3.89525667468444E-4,3.64395970605101E-4,-4.12127028558832E-5
1.57541931924285,3.95363355131895E-4,3.64802750242149E-4,-5.01193920191839E-5
1.5752187566306,3.86785036617332E-4,3.65209529879197E-4,-3.53838310505416E-5
1.57501824507807,3.8852399235153E-4,3.65616309516245E-4,-3.7568599849868E-5
1.57481778456578,3.88786409219606E-4,3.66023089153293E-4,-3.73318449087548E-5
1.57461737507424,3.84843708883212E-4,3.6642986879034E-4,-3.01986977523091E-5
1.57441701658396,3.94911997665334E-4,3.66836648427388E-4,-4.60435727502315E-5
1.57421670907549,3.93442234896775E-4,3.67243428064436E-4,-4.29660432050349E-5
1.57401645252937,4.06640124693847E-4,3.67650207701484E-4,-6.39434638674742E-5
1.57381624692614,4.02393798033584E-4,3.68056987338532E-4,-5.63123695398845E-5
1.57361609224639,3.89150605546661E-4,3.6846376697558E-4,-3.39264152565726E-5
1.57341598847067,3.99104538700007E-4,3.68870546612628E-4,-4.95837470233012E-5
1.57321593557957,4.01653904115415E-4,3.69277326249676E-4,-5.30975876998126E-5
1.57301593355369,4.00890591217997E-4,3.69684105886724E-4,-5.1178635943287E-5
1.57281598237363,3.88897788199803E-4,3.70090885523772E-4,-3.08433203886906E-5
1.57261608202,3.91256288590093E-4,3.7049766516082E-4,-3.40441424240076E-5
1.57241623247342,3.86403469930849E-4,3.70904444797868E-4,-2.54184012180899E-5
1.57221643371453,3.87651711261519E-4,3.71311224434916E-4,-2.67983983956301E-5
1.57201668572397,3.93734224703515E-4,3.71718004071964E-4,-3.61066018357444E-5
1.57181698848239,3.89766488158033E-4,3.72124783709012E-4,-2.89323952963948E-5
1.57161734197045,3.95004008154642E-4,3.7253156334606E-4,-3.68548094860751E-5
1.57141774616883,3.47874193575986E-4,3.72938342983107E-4,4.1105205027679E-5
1.5712182010582,3.76129573844872E-4,3.73345122620155E-4,-4.5665000085352E-6
1.57101870661927,3.80658292896411E-4,3.73751902257203E-4,-1.13264806483006E-5
1.57081926283272,3.83702669966634E-4,3.74158681894251E-4,-1.56521404387075E-5
1.57061986967928,3.83933903888092E-4,3.74565461531299E-4,-1.536424546514E-5
1.57042052713965,3.69380960920927E-4,3.74972241168347E-4,9.16969960576852E-6
1.57022123519459,3.791649562631E-4,3.75379020805395E-4,-6.20893415063668E-6
1.57002199382481,3.81199293128798E-4,3.75785800442443E-4,-8.87812800562175E-6
1.56982280301108,3.79336165290393E-4,3.76192580079491E-4,-5.15547974588004E-6
1.56962366273415,3.83931287807183E-4,3.76599359716539E-4,-1.20243620686565E-5
1.5694245729748,3.79410816209069E-4,3.77006139353587E-4,-3.94367004299038E-6
1.5692255337138,3.88492628999288E-4,3.77412918990635E-4,-1.81707244141917E-5
1.56902654493195,3.83396422943873E-4,3.77819698627683E-4,-9.14582787855188E-6
1.56882760661003,3.85266999391116E-4,3.78226478264731E-4,-1.15464546472724E-5
1.56862871872887,3.90064854861227E-4,3.7841140158774E-4,-1.91116633685193E-5
1.56842988126928,3.88417944680205E-4,3.78749353459813E-4,-1.58564896014434E-5
1.56823109421208,3.84168263985841E-4,3.79127572238416E-4,-8.26673446577702E-6
1.56803235753812,3.67733976205175E-4,3.79486885130727E-4,1.92747706379058E-5
1.56783367122825,3.71728305910715E-4,3.79843591101279E-4,1.33090677125253E-5
1.56763503526331,3.74263780539019E-4,3.80255587279989E-4,9.82656305519086E-6
1.56743644962419,3.79642775478974E-4,3.80712352772991E-4,1.75410676218749E-6
1.56723791429175,3.83241074135768E-4,3.8107871898719E-4,-3.54626244366743E-6
1.56703942924688,3.86909552081353E-4,3.81400215264563E-4,-9.03531237953553E-6
1.56684099447047,3.99223107962367E-4,3.81797834578274E-4,-2.8577448349912E-5
1.56664260994345,3.93823303744368E-4,3.82122142964822E-4,-1.9189903678455E-5
1.56644427564671,3.89271255495378E-4,3.82524972760739E-4,-1.10639036848091E-5
1.56624599156118,3.89171062148166E-4,3.82983828061676E-4,-1.01470639018425E-5
1.56604775766781,3.9787887529296E-4,3.8342130509245E-4,-2.37104151288369E-5
1.56584957394752,3.96484305808577E-4,3.83920766170666E-4,-2.06042050061729E-5
1.56565144038129,3.85227532313901E-4,3.84343096111648E-4,-1.45047537169583E-6
1.56545335695007,3.92050480233201E-4,3.84865288616132E-4,-1.17837142519931E-5
1.56525532363483,3.88719547834709E-4,3.8537609441303E-4,-5.48326361155276E-6
1.56505734041656,4.0174321347098E-4,3.85975453278194E-4,-2.58591267161694E-5
1.56485940727625,4.05088643195006E-4,3.86594099329093E-4,-3.03310519400974E-5
1.56466152419491,4.05655986397554E-4,3.87113972081768E-4,-3.04089034778887E-5
1.56446369115354,4.02740671377209E-4,3.87699365342254E-4,-2.46677418973262E-5
1.56426590813317,4.00827170330163E-4,3.8822242748692E-4,-2.067177826292E-5
1.56406817511482,4.15194640800912E-4,3.88847723994684E-4,-4.32089435622139E-5
1.56387049207954,4.00899337563352E-4,3.89487549322564E-4,-1.87153327148912E-5
1.56367285900838,4.04387324357083E-4,3.90156748881304E-4,-2.33381437802779E-5
1.5634752758824,4.00037979448391E-4,3.90831735792693E-4,-1.50982395953455E-5
1.56327774268267,4.16119801248975E-4,3.91371825549113E-4,-4.05866801477735E-5
1.56308025939027,3.99240085592713E-4,3.91939497988925E-4,-1.19729636702119E-5
1.56288282598628,3.84503977615572E-4,3.92505261260389E-4,1.31221051775006E-5
1.5626854424518,3.79046230968528E-4,3.9325544661584E-4,2.33031136615916E-5
1.56248810876794,3.79897830469056E-4,3.94084041874578E-4,2.32653867050565E-5
1.56229082491583,3.82798528047878E-4,3.9490012088391E-4,1.98466122510917E-5
1.56209359087657,3.89177097854677E-4,3.95693074462885E-4,1.06862016374605E-5
1.56189640663132,3.97422999284781E-4,3.96400405706164E-4,-1.67705346893254E-6
1.56169927216122,3.94511026645227E-4,3.97197009286736E-4,4.40501153207397E-6
1.56150218744742,3.85937835263048E-4,3.97965745005757E-4,1.97257719780427E-5
1.56130515247108,3.81876036080884E-4,3.98753003863533E-4,2.76782271635456E-5
1.56110816721339,3.82428238011451E-4,3.99560369255946E-4,2.80966952409722E-5
1.56091123165552,3.89416348890505E-4,4.00321641147401E-4,1.78846793013092E-5
1.56071434577868,3.97724206202127E-4,4.01162901788246E-4,5.63946076123579E-6
1.56051750956405,4.0667614843891E-4,4.01837333899981E-4,-7.93565584384372E-6
1.56032072299285,4.16393587170773E-4,4.02547354375784E-4,-2.27078217837813E-5
1.56012398604632,4.15446153000012E-4,4.03306023266559E-4,-1.99098127628628E-5
1.55992729870567,4.20568423624628E-4,4.04026455852104E-4,-2.71288271469394E-5
1.55973066095214,4.25014266043909E-4,4.04712557092521E-4,-3.32948026802773E-5
1.559534072767,4.35043420857002E-4,4.05359386358813E-4,-4.86818165770305E-5
1.55933753413149,4.34799744860842E-4,4.06029026716634E-4,-4.71839777565006E-5
1.55914104502688,4.29399827250941E-4,4.06599972748273E-4,-3.73917613843755E-5
1.55894460543446,4.23910658856538E-4,4.0720860013115E-4,-2.73913763096367E-5
1.55874821533552,4.33414700683679E-4,4.07884458846453E-4,-4.18695966130506E-5
1.55855187471134,4.31871929403685E-4,4.08489125929762E-4,-3.83477976972338E-5
1.55835558354324,4.33430885687913E-4,4.0913648863479E-4,-3.98428111671214E-5
1.55815934181253,4.33736144485866E-4,4.09663886700578E-4,-3.94785027678719E-5
1.55796314950055,4.37431373311955E-4,4.10225625869867E-4,-4.46174258050238E-5
1.55776700658861,4.35874223605997E-4,4.10763100047998E-4,-4.11822426351173E-5
1.55757091305807,4.41744178181773E-4,4.11379566402028E-4,-4.97979633187816E-5
1.55737486889029,4.40210178286905E-4,4.11980359429587E-4,-4.62969029260014E-5
1.55717887406662,4.43730512367348E-4,4.12471749974229E-4,-5.12643703247166E-5
1.55698292856843,4.38137743388012E-4,4.13015894559451E-4,-4.11998320788387E-5
1.55678703237712,4.42986427481834E-4,4.13498043013805E-4,-4.8360950527568E-5
1.55659118547406,4.36376213026365E-4,4.14072284101919E-4,-3.65784434360916E-5
1.55639538784067,4.33983597032292E-4,4.14674618591553E-4,-3.16667246428121E-5
1.55619963945835,4.27652934027175E-4,4.15281734637538E-4,-2.02887669990049E-5
1.55600394030852,4.40423584595155E-4,4.15845982575807E-4,-4.030726731173E-5
1.55580829037261,4.2989548948329E-4,4.16364114208989E-4,-2.21914554498535E-5
1.55561268963205,4.35863914282937E-4,4.16861065068126E-4,-3.11646727122899E-5
1.5554171380683,4.3296663750812E-4,4.17326575873957E-4,-2.56497010800267E-5
1.55522163566281,4.16623477293856E-4,4.17808008874831E-4,1.94263179279914E-6
1.55502618239705,4.21737042403313E-4,4.18221978063822E-4,-5.76470551676529E-6
1.55483077825249,4.13035421085378E-4,4.18642187958995E-4,9.19509767273095E-6
1.55463542321062,4.08508193386603E-4,4.19135167986083E-4,1.7428238343146E-5
1.55444011725293,4.12716532316725E-4,4.19566235136845E-4,1.12335126249962E-5
1.55424486036093,4.12423290813559E-4,4.19981198750933E-4,1.23949690172923E-5
1.55404965251612,4.16236963020742E-4,4.20336115462587E-4,6.72261000462622E-6
1.55385449370003,4.07510316779183E-4,4.20841533094225E-4,2.18631947566689E-5
1.55365938389419,4.02797482622971E-4,4.21498559536386E-4,3.0669766138E-5
1.55346432308014,4.05870509769334E-4,4.22192768379375E-4,2.67685041204671E-5
1.55326931123943,4.04908893595982E-4,4.22958901181886E-4,2.96020124408823E-5
1.55307434835363,4.07182069551781E-4,4.23781661132396E-4,2.72233301922096E-5
1.55287943440428,3.7072731952912E-4,4.24778258304893E-4,8.86435395922686E-5
1.55268456937299,3.7288890691679E-4,4.25849548687908E-4,8.68554525046321E-5
1.55248975324132,3.68184160977214E-4,4.27085726195228E-4,9.65985669575428E-5
1.55229498599088,3.76256693230981E-4,4.28432252884946E-4,8.55679178325029E-5
1.55210026760328,3.7030230759803E-4,4.29827746265001E-4,9.76217194138328E-5
1.55190559806012,3.55923953166343E-4,4.31372619446356E-4,1.23735812699221E-4
1.55171097734303,3.64375834388152E-4,4.33001787179367E-4,1.12546562577592E-4
1.55151640543365,3.62873763127422E-4,4.34948320362348E-4,1.18202273865279E-4
1.55132188231361,3.63795699236059E-4,4.36876252359327E-4,1.1985210712216E-4
1.55112740796457,3.57242377967967E-4,4.38922763440125E-4,1.33955832174339E-4
1.55093298236818,3.60512147595884E-4,4.41002401891358E-4,1.32004017044578E-4
1.55073860550612,3.53498418289202E-4,4.43124199386301E-4,1.46986280999242E-4
1.55054427736007,3.41125497439895E-4,4.45393985611677E-4,1.71000320601722E-4
1.55034999791171,3.42647103839423E-4,4.47684759444192E-4,1.72261755191822E-4
1.55015576714274,3.3983655779117E-4,4.50032545848911E-4,1.80721420414696E-4
1.54996158503487,3.53396824354187E-4,4.52367874313177E-4,1.62312521932744E-4
1.54976745156981,3.44364510060851E-4,4.54662163290074E-4,1.80888151295925E-4
1.54957336672928,3.46938934552185E-4,4.56956026287584E-4,1.80428030446054E-4
1.54937933049503,3.52341700998324E-4,4.59095812275333E-4,1.75076742494294E-4
1.5491853428488,3.56324690942891E-4,4.61129517381056E-4,1.7187991535859E-4
1.54899140377233,3.54118342072686E-4,4.63111566238846E-4,1.78748887632504E-4
1.54879751324738,3.51760662795334E-4,4.6500610202529E-4,1.85722520337129E-4
1.54860367125574,3.54766485335438E-4,4.66783217934837E-4,1.83707441463014E-4
1.54840987777917,3.56560461563619E-4,4.68450878269943E-4,1.8350028339837E-4
1.54821613279947,3.57543347176989E-4,4.70029935151696E-4,1.84478004278519E-4
1.54802243629843,3.66135599387768E-4,4.71409117081557E-4,1.72648569017815E-4
1.54782878825786,3.72518184266194E-4,4.72612105285328E-4,1.64154030471381E-4
1.54763518865958,3.74314911352012E-4,4.73666365090653E-4,1.6293638413137E-4
1.54744163748541,3.76688579873241E-4,4.74614424096437E-4,1.60598384526042E-4
1.54724813471719,3.81745592986172E-4,4.75350221489457E-4,1.53511590745387E-4
1.54705468033675,3.81705945501277E-4,4.75797322208501E-4,1.54309857799848E-4
1.54686127432596,3.8623222929473E-4,4.76116227613234E-4,1.47409757242346E-4
1.54666791666667,3.95314249087703E-4,4.76361535304513E-4,1.32917549395569E-4
1.54647460734075,4.01183681342565E-4,4.76450108401327E-4,1.23436940376369E-4
1.54628134633008,4.1097857895251E-4,4.76294680203989E-4,1.07118406052426E-4
1.54608813361656,4.06047074224182E-4,4.75986155183383E-4,1.14700092773089E-4
1.54589496918208,4.13533010158696E-4,4.75614308699867E-4,1.0181332960752E-4
1.54570185300854,4.21131511607486E-4,4.75119423236321E-4,8.85401750712885E-5
1.54550878507786,4.26790353257606E-4,4.74489958062753E-4,7.82273518804412E-5
1.54531576537197,4.19181707663694E-4,4.73716705391469E-4,8.94373962735507E-5
1.54512279387279,4.17431250684943E-4,4.72887933602556E-4,9.09489599848856E-5
1.54492987056228,4.3163340205394E-4,4.71961580565385E-4,6.61382127587695E-5
1.54473699542239,4.2600340103219E-4,4.70995881819662E-4,7.37876684914536E-5
1.54454416843507,4.33445316880057E-4,4.70059562165093E-4,6.00473622674592E-5
1.54435138958229,4.53485765717531E-4,4.68971381692555E-4,2.53964101990402E-5
1.54415865884604,4.57392531499351E-4,4.67769561400562E-4,1.70183290379861E-5
1.5439659762083,4.55667238190559E-4,4.66491073783967E-4,1.77510903731883E-5
1.54377334165107,4.46904416981986E-4,4.65258062984821E-4,3.00999794446502E-5
1.54358075515635,4.52292307996652E-4,4.63938005613222E-4,1.9098944091175E-5
1.54338821670617,4.68255152025324E-4,4.62707575405354E-4,-9.09802565675095E-6
1.54319572628253,4.89802508049977E-4,4.61588368744163E-4,-4.6271188461534E-5
1.54300328386748,5.08896076596179E-4,4.60539941381667E-4,-7.93040617517996E-5
1.54281088944306,5.11127873561577E-4,4.59497598956019E-4,-8.46736503531151E-5
1.54261854299131,5.06433184365202E-4,4.58443647795118E-4,-7.87028399749377E-5
1.54242624449431,4.95218815305967E-4,4.57388677135077E-4,-6.20414266002603E-5
1.54223399393411,5.01550521767464E-4,4.56328909339422E-4,-7.41634443819877E-5
1.54204179129279,5.04804941879565E-4,4.55297744136943E-4,-8.11918042979002E-5
1.54184963655244,5.10848165531171E-4,4.54352090950842E-4,-9.26535623117405E-5
1.54165752969516,5.13681090444208E-4,4.53505467821225E-4,-9.86880211016922E-5
1.54146547070304,5.14211627386662E-4,4.52629451589828E-4,-1.00994768306808E-4
1.54127345955821,5.1323456540644E-4,4.51784107369181E-4,-1.00778751181106E-4
1.54108149624279,5.00669663263606E-4,4.50965703687688E-4,-8.15144937045052E-5
1.5408895807389,5.05287318730654E-4,4.50105478005174E-4,-9.04982187897872E-5
1.54069771302868,5.12689421728175E-4,4.49250633846839E-4,-1.04039612125391E-4
1.54050589309429,5.13545668262214E-4,4.48405106884165E-4,-1.06830520660001E-4
1.54031412091788,5.12316913080354E-4,4.47576269381412E-4,-1.06174655666264E-4
1.54012239648162,5.00379508535796E-4,4.46815352481416E-4,-8.78452159291821E-5
1.53993071976768,5.07111966194787E-4,4.46049721170032E-4,-1.00142081840597E-4
1.53973909075825,5.06364345609592E-4,4.45276941185607E-4,-1.00183343255335E-4
1.53954750943553,5.11549635290458E-4,4.44590467312767E-4,-1.09813035483414E-4
1.5393559757817,5.16344319569893E-4,4.4394373116629E-4,-1.18736964981909E-4
1.53916448977899,5.11160418773412E-4,4.43229438084604E-4,-1.11406808329645E-4
1.53897305140962,5.11720412624832E-4,4.42545935209446E-4,-1.13446142961232E-4
1.53878166065581,4.95463205936379E-4,4.41894257011031E-4,-8.78530762375708E-5
1.53859031749979,4.97327904377526E-4,4.41261635599577E-4,-9.19486807958367E-5
1.53839902192383,5.0393287915582E-4,4.40609340618961E-4,-1.03850603200448E-4
1.53820777391016,5.07744908949276E-4,4.39984270042731E-4,-1.11127447806734E-4
1.53801657344106,5.05467598076395E-4,4.39340820605033E-4,-1.08447915053034E-4
1.5378254204988,4.9488160908397E-4,4.38675638846746E-4,-9.21777911890473E-5
1.53763431506566,5.01260593003865E-4,4.37969375675219E-4,-1.03797596418979E-4
1.53744325712392,4.99012939346422E-4,4.37301115150106E-4,-1.01207391681958E-4
1.5372522466559,4.94947566500064E-4,4.36649646486172E-4,-9.56085888227825E-5
1.53706128364389,5.0603835878476E-4,4.36016283046882E-4,-1.14836204210121E-4
1.53687036807022,5.08185300264856E-4,4.35346822256039E-4,-1.1945510393446E-4
1.53667949991721,5.01759986871773E-4,4.347147348488E-4,-1.09954213317675E-4
1.53648867916718,4.92060044655943E-4,4.34055858905885E-4,-9.51268646300955E-5
1.5362979058025,4.8941279015484E-4,4.33485633411679E-4,-9.17205370587837E-5
1.5361071798055,4.88931027104065E-4,4.32842994294966E-4,-9.19843738069228E-5
1.53591650115856,4.83553069792953E-4,4.32247208377573E-4,-8.41416127212235E-5
1.53572586984403,4.71731799338744E-4,4.31764131528702E-4,-6.55469752084683E-5
1.5355352858443,4.73248598149295E-4,4.31196484807951E-4,-6.89654658798038E-5
1.53534474914175,4.83932694327862E-4,4.30642669724957E-4,-8.73956403487648E-5
1.53515425971878,4.8155649496851E-4,4.30097973945954E-4,-8.43919744769911E-5
1.53496381755779,4.76849921328451E-4,4.29532970602006E-4,-7.75997991913701E-5
1.5347734226412,4.77978383736365E-4,4.28907456489719E-4,-8.04763206844982E-5
1.53458307495142,5.0398274199277E-4,4.2825577543075E-4,-1.24192225161713E-4
1.5343927744709,5.21212920421022E-4,4.27574689683712E-4,-1.53566698409188E-4
1.53420252118206,5.38640516140937E-4,4.26982333935361E-4,-1.83119418817144E-4
1.53401231506736,5.55646597419973E-4,4.26463096670959E-4,-2.11860941228383E-4
1.53382215610925,5.66265341270699E-4,4.25926908473073E-4,-2.30155029788106E-4
1.5336320442902,5.8921381987164E-4,4.25382754460703E-4,-2.68682947273936E-4
1.53344197959268,6.06585655575973E-4,4.2501717087911E-4,-2.97772314902854E-4
1.53325196199917,6.34875148902209E-4,4.24579485282508E-4,-3.4488488833631E-4
1.53306199149217,6.58303575894828E-4,4.24106651139847E-4,-3.84082956598168E-4
1.53287206805418,6.74228394094629E-4,4.2355511246368E-4,-4.11104181874756E-4
1.5326821916677,7.00285997610381E-4,4.23013476199004E-4,-4.54726935114658E-4
1.53249236231525,7.22466722489752E-4,4.22518469719832E-4,-4.91915134542668E-4
1.53230257997936,7.39127363355231E-4,4.22058439009557E-4,-5.19993035926906E-4
1.53211284464256,7.63643905237649E-4,4.21625909525572E-4,-5.60909512967807E-4
1.5319231562874,7.9200702013678E-4,4.2109427126102E-4,-6.08296908156247E-4
1.53173351489643,8.01709998664571E-4,4.20490588394682E-4,-6.25199832842619E-4
1.5315439204522,8.1041520037161E-4,4.19854704714744E-4,-6.40519212877261E-4
1.53135437293729,8.25607992221438E-4,4.19311069558635E-4,-6.66326953166997E-4
1.53116487233428,8.39610496598702E-4,4.1874001041694E-4,-6.9022759733809E-4
1.53097541862575,8.53104360477293E-4,4.1806715920301E-4,-7.13461010089824E-4
1.5307860117943,8.48737186607903E-4,4.17345878771914E-4,-7.07481744851022E-4
1.53059665182253,8.45083372163323E-4,4.16532381533052E-4,-7.02823624633644E-4
1.53040733869305,8.40477278708752E-4,4.15654917378532E-4,-6.96708672581561E-4
1.53021807238849,8.18589612536782E-4,4.14703575426235E-4,-6.62373100861297E-4
1.53002885289147,7.92171149194125E-4,4.13652451162511E-4,-6.20770664771847E-4
1.52983968018464,7.8365881980706E-4,4.12451604921798E-4,-6.08779832411829E-4
1.52965055425063,7.70866547936453E-4,4.11311648766464E-4,-5.89670034638782E-4
1.52946147507211,7.45618242499049E-4,4.10120403985947E-4,-5.50216455161487E-4
1.52927244263173,7.19367991342113E-4,4.08867488797945E-4,-5.09220824172435E-4
1.52908345691218,6.85124409437559E-4,4.0749674888443E-4,-4.55309363307132E-4
1.52889451789612,6.48943873812854E-4,4.06107677366908E-4,-3.98251362171352E-4
1.52870562556626,6.16064409497014E-4,4.04710458787115E-4,-3.46620479164234E-4
1.52851677990529,5.91548996349103E-4,4.03256575779573E-4,-3.08799569734029E-4
1.52832798089592,5.73800934298477E-4,4.01871742679682E-4,-2.81963874254824E-4
1.52813922852085,5.34804828078284E-4,4.00504431838468E-4,-2.20252649833298E-4
1.52795052276282,4.89090352490232E-4,3.99116772698796E-4,-1.47556670857955E-4
1.52776186360456,4.57923290095657E-4,3.97684314188923E-4,-9.8791920487043E-5
1.52757325102881,4.38578101442573E-4,3.9625263075629E-4,-6.94137719255054E-5
1.52738468501831,4.06974254607682E-4,3.9500625685491E-4,-1.96275163145463E-5
1.52719616555583,3.66637807628172E-4,3.93675928531267E-4,4.43425182810761E-5
1.52700769262413,3.34470776666689E-4,3.92378309972056E-4,9.4968354620802E-5
1.52681926620599,3.10486389127241E-4,3.91082478593245E-4,1.32177586724247E-4
1.52663088628419,2.92578502060372E-4,3.89872879609951E-4,1.59562779181309E-4
1.52644255284152,2.62197047947548E-4,3.88709113717093E-4,2.07479787862053E-4
1.52625426586078,2.46319426542967E-4,3.87495485763382E-4,2.31528737121481E-4
1.52606602532478,2.38505513623435E-4,3.86433650031931E-4,2.42602143709933E-4
1.52587783121634,2.19459025926242E-4,3.85409299712556E-4,2.72158449009554E-4
1.52568968351829,2.08635223486893E-4,3.84405707432247E-4,2.88263593670382E-4
1.52550158221346,2.12626919761815E-4,3.83455866127555E-4,2.80159472039814E-4
1.52531352728468,1.96470365820745E-4,3.82554749072964E-4,3.05178388533638E-4
1.52512551871482,1.59333458872755E-4,3.81573013557443E-4,3.64472869682889E-4
1.52493755648673,1.47411313421393E-4,3.80493884478813E-4,3.82255416534169E-4
1.52474964058328,1.52202808820187E-4,3.79466071193655E-4,3.72711750292487E-4
1.52456177098735,1.50788269557437E-4,3.78538376184157E-4,3.73510174867821E-4
1.52437394768182,1.51923613811309E-4,3.77666533480858E-4,3.7021838825806E-4
1.52418617064959,1.59543438716253E-4,3.76702602978324E-4,3.56141029389795E-4
1.52399843987355,1.68312331106689E-4,3.75635459785557E-4,3.40009931033343E-4
1.52381075533662,1.70387002913856E-4,3.74554633918075E-4,3.3483491484692E-4
1.52362311702171,1.70954344706823E-4,3.73442128906868E-4,3.32079966088073E-4
1.52343552491176,1.7712799518637E-4,3.72248872748717E-4,3.19998239202249E-4
1.5232479789897,1.84409672358271E-4,3.7111135386531E-4,3.06190757671544E-4
1.52306047923847,1.87246820946913E-4,3.70041815360083E-4,2.997837908376E-4
1.52287302564103,1.95861544856604E-4,3.68856733639821E-4,2.83712109604476E-4
1.52268561818033,2.11704787028006E-4,3.67626366725047E-4,2.55711390703146E-4
1.52249825683934,2.06348975500601E-4,3.66248834250445E-4,2.62235768349744E-4
1.52231094160105,2.1950216054044E-4,3.64901400174101E-4,2.38454752999204E-4
1.52212367244844,2.33225066222E-4,3.63457388012989E-4,2.13581007737221E-4
1.52193644936449,2.33770786253652E-4,3.62114022551991E-4,2.10482907529276E-4
1.52174927233223,2.44569911345438E-4,3.60799607268391E-4,1.90616701313643E-4
1.52156214133465,2.45495233502504E-4,3.5936034662491E-4,1.86738785520746E-4
1.52137505635477,2.53972085571381E-4,3.57943331740925E-4,1.70512843718053E-4
1.52118801737563,2.72069969144678E-4,3.56391071832198E-4,1.38286608407533E-4
1.52100102438025,2.81151527268821E-4,3.5497625844446E-4,1.21072559128048E-4
1.52081407735169,2.79470967991426E-4,3.53522800830365E-4,1.21445005855861E-4
1.52062717627299,2.91418578809978E-4,3.5190833529679E-4,9.92032006383713E-5
1.52044032112722,2.93916693414767E-4,3.50358318225977E-4,9.25642646903839E-5
1.52025351189745,2.89841791264822E-4,3.48653692686203E-4,9.64515183310656E-5
1.52006674856675,2.94487851496971E-4,3.46982255932364E-4,8.60908232740434E-5
1.51988003111821,3.02443567806361E-4,3.45239007800449E-4,7.0184521590303E-5
1.51969335953492,3.06579240783643E-4,3.43573753216132E-4,6.06710003892821E-5
1.51950673379999,3.06320082208219E-4,3.41985380835618E-4,5.84910897489348E-5
1.51932015389653,3.1023503778375E-4,3.40265268093543E-4,4.92495777080611E-5
1.51913361980765,3.12410841204366E-4,3.38461866319054E-4,4.27236811880883E-5
1.51894713151649,3.06508644871252E-4,3.36666844067971E-4,4.94594466826192E-5
1.51876068900618,3.01771614890474E-4,3.34808818237388E-4,5.41810134889382E-5
1.51857429225986,3.03817377840298E-4,3.32965077837886E-4,4.78022279960433E-5
1.51838794126069,3.12041226031067E-4,3.31094634845584E-4,3.12475904558076E-5
1.51820163599182,3.09070161728998E-4,3.29158527456601E-4,3.2944919793268E-5
1.51801537643643,2.99421978072875E-4,3.27159971880875E-4,4.549030984512E-5
1.51782916257769,3.00603365172278E-4,3.25125250383182E-4,4.02158917458815E-5
1.51764299439879,3.0798952006908E-4,3.23146078160732E-4,2.48567552703092E-5
1.51745687188292,3.15280165147954E-4,3.21101785111995E-4,9.54745674102701E-6
1.51727079501328,3.06693451823538E-4,3.18887341056829E-4,1.99979783425965E-5
1.51708476377309,3.13213668112164E-4,3.16711587408515E-4,5.73658764601652E-6
1.51689877814556,3.1952503067091E-4,3.14553962362892E-4,-8.1525520251494E-6
1.51671283811392,3.07640051532282E-4,3.12490856967063E-4,7.95532091304026E-6
1.5165269436614,3.01718589403618E-4,3.10415045481057E-4,1.42621879669989E-5
1.51634109477124,2.99024341807052E-4,3.08228390588167E-4,1.50946400010286E-5
1.5161552914267,2.99150860183091E-4,3.06000827645636E-4,1.12339466385736E-5
1.51596953361104,2.86694954243973E-4,3.03719015605103E-4,2.79194606322532E-5
1.51578382130753,2.85249070167803E-4,3.01260451056082E-4,2.6258664656777E-5
1.51559815449943,2.7061208162472E-4,2.98760285502942E-4,4.61630543602827E-5
1.51541253317003,2.83733977204351E-4,2.96010198670716E-4,2.01330032048375E-5
1.51522695730264,3.015038196246E-4,2.93193250134072E-4,-1.36293339644666E-5
1.51504142688054,2.9713506582088E-4,2.90184023641651E-4,-1.13997091739367E-5
1.51485594188704,2.97807113065392E-4,2.87091453626573E-4,-1.75736814796635E-5
1.51467050230546,2.97245019628895E-4,2.83891636962674E-4,-2.18995475726017E-5
1.51448510811914,2.8491410199969E-4,2.80531030851128E-4,-7.18823668364182E-6
1.51429975931139,2.7314449830247E-4,2.7706059120952E-4,6.42239236756097E-6
1.51411445586556,2.65397419321391E-4,2.73352921117914E-4,1.30470229462972E-5
1.513929197765,2.61433418398157E-4,2.69564621888978E-4,1.33351737249458E-5
1.51374398499307,2.56427650852814E-4,2.65633903388432E-4,1.50982541584125E-5
1.51355881753313,2.71909661622805E-4,2.61392292874969E-4,-1.72484847464512E-5
1.51337369536856,2.75935336846328E-4,2.57042661704873E-4,-3.0983987231987E-5
1.51318861848274,2.56936408061262E-4,2.52512845422773E-4,-7.25464272712268E-6
1.51300358685905,2.35902121833918E-4,2.47801394577012E-4,1.95148072986747E-5
1.51281860048091,2.32699527928454E-4,2.42889677242672E-4,1.67118448753174E-5
1.5126336593317,2.44227751911174E-4,2.38013247106762E-4,-1.01917878792369E-5
1.51244876339486,2.26342609959281E-4,2.33017597539353E-4,1.09469796313183E-5
1.51226391265379,2.07404009839394E-4,2.2797773002091E-4,3.37409010976862E-5
1.51207910709194,1.94859191140977E-4,2.22773033840548E-4,4.57787020272956E-5
1.51189434669273,1.89883879342969E-4,2.17560169582163E-4,4.53891159922789E-5
1.51170963143963,1.67994215002255E-4,2.12325383637077E-4,7.27031165611081E-5
1.51152496131607,1.55719202140552E-4,2.0683497660062E-4,8.38298701145104E-5
1.51134033630552,1.41065723989743E-4,2.01492873499683E-4,9.91005251963014E-5
1.51115575639147,1.14954596559652E-4,1.9618344759545E-4,1.33215315698708E-4
1.51097122155737,1.24987154850446E-4,1.90831999142025E-4,1.0798554463819E-4
1.51078673178673,1.12320461911405E-4,1.85611594395324E-4,1.20197457273627E-4
1.51060228706304,1.02930532547171E-4,1.80417456025666E-4,1.27078554504733E-4
1.51041788736979,8.1041738947034E-5,1.75431903336075E-4,1.54799869598027E-4
1.51023353269051,7.83399721551274E-5,1.70579445470529E-4,1.51272736237258E-4
1.51004922300871,8.52946648494169E-5,1.65636797592446E-4,1.31761097698568E-4
1.50986495830791,8.02876997501325E-5,1.60952728798431E-4,1.3229064763921E-4
1.50968073857166,9.59634582739406E-5,1.56235269714616E-4,9.88457707627077E-5
1.5094965637835,1.01859100789237E-4,1.51654780851508E-4,8.16649153021239E-5
1.50931243392697,1.02826105912064E-4,1.47074289941008E-4,7.25670218074667E-5
1.50912834898565,9.37817850169297E-5,1.42659829471835E-4,8.01599929060444E-5
1.50894430894309,9.84638593353067E-5,1.38434388881641E-4,6.55516684559888E-5
1.50876031378287,1.44793094910343E-4,1.34279559297056E-4,-1.72421984057896E-5
1.50857636348858,1.33787688290383E-4,1.30129177380285E-4,-5.99995789256112E-6
1.50839245804381,1.50157248551207E-4,1.26147737082367E-4,-3.93755988088985E-5
1.50820859743215,1.45584967083145E-4,1.22351850109946E-4,-3.81023118360468E-5
1.50802478163721,1.70403614516483E-4,1.18592472153998E-4,-8.49702734744766E-5
1.50784101064262,1.87214567143031E-4,1.14851871945351E-4,-1.18674820124196E-4
1.50765728443199,1.82851134561815E-4,1.11193919061321E-4,-1.17517833420811E-4
1.50747360298895,2.05752725641923E-4,1.0761806141736E-4,-1.60940849328284E-4
1.50728996629715,2.11536836490591E-4,1.04086616943626E-4,-1.76218360057023E-4
1.50710637434024,2.29911353711977E-4,1.00303017915099E-4,-2.12557670706881E-4
1.50692282710186,2.35085298788942E-4,9.67803892621752E-5,-2.26820051623897E-4
1.50673932456568,2.52320788907304E-4,9.30860212917126E-5,-2.61145018889571E-4
1.50655586671537,2.56156927097908E-4,8.93867957804886E-5,-2.73503015360567E-4
1.50637245353462,2.40487586694766E-4,8.5774838590697E-5,-2.53728906890673E-4
1.5061890850071,2.49076767873732E-4,8.20928695972244E-5,-2.73853593173472E-4
1.50600576111652,2.60437720072815E-4,7.85641481808209E-5,-2.98272657902871E-4
1.50582248184658,2.77051924633576E-4,7.47926302858853E-5,-3.31705242730213E-4
1.50563924718098,2.74505121015941E-4,7.09947980145611E-5,-3.33756929722262E-4
1.50545605710346,2.75306726303946E-4,6.71074814015317E-5,-3.41446761639959E-4
1.50527291159773,2.91650077232308E-4,6.31250613129766E-5,-3.74781026107703E-4
1.50508981064753,2.87514366308796E-4,5.91528503575088E-5,-3.74512886160111E-4
1.5049067542366,2.6658869657692E-4,5.51406127083752E-5,-3.46774857544414E-4
1.5047237423487,2.66577519741125E-4,5.09459399960605E-5,-3.53635790781906E-4
1.50454077496757,2.86573282216931E-4,4.65912510767169E-5,-3.93570531069951E-4
1.504357852077,2.66603516106946E-4,4.20908328241462E-5,-3.68200800583792E-4
1.50417497366075,2.63544415661459E-4,3.76144290799507E-5,-3.70525177993674E-4
1.50399213970261,2.36797063049153E-4,3.2902104491746E-5,-3.34387732034148E-4
1.50380935018636,2.43377378041694E-4,2.8302802897913E-5,-3.527223032358E-4
1.5036266050958,2.22988121022808E-4,2.36643318721853E-5,-3.26891014207021E-4
1.50344390441474,2.30653205603013E-4,1.86691759629861E-5,-3.47653808609645E-4
1.503261248127,2.41089846727094E-4,1.3909773533822E-5,-3.72575320036966E-4
1.50307863621639,2.23398032388454E-4,8.82740928064789E-6,-3.51895821896802E-4
1.50289606866675,2.2872567658134E-4,3.88114367023524E-6,-3.68745033974212E-4
1.50271354546191,2.00312671426094E-4,-1.265332498241E-6,-3.3058792643591E-4
1.50253106658571,2.16002017600535E-4,-6.5587266072137E-6,-3.64999620500708E-4
1.50234863202202,2.1496698576168E-4,-1.18398978369029E-5,-3.71963289101675E-4
1.50216624175468,1.81856773360979E-4,-1.74754262075495E-5,-3.26904807292386E-4
1.50198389576758,1.99996204057089E-4,-2.29398116714334E-5,-3.65615065794776E-4
1.50180159404458,1.73714586075351E-4,-2.87310715419066E-5,-3.32010878492303E-4
1.50161933656958,1.75201631251673E-4,-3.42227191672613E-5,-3.43455934687052E-4
1.50143712332646,1.61327538109863E-4,-4.00541059321436E-5,-3.30265896228891E-4
1.50125495429912,1.60747034488683E-4,-4.5896088243087E-5,-3.38894721280103E-4
1.50107282947147,1.78065055894352E-4,-5.15435610632478E-5,-3.76558131810464E-4
1.50089074882743,1.58190217998696E-4,-5.77112549211422E-5,-3.54078415588535E-4
1.50070871235092,1.45261152276883E-4,-6.36076693056058E-5,-3.42544867395282E-4
1.50052672002587,1.4466812560873E-4,-6.98910455303779E-5,-3.51877040668136E-4
1.50034477183622,1.21418417136807E-4,-7.61125866646381E-5,-3.2395084623437E-4
1.50016286776592,1.30668772703922E-4,-8.2245931467529E-5,-3.4918011484118E-4
1.49998100779893,1.23053897893853E-4,-8.88138302490985E-5,-3.4746307415444E-4
1.49979919191919,1.05789981314329E-4,-9.5199134355925E-5,-3.29622149699216E-4
1.49961742011069,1.04328688063954E-4,-1.01673698550633E-4,-3.37843914047922E-4
1.49943569235741,9.92062792284688E-5,-1.07938976474583E-4,-3.39718219353005E-4
1.49925400864332,1.03946370159321E-4,-1.14403673712783E-4,-3.58094071950251E-4
1.49907236895243,8.11571418599397E-5,-1.207833125131E-4,-3.31182345171786E-4
1.49889077326873,4.43095350664284E-5,-1.27213092201199E-4,-2.8129710871891E-4
1.49870922157623,5.16045437930089E-5,-1.33943385879132E-4,-3.04298604662311E-4
1.49852771385895,4.98704356225791E-5,-1.40538656509083E-4,-3.12270911095925E-4
1.49834625010091,5.70476147771235E-5,-1.47429510770981E-4,-3.35342485898892E-4
1.49816483028615,5.60104894621032E-5,-1.54133571526654E-4,-3.44636260021562E-4
1.49798345439871,4.44150608571239E-5,-1.60933473920251E-4,-3.36771597034896E-4
1.49780212242263,3.38163435196993E-5,-1.67673375871532E-4,-3.30443139801619E-4
1.49762083434197,1.82057011812202E-5,-1.74482477727632E-4,-3.16008613410517E-4
1.49743959014079,-1.61930906167557E-5,-1.81463853651361E-4,-2.71044051376753E-4
1.49725838980316,1.44946581151365E-6,-1.88283331235751E-4,-3.11161787157514E-4
1.49707723331317,-3.15545328563884E-5,-1.95141702259712E-4,-2.6828295782145E-4
1.49689612065489,-2.75661397244745E-5,-2.01907854034836E-4,-2.85920411468992E-4
1.49671505181243,-4.92079275567089E-5,-2.08938160109417E-4,-2.61957581386442E-4
1.49653402676988,-5.5341231759961E-5,-2.15980673398406E-4,-2.63448684287049E-4
1.49635304551135,-5.39493295719643E-5,-2.23061766159654E-4,-2.77344396003811E-4
1.49617210802096,-6.8896172844779E-5,-2.30064876399706E-4,-2.64316673830081E-4
1.49599121428284,-6.26832190610692E-5,-2.37223963889203E-4,-2.8624682151814E-4
1.49581036428111,-8.69381125179636E-5,-2.44288996277076E-4,-2.58055449364945E-4
1.49562955799992,-8.72197509215421E-5,-2.51163991723901E-4,-2.68868554915869E-4
1.49544879542341,-8.97884209993299E-5,-2.5837603679573E-4,-2.76483689906095E-4
1.49526807653575,-1.30096990716207E-4,-2.65630157092619E-4,-2.22274392857316E-4
1.49508740132109,-1.35148501834168E-4,-2.73109843827606E-4,-2.26256600869239E-4
1.4949067697636,-1.46849167464412E-4,-2.80613815972531E-4,-2.19374023553315E-4
1.49472618184747,-1.54994599861109E-4,-2.87917153585156E-4,-2.17992988107437E-4
1.49454563755687,-1.85545185537806E-4,-2.95148334404538E-4,-1.79749164141441E-4
1.49436513687601,-1.69747256946383E-4,-3.02281651593178E-4,-2.17356407220744E-4
1.49418467978908,-1.7851757082763E-4,-3.09655107202799E-4,-2.15065559655277E-4
1.49400426628029,-1.73402874608505E-4,-3.16969528466019E-4,-2.35449312326322E-4
1.49382389633386,-1.93039571775475E-4,-3.24295143914842E-4,-2.15259138308562E-4
1.49364356993401,-1.99048529327344E-4,-3.31394047613211E-4,-2.17046649988823E-4
1.49346328706498,-2.07108602799049E-4,-3.38785563029353E-4,-2.15950214777698E-4
1.493283047711,-2.63094535619104E-4,-3.46344364014613E-4,-1.36529718568635E-4
1.49310285185632,-2.55173110751614E-4,-3.54764684216827E-4,-1.63330180482949E-4
1.4929226994852,-2.75023457556704E-4,-3.63185004419042E-4,-1.44584936854234E-4
1.4927425905819,-2.9198231933124E-4,-3.71605324621256E-4,-1.30581728675626E-4
1.49256252513068,-2.78434806150557E-4,-3.80025644823471E-4,-1.66608975423579E-4
1.49238250311583,-2.98403569802115E-4,-3.88445965025685E-4,-1.47669528166654E-4
1.49220252452163,-2.82728099265701E-4,-3.968662852279E-4,-1.87186624978006E-4
1.49202258933237,-2.90219621537249E-4,-4.05286605430114E-4,-1.88709853584299E-4
1.49184269753235,-3.44528349681676E-4,-4.13706925632328E-4,-1.1345286455907E-4
1.49166284910589,-3.25433418100057E-4,-4.22127245834542E-4,-1.58577877484556E-4
1.49148304403729,-3.56660279497748E-4,-4.30547566036757E-4,-1.21175149923975E-4
1.49130328231088,-3.4687732718632E-4,-4.38967886238971E-4,-1.51028516846348E-4
1.49112356391098,-3.85873844932238E-4,-4.47388206441186E-4,-1.00883552874675E-4
1.49094388882195,-3.98216201813467E-4,-4.558085266434E-4,-9.44514127210903E-5
1.49076425702811,-3.91390268533247E-4,-4.64228846845614E-4,-1.19455268432283E-4
1.49058466851383,-3.96542645059021E-4,-4.72649167047829E-4,-1.24814696061645E-4
1.49040512326347,-4.27252510663427E-4,-4.81069487250043E-4,-8.82598416020495E-5
1.49022562126139,-4.33631692253353E-4,-4.89489807452258E-4,-9.16073089262047E-5
1.49004616249197,-4.28502504789866E-4,-4.97910127654472E-4,-1.13828501497954E-4
1.48986674693959,-4.45148580018338E-4,-5.06330447856687E-4,-1.00338263254892E-4
1.48968737458865,-4.59282139877637E-4,-5.14750768058901E-4,-9.09685502172727E-5
1.48950804542354,-4.73051481742552E-4,-5.23171088261116E-4,-8.21961546904447E-5
1.48932875942866,-4.72427959893167E-4,-5.3159140846333E-4,-9.70280556550671E-5
1.48914951658844,-4.71314825597092E-4,-5.40011728665545E-4,-1.12662921032261E-4
1.48897031688728,-5.41044378807724E-4,-5.48432048867759E-4,-1.2115778898457E-5
1.48879116030963,-4.99413135750703E-4,-5.56852369069973E-4,-9.42003426436042E-5
1.48861204683991,-5.29941042301179E-4,-5.65272689272187E-4,-5.79439010324538E-5
1.48843297646257,-5.4707396193528E-4,-5.73693009474402E-4,-4.36552379641605E-5
1.48825394916206,-5.66669936275348E-4,-5.82113329676616E-4,-2.53271651780804E-5
1.48807496492283,-5.92664454266597E-4,-5.9053364987883E-4,3.49451919593688E-6
1.48789602372936,-5.57070195876925E-4,-5.98953970081045E-4,-6.86893896947575E-5
1.48771712556611,-6.07286827324611E-4,-6.07374290283259E-4,-1.43439252183689E-7
1.48753827041757,-6.11440672724867E-4,-6.15794610485474E-4,-7.14045792739607E-6
1.48735945826822,-6.21807200502648E-4,-6.24214930687688E-4,-3.9486775034654E-6
1.48718068910256,-6.32154106692878E-4,-6.32635250889903E-4,-7.89076483120408E-7
1.4870019629051,-6.28027399135183E-4,-6.41055571092117E-4,-2.13662020093724E-5
1.48682327966034,-6.35505422769035E-4,-6.49475891294332E-4,-2.29115683814871E-5
1.4866446393528,-6.66001219988879E-4,-6.57896211496546E-4,1.32922139274271E-5
1.486466041967,-6.90882800429797E-4,-6.66316531698761E-4,4.02886807188995E-5
1.48628748748749,-7.17337247819793E-4,-6.74736851900975E-4,6.98646493068625E-5
1.48610897589879,-7.03895607726697E-4,-6.8315717210319E-4,3.40110344225516E-5
1.48593050718546,-7.35472455201134E-4,-6.91577492305404E-4,7.19877391489986E-5
1.48575208133205,-7.18110644859828E-4,-6.99997812507618E-4,2.97050450576244E-5
1.48557369832313,-7.12830515630823E-4,-7.08418132709832E-4,7.23630799042382E-6
1.48539535814326,-7.70801271527054E-4,-7.16838452912046E-4,8.84990225286126E-5
1.48521706077702,-7.22869102008333E-4,-7.25258773114261E-4,-3.91906061372189E-6
1.48503880620899,-7.76985303542554E-4,-7.33679093316475E-4,7.1022184770769E-5
1.48486059442378,-7.48704154190444E-4,-7.4209941351869E-4,1.08317747016763E-5
1.48468242540597,-7.80469624292342E-4,-7.50519733720904E-4,4.9117820537158E-5
1.48450429914017,-7.91902246758839E-4,-7.58940053923119E-4,5.40579962505803E-5
1.484326215611,-7.80363889898693E-4,-7.67360374125333E-4,2.13257658683103E-5
1.48414817480309,-8.53270234508542E-4,-7.75780694327548E-4,1.2708284589683E-4
1.48397017670105,-8.06922899430685E-4,-7.84201014529762E-4,3.72638912375144E-5
1.48379222128952,-8.70126540550354E-4,-7.92621334731977E-4,1.27108537542138E-4
1.48361430855316,-8.13979381431468E-4,-8.01041654934191E-4,2.12178714555343E-5
1.4834364384766,-8.77620888244372E-4,-8.09461975136406E-4,1.11780617497064E-4
1.48325861104451,-8.71794876693279E-4,-8.1788229533862E-4,8.84166334216418E-5
1.48308082624156,-8.28562796068678E-4,-8.26302615540835E-4,3.70669606566309E-6
1.48290308405241,-9.33386383228542E-4,-8.34722935743049E-4,1.61808053876209E-4
1.48272538446175,-8.74944253493432E-4,-8.43143255945263E-4,5.21536359789984E-5
1.48254772745427,-9.50547779974835E-4,-8.51563576147477E-4,1.62334094276866E-4
1.48237011301466,-9.44021123115044E-4,-8.59983896349691E-4,1.37821051895178E-4
1.48219254112761,-9.31030690490581E-4,-8.68404216551906E-4,1.02707417259426E-4
1.48201501177786,-0.00101633027725517,-8.7682453675412E-4,2.28789414421729E-4
1.4818375249501,-9.71404899441073E-4,-8.85244856956335E-4,1.41302469674971E-4
1.48166008062907,-9.92317241407275E-4,-8.93665177158549E-4,1.6178938536791E-4
1.48148267879949,-9.59898884641151E-4,-9.02085497360764E-4,9.48139551398341E-5
1.48130531944611,-9.98800779705899E-4,-9.10505817562978E-4,1.4480373791439E-4
1.48112800255367,-9.74317878794675E-4,-9.18926137765193E-4,9.08424552883502E-5
1.48095072810692,-9.7710555215998E-4,-9.27346457967407E-4,8.160491447582E-5
1.48077349609063,-0.00104609557744091,-9.35766778169622E-4,1.80939230804911E-4
1.48059630648957,-0.0010124357285079,-9.44187098371836E-4,1.11927753423146E-4
1.48041915928851,-0.00106553667597075,-9.52607418574051E-4,1.85203982130593E-4
1.48024205447223,-0.00103987616035792,-9.61027738776265E-4,1.29311411393913E-4
1.48006499202552,-0.00106506179170946,-9.69448058978479E-4,1.56806521678806E-4
1.47988797193318,-0.00105569595040035,-9.77868379180694E-4,1.27637216800236E-4
1.47971099418002,-0.00106947861289295,-9.86288699382908E-4,1.36431458156475E-4
1.47953405875085,-0.00111656160642568,-9.94709019585122E-4,1.9983824241852E-4
1.47935716563048,-0.00108546592429456,-0.00100312933978734,1.35031998591847E-4
1.47918031480375,-0.00110792049419129,-0.00101154965998955,1.58048168090857E-4
1.47900350625548,-0.00107626252959562,-0.00101996998019177,9.23197810223143E-5
1.47882673997052,-0.00111158770136626,-0.00102839030039398,1.36443737594538E-4
1.47865001593372,-0.00111841010526579,-0.00103681062059619,1.33823154858135E-4
1.47847333412992,-0.00112549253194558,-0.00104523094079841,1.31629009481354E-4
1.47829669454401,-0.0011103801386216,-0.00105365126100062,9.30353592984101E-5
1.47812009716083,-0.0011540624833892,-0.00106207158120284,1.50865079585633E-4
1.47794354196528,-0.00114692701165997,-0.00107049190140505,1.25353580818071E-4
1.47776702894223,-0.00111647666549046,-0.00107891222160727,6.16056879684374E-5
1.47759055807659,-0.00118818764103933,-0.00108733254180948,1.65402362736955E-4
1.47741412935323,-0.00120165052882186,-0.00109575286201169,1.73672173568678E-4
1.47723774275708,-0.00123150737210973,-0.00110417318221391,2.08828071429144E-4
1.47706139827305,-0.00123236306428345,-0.00111259350241612,1.9642208146241E-4
1.47688509588605,-0.00121103445207643,-0.00112101382261834,1.4763383231127E-4
1.47670883558102,-0.00121756522286192,-0.00112943414282055,1.44534971267839E-4
1.47653261734288,-0.00120109722698823,-0.00113785446302277,1.03718132903361E-4
1.47635644115658,-0.0012378368256226,-0.00114627478322498,1.50161749532098E-4
1.47618030700708,-0.00124385606394782,-0.0011546951034272,1.46223975253819E-4
1.47600421487932,-0.00126504469537415,-0.00116311542362941,1.67164005661377E-4
1.47582816475827,-0.00123202045223117,-0.00117153574383163,9.91949217752455E-5
1.4756521566289,-0.00129581071930159,-0.00117995606403384,1.90001634639113E-4
1.47547619047619,-0.00135132478303498,-0.00118837638423605,2.67235374030239E-4
