1.47547619047619,-4.12112123821806E-4,-4.71670835723785E-4,7.29706050191319E-4
1.47566535409035,-5.11518550469673E-4,-4.69137894762445E-4,8.62227228083289E-4
1.47585451770452,-4.93279713258093E-4,-4.66604953801104E-4,8.41809562957978E-4
1.47604368131868,-4.08756743181781E-4,-4.64072012839763E-4,7.35222525108515E-4
1.47623284493284,-4.71127203716536E-4,-4.61539071878423E-4,8.19596947053439E-4
1.47642200854701,-4.81915061720359E-4,-4.59006130917082E-4,8.36913985708152E-4
1.47661117216117,-4.51766793360163E-4,-4.56473189955741E-4,8.01014060089641E-4
1.47680033577534,-4.5089949651933E-4,-4.53940248994401E-4,8.031793974463E-4
1.4769894993895,-4.58661578056914E-4,-4.5140730803306E-4,8.16562926694903E-4
1.47717866300366,-4.89259217675679E-4,-4.48874367071719E-4,8.5963268144904E-4
1.47736782661783,-4.88376228304008E-4,-4.46341426110379E-4,8.61777618515611E-4
1.47755699023199,-4.4347650355686E-4,-4.43808485149038E-4,8.06700799594061E-4
1.47774615384615,-4.35212603615854E-4,-4.41275544187697E-4,7.99250552920496E-4
1.47793531746032,-4.46394899172435E-4,-4.38742603226356E-4,8.17080360393794E-4
1.47812448107448,-4.34439500791287E-4,-4.36209662265016E-4,8.04831165748045E-4
1.47831364468864,-4.20178174403636E-4,-4.33676721303675E-4,7.89584264693841E-4
1.47850280830281,-4.5895467834015E-4,-4.31143780342334E-4,8.43286543061053E-4
1.47869197191697,-4.39949763536825E-4,-4.28610839380994E-4,8.21872977066472E-4
1.47888113553114,-4.33820816201094E-4,-4.26077898419653E-4,8.17198168779766E-4
1.4790702991453,-4.36372746635957E-4,-4.23544957458312E-4,8.23808501594831E-4
1.47925946275946,-4.35154295789234E-4,-4.21012016496972E-4,8.25517338743833E-4
1.47944862637363,-4.58110164397589E-4,-4.18479075535631E-4,8.58652791184437E-4
1.47963778998779,-4.43318072492143E-4,-4.1594613457429E-4,8.42715894957101E-4
1.47982695360195,-3.98504197521195E-4,-4.1341319361295E-4,7.87750680744612E-4
1.48001611721612,-4.23993221285226E-4,-4.10880252651609E-4,8.24179234887595E-4
1.48020528083028,-4.27783166835635E-4,-4.08347311690268E-4,8.32398987352869E-4
1.48039444444444,-4.02197740637643E-4,-4.05814370728927E-4,8.02430756545223E-4
1.48058360805861,-4.29561270843343E-4,-4.03281429767587E-4,8.41296169062376E-4
1.48077277167277,-3.81046815369408E-4,-4.00748488806246E-4,7.81520200196003E-4
1.48096193528693,-3.89428255018932E-4,-3.98215547844905E-4,7.95708894990127E-4
1.4811510989011,-3.81967274209503E-4,-3.95682606883565E-4,7.89302443187612E-4
1.48134026251526,-3.98442098166866E-4,-3.93149665922224E-4,8.14012537581926E-4
1.48152942612943,-3.93352166812377E-4,-3.90616724960883E-4,8.10688450070834E-4
1.48171858974359,-3.77384902479797E-4,-3.88083783999543E-4,7.93223829688224E-4
1.48190775335775,-3.71252487594445E-4,-3.85550843038202E-4,7.88544513587008E-4
1.48209691697192,-3.97755777910726E-4,-3.83017902076861E-4,8.26291614247916E-4
1.48228608058608,-3.71543154575452E-4,-3.80484961115521E-4,7.95508027161803E-4
1.48247524420024,-3.65819746251796E-4,-3.7795202015418E-4,7.91360419590793E-4
1.48266440781441,-3.68868514351596E-4,-3.75419079192839E-4,7.98616641370277E-4
1.48285357142857,-3.68828564132351E-4,-3.72886138231498E-4,8.01857529335E-4
1.48304273504273,-3.91347825589362E-4,-3.70353197270158E-4,8.34425392478857E-4
1.4832318986569,-4.26892333617906E-4,-3.67820256308817E-4,8.83926076165708E-4
1.48342106227106,-3.64680686318308E-4,-3.65287315347476E-4,8.06343757925973E-4
1.48361022588523,-3.69710515282578E-4,-3.62754374386136E-4,8.16175358829267E-4
1.48379938949939,-3.29005086744449E-4,-3.60221433424795E-4,7.66551124979443E-4
1.48398855311355,-3.57894505842002E-4,-3.57688492463454E-4,8.07400193056004E-4
1.48417771672772,-3.76674569975516E-4,-3.55155551502114E-4,8.35107099679316E-4
1.48436688034188,-3.72206803598641E-4,-3.52622610540773E-4,8.32591826639121E-4
1.48455604395604,-3.56561985415353E-4,-3.50089669579432E-4,8.1554638625059E-4
1.48474520757021,-3.17366689115258E-4,-3.47556728618091E-4,7.67885324310208E-4
1.48493437118437,-3.49975632515292E-4,-3.45023787656751E-4,8.13569773979996E-4
1.48512353479853,-3.33899328603751E-4,-3.4249084669541E-4,7.95963402144736E-4
1.4853126984127,-3.26712790234775E-4,-3.39957905734069E-4,7.89913725514809E-4
1.48550186202686,-3.31345536165795E-4,-3.37424964772729E-4,7.99229118474878E-4
1.48569102564103,-3.67462448722244E-4,-3.34892023811388E-4,8.49473928048005E-4
1.48588018925519,-3.52334097771021E-4,-3.32359082850047E-4,8.33099895061158E-4
1.48606935286935,-3.04952453836968E-4,-3.29826141888707E-4,7.74796581196633E-4
1.48625851648352,-2.76391649442877E-4,-3.27293200927366E-4,7.40960358734057E-4
1.48644768009768,-3.21792743873611E-4,-3.24760259966025E-4,8.03274604743754E-4
1.48663684371184,-3.15755486914357E-4,-3.22227319004685E-4,7.98718993946467E-4
1.48682600732601,-3.34488259335394E-4,-3.19694378043344E-4,8.26364421343557E-4
1.48701517094017,-3.14217312135271E-4,-3.17161437082003E-4,8.03305013233141E-4
1.48720433455433,-3.16829970521303E-4,-3.14628496120662E-4,8.09994292384725E-4
1.4873934981685,-3.03245025509404E-4,-3.12095555159322E-4,7.95626687118999E-4
1.48758266178266,-2.92000183104907E-4,-3.09562614197981E-4,7.84301215242896E-4
1.48777182539683,-2.90006894473825E-4,-3.0702967323664E-4,7.85002763272232E-4
1.48796098901099,-2.95813411450264E-4,-3.044967322753E-4,7.95844058591346E-4
1.48815015262515,-2.74754346037901E-4,-3.01963791313959E-4,7.71760096805017E-4
1.48833931623932,-2.58934384362704E-4,-2.99430850352618E-4,7.54486969877004E-4
1.48852847985348,-2.7573475662066E-4,-2.96897909391278E-4,7.79620277062089E-4
1.48871764346764,-3.21909710981433E-4,-2.94364968429937E-4,8.42940540980837E-4
1.48890680708181,-2.85564409138176E-4,-2.91832027468596E-4,7.98984471834346E-4
1.48909597069597,-3.11195045984457E-4,-2.89299086507256E-4,8.35597122984255E-4
1.48928513431013,-3.02355414852339E-4,-2.86766145545915E-4,8.27398425762244E-4
1.4894742979243,-2.81193936901992E-4,-2.84233204584574E-4,8.03181327676535E-4
1.48966346153846,-2.85607438563144E-4,-2.81700263623233E-4,8.12211703085776E-4
1.48985262515262,-2.99992154083541E-4,-2.79167322661893E-4,8.34204656512034E-4
1.49004178876679,-2.64266964945105E-4,-2.76634381700552E-4,7.91054733881811E-4
1.49023095238095,-2.61018867803953E-4,-2.74101440739211E-4,7.90125030848057E-4
1.49042011599512,-2.65787047229472E-4,-2.71568499777871E-4,7.99616487350973E-4
1.49060927960928,-2.97197301311107E-4,-2.6903555881653E-4,8.43742640906842E-4
1.49079844322344,-2.8222249433978E-4,-2.66502617855189E-4,8.27568215093861E-4
1.49098760683761,-2.50199094402487E-4,-2.63969676893849E-4,7.89230618425122E-4
1.49117677045177,-2.45208696901512E-4,-2.61436735932508E-4,7.86035924923597E-4
1.49136593406593,-2.11902913105118E-4,-2.58903794971167E-4,7.46031229238028E-4
1.4915550976801,-2.20048445182251E-4,-2.56370854009827E-4,7.59913244188043E-4
1.49174426129426,-2.49220251183095E-4,-2.54322161638998E-4,8.00499892071219E-4
1.49193342490842,-2.56572262905936E-4,-2.51698655088524E-4,8.13468065826528E-4
1.49212258852259,-2.5782889883542E-4,-2.49085747353419E-4,8.18498472590494E-4
1.49231175213675,-2.41932191091311E-4,-2.4702425537956E-4,8.00512692089169E-4
1.49250091575092,-2.43876512821777E-4,-2.44636456436473E-4,8.06144448964788E-4
1.49269007936508,-2.3438062189028E-4,-2.4214582933703E-4,7.97037605983117E-4
1.49287924297924,-2.40084214462716E-4,-2.39818979175922E-4,8.07477181536724E-4
1.49306840659341,-2.11977457262608E-4,-2.37643160540305E-4,7.73766961402887E-4
1.49325757020757,-2.52092270546152E-4,-2.35437847905821E-4,8.28783125096324E-4
1.49344673382173,-2.60862064379836E-4,-2.33133353650612E-4,8.43179699611884E-4
1.4936358974359,-2.16549037081041E-4,-2.30930608299167E-4,7.88436333080328E-4
1.49382506105006,-2.28843462276641E-4,-2.2908688416231E-4,8.06815927212523E-4
1.49401422466422,-2.19901818579777E-4,-2.27404274098753E-4,7.97379183489224E-4
1.49420338827839,-2.21404395036241E-4,-2.25811854060069E-4,8.01402678932916E-4
1.49439255189255,-2.18911237454755E-4,-2.24361138186209E-4,8.00047504713003E-4
1.49458171550672,-2.15963110177491E-4,-2.23027919483783E-4,7.97948123565713E-4
1.49477087912088,-2.12403181036384E-4,-2.21520700622543E-4,7.95279600201885E-4
1.49496004273504,-1.9909655999886E-4,-2.1998991215422E-4,7.79971017861925E-4
1.49514920634921,-1.94118249444191E-4,-2.18437160224962E-4,7.75517791648891E-4
1.49533836996337,-1.95686926789341E-4,-2.16916830484939E-4,7.79533500859614E-4
1.49552753357753,-1.61744235101845E-4,-2.15212703924201E-4,7.3762336619483E-4
1.4957166971917,-1.86387163523975E-4,-2.1323897805898E-4,7.72225016768387E-4
1.49590586080586,-1.94790184456588E-4,-2.11206352544382E-4,7.8579135714976E-4
1.49609502442002,-1.87605176737386E-4,-2.09291351894814E-4,7.78940347959236E-4
1.49628418803419,-1.76184050847282E-4,-2.07045412259377E-4,7.67012605828169E-4
1.49647335164835,-1.51866244048424E-4,-2.04522739223877E-4,7.38678931935804E-4
1.49666251526252,-1.98027485589667E-4,-2.01893967785958E-4,8.02105948808714E-4
1.49685167887668,-2.1029482923185E-4,-1.989369286976E-4,8.21897646358418E-4
1.49704084249084,-1.79328518045918E-4,-1.96200909965897E-4,7.85198266167919E-4
1.49723000610501,-1.73392934812193E-4,-1.93377607097174E-4,7.81152301693418E-4
1.49741916971917,-1.86819870319046E-4,-1.90446296496911E-4,8.02418021632668E-4
1.49760833333333,-1.70707433416052E-4,-1.87311879057268E-4,7.85546596330313E-4
1.4977974969475,-1.48803126252783E-4,-1.84239664936418E-4,7.61064875375167E-4
1.49798666056166,-1.39680937785536E-4,-1.81183207601324E-4,7.53179424903367E-4
1.49817582417582,-1.71602890528712E-4,-1.77965426074986E-4,7.98861079453737E-4
1.49836498778999,-1.77401613523532E-4,-1.74672606913725E-4,8.10680084256641E-4
1.49855415140415,-1.74573970573293E-4,-1.7141558420136E-4,8.11238277947405E-4
1.49874331501831,-1.60151342210345E-4,-1.68176323991661E-4,7.96699899348182E-4
1.49893247863248,-1.38495630785972E-4,-1.64851635314494E-4,7.72869569776814E-4
1.49912164224664,-1.31087088785883E-4,-1.61635050555738E-4,7.67420025363081E-4
1.49931080586081,-1.43922302950528E-4,-1.58371169264841E-4,7.88348849455287E-4
1.49949996947497,-1.3408324509163E-4,-1.55247383247209E-4,7.7961899606164E-4
1.49968913308913,-1.21934163228992E-4,-1.5296457288074E-4,7.66792843116619E-4
1.4998782967033,-1.40446274618921E-4,-1.50920947510144E-4,7.93515300905303E-4
1.50006746031746,-1.23662666167498E-4,-1.49579415418629E-4,7.73440601637422E-4
1.50025662393162,-1.18247725339751E-4,-1.48839282576405E-4,7.67363351256242E-4
1.50044578754579,-1.3819150118563E-4,-1.48557411408466E-4,7.93656692374206E-4
1.50063495115995,-1.06386682893418E-4,-1.48846386807723E-4,7.51934760575296E-4
1.50082411477411,-1.33282568384843E-4,-1.49816283149741E-4,7.85638546469524E-4
1.50101327838828,-9.10380286547424E-5,-1.5166553495136E-4,7.28316617478289E-4
1.50120244200244,-1.05459460183853E-4,-1.5369782680495E-4,7.44422499056466E-4
1.50139160561661,-1.34064183185603E-4,-1.56085337767541E-4,7.78504874707373E-4
1.50158076923077,-1.46132675184693E-4,-1.58789546074101E-4,7.90678443507661E-4
1.50176993284493,-1.21733584549015E-4,-1.61544431545051E-4,7.55378274569046E-4
1.5019590964591,-1.14456759647098E-4,-1.63963292300637E-4,7.42773883214292E-4
1.50214826007326,-1.33364299167209E-4,-1.66309658882855E-4,7.64303408033552E-4
1.50233742368742,-1.0337591387968E-4,-1.68729001201784E-4,7.22173362145157E-4
1.50252658730159,-9.79649439397259E-5,-1.70909239151973E-4,7.12304791887971E-4
1.50271575091575,-1.11571184552207E-4,-1.72400635436402E-4,7.28054089514438E-4
1.50290491452991,-9.86397961831845E-5,-1.73404744836432E-4,7.0993794241467E-4
1.50309407814408,-1.11161213966209E-4,-1.73721349256843E-4,7.25804199786067E-4
1.50328324175824,-1.04324430004551E-4,-1.73741657448058E-4,7.16889979987333E-4
1.50347240537241,-9.78493287303662E-5,-1.73127166126314E-4,7.0927118704916E-4
1.50366156898657,-1.11880442035396E-4,-1.72080853412043E-4,7.28871840874251E-4
1.50385073260073,-1.04607278371528E-4,-1.70562276163361E-4,7.21390878534509E-4
1.5040398962149,-9.1222909576922E-5,-1.68793260931463E-4,7.06290918902989E-4
1.50422905982906,-8.35982061300799E-5,-1.66559883828574E-4,6.9928219465585E-4
1.50441822344322,-8.80556255913892E-5,-1.64104457266845E-4,7.082688944858E-4
1.50460738705739,-7.98001877323253E-5,-1.61527849717931E-4,7.00886415082605E-4
1.50479655067155,-8.1564542363205E-5,-1.58723923988774E-4,7.06825179550653E-4
1.50498571428571,-7.18982245349583E-5,-1.55680561303767E-4,6.98215337864441E-4
1.50517487789988,-6.78784497145627E-5,-1.52878397074608E-4,6.96632444095833E-4
1.50536404151404,-7.0540582347411E-5,-1.49945443998273E-4,7.03906055517771E-4
1.50555320512821,-8.01147812084249E-5,-1.47132119128135E-4,7.20009836368269E-4
1.50574236874237,-6.18095198002789E-5,-1.44477152090221E-4,6.99664453686968E-4
1.50593153235653,-8.38984411896784E-5,-1.41926347986833E-4,7.31696096827591E-4
1.5061206959707,-1.02989305319304E-4,-1.39508536128132E-4,7.59657375612415E-4
1.50630985958486,-1.01108137735064E-4,-1.37390283500819E-4,7.5996558616841E-4
1.50649902319902,-6.80006370606015E-5,-1.35488391756826E-4,7.19398294558801E-4
1.50668818681319,-9.00765135073644E-5,-1.33492942243016E-4,7.50691018307545E-4
1.50687735042735,-7.92689833796741E-5,-1.31467860755104E-4,7.39273835075833E-4
1.50706651404151,-6.05100254107143E-5,-1.29583485785319E-4,7.17336877176907E-4
1.50725567765568,-7.5236712531399E-5,-1.27949422607068E-4,7.38605852565522E-4
1.50744484126984,-6.24567798024132E-5,-1.26401484132229E-4,7.24004260035132E-4
1.507634004884,-6.55154369469256E-5,-1.25060263221296E-4,7.29724101507211E-4
1.50782316849817,-6.17857284100783E-5,-1.23699142272227E-4,7.26644937643099E-4
1.50801233211233,-6.28989303386186E-5,-1.2223466417852E-4,7.2999592167202E-4
1.5082014957265,-4.64724905551587E-5,-1.20689320849263E-4,7.10650496281557E-4
1.50839065934066,-5.62416156518892E-5,-1.1917418671646E-4,7.2532003327995E-4
1.50857982295482,-6.28135844486746E-5,-1.1782511741166E-4,7.35617382812012E-4
1.50876898656899,-5.60178277156684E-5,-1.16542760324882E-4,7.28449963271914E-4
1.50895815018315,-5.38754158106334E-5,-1.15287243639793E-4,7.27296999485985E-4
1.50914731379731,-7.88345098287302E-5,-1.14007348461642E-4,7.61407685441106E-4
1.50933647741148,-8.15531175601475E-5,-1.12977283984137E-4,7.66280959312706E-4
1.50952564102564,-9.51907000349559E-5,-1.11684711492321E-4,7.85690160769317E-4
1.5097148046398,-1.11706773206969E-4,-1.10341559944453E-4,8.08907152905164E-4
1.50990396825397,-1.28199676154318E-4,-1.09190764939263E-4,8.31843960243463E-4
1.51009313186813,-1.4748628274761E-4,-1.08041217775568E-4,8.58410960127547E-4
1.5102822954823,-1.74091072557491E-4,-1.07062547010652E-4,8.94269458874783E-4
1.51047145909646,-1.86367086361144E-4,-1.0607368619548E-4,9.11513795879255E-4
1.51066062271062,-1.9219777628888E-4,-1.05069987357835E-4,9.20398501274251E-4
1.51084978632479,-2.01220253068049E-4,-1.0396996678536E-4,9.33557747831387E-4
1.51103894993895,-1.78184935453593E-4,-1.02847395230989E-4,9.05071177953278E-4
1.51122811355311,-1.6830023629794E-4,-1.01844359025815E-4,8.93525016117655E-4
1.51141727716728,-1.76396361092134E-4,-1.00971929471495E-4,9.05184136770722E-4
1.51160644078144,-1.43748653902935E-4,-1.0004644936831E-4,8.63945241558905E-4
1.5117956043956,-1.20603041444795E-4,-9.93379397154663E-5,8.34777007912019E-4
1.51198476800977,-9.57391094959491E-5,-9.84275852563822E-5,8.03637357175329E-4
1.51217393162393,-7.1039086445089E-5,-9.75949462117345E-5,7.72609757967253E-4
1.5123630952381,-3.99375436254913E-5,-9.67407942571265E-5,7.33288149842766E-4
1.51255225885226,3.59392223489043E-6,-9.61560704777774E-5,6.77457385137424E-4
1.51274142246642,4.73221752464591E-5,-9.56696548800302E-5,6.21242996499456E-4
1.51293058608059,7.6092413265977E-5,-9.48949614334323E-5,5.8484878855466E-4
1.51311974969475,8.68123877517933E-5,-9.42315969111726E-5,5.71775195602037E-4
1.51330891330891,9.33565355326674E-5,-9.36737451633379E-5,5.63993010759085E-4
1.51349807692308,1.19286838435425E-4,-9.32215759957068E-5,5.3087143690342E-4
1.51368724053724,1.37543284012178E-4,-9.27290443438917E-5,5.07778348801002E-4
1.5138764041514,1.31996447852941E-4,-9.23629003474831E-5,5.15465223003341E-4
1.51406556776557,1.45269301821226E-4,-9.21300712273192E-5,4.98513190700783E-4
1.51425473137973,1.78988153409436E-4,-9.19521276647047E-5,4.54910010267509E-4
1.5144438949939,1.65316298664823E-4,-9.1740706787171E-5,4.72958268576301E-4
1.51463305860806,1.85407729239001E-4,-9.15813609485767E-5,4.47046558420042E-4
1.51482222222222,1.88093749606657E-4,-9.15639430931167E-5,4.43577375154187E-4
1.51501138583639,1.99653249444058E-4,-9.16877373059166E-5,4.28389092888926E-4
1.51520054945055,1.81207429614887E-4,-9.19863222667808E-5,4.51980498217724E-4
1.51538971306471,1.66775875154082E-4,-9.23840651283079E-5,4.70224453296786E-4
1.51557887667888,1.07275075397152E-4,-9.28078235812974E-5,5.47024606991907E-4
1.51576804029304,2.56798863477863E-5,-9.33943715313571E-5,6.52335840421006E-4
1.5159572039072,-2.0250576910556E-5,-9.40698218174795E-5,7.11167357284892E-4
1.51614636752137,-9.96030990954138E-5,-9.46746431628502E-5,8.13539368376225E-4
1.51633553113553,-2.31331789821642E-4,-9.52597868692255E-5,9.84025979502033E-4
1.51652469474969,-3.28474600257944E-4,-9.5950743492369E-5,0.00110941338945914
1.51671385836386,-4.21621596871608E-4,-9.64178057209747E-5,0.00122989730415972
1.51690302197802,-5.22414259900561E-4,-9.69852532230443E-5,0.00136019008434466
1.51709218559219,-6.33588747192099E-4,-9.72756069080178E-5,0.0015043394580332
1.51728134920635,-6.97497539479077E-4,-9.77628913661865E-5,0.00158678741821065
1.51747051282051,-7.42163703206779E-4,-9.81349031307069E-5,0.00164436981576279
1.51765967643468,-7.89132410656656E-4,-9.81488209376496E-5,0.0017054110422986
1.51784884004884,-8.0243095169817E-4,-9.79763550968672E-5,0.00172292335124559
1.518038003663,-7.81087637927434E-4,-9.78100079078476E-5,0.00169539329468935
1.51822716727717,-7.53562783330374E-4,-9.76608655122219E-5,0.00165980486882749
1.51841633089133,-7.1865999037376E-4,-9.73434306565102E-5,0.00161484390329632
1.51860549450549,-6.49212338925255E-4,-9.7168529449525E-5,0.00152478932798234
1.51879465811966,-5.76821508510948E-4,-9.6912168848463E-5,0.00143101451722512
1.51898382173382,-4.87458194319547E-4,-9.65477265343104E-5,0.0013153159837847
1.51917298534799,-3.88627615225679E-4,-9.62724718494327E-5,0.00118719406205301
1.51936214896215,-3.17690012832943E-4,-9.59136707360708E-5,0.00109544162038983
1.51955131257631,-2.11751954503155E-4,-9.54916959346731E-5,9.58270711802919E-4
1.51974047619048,-1.24325551368993E-4,-9.50814793707541E-5,8.45149669261603E-4
1.51992963980464,-3.2323473580241E-5,-9.45119086975242E-5,7.26287410011424E-4
1.5201188034188,1.24947101807031E-5,-9.39797739038503E-5,6.68715546353973E-4
1.52030796703297,8.60940731436799E-5,-9.34274124947803E-5,5.73754444333894E-4
1.52049713064713,1.45123596017776E-4,-9.28499156161639E-5,4.9776681053977E-4
1.52068629426129,1.81665506501656E-4,-9.22653022377504E-5,4.51022324302664E-4
1.52087545787546,2.03736543065189E-4,-9.18666802462262E-5,4.22848185359052E-4
1.52106462148962,1.98505308154734E-4,-9.1398847927777E-5,4.30256972756628E-4
1.52125378510379,1.93605674047927E-4,-9.08510744064031E-5,4.37338602673263E-4
1.52144294871795,1.90339930068818E-4,-9.02925956499232E-5,4.42310092229529E-4
1.52163211233211,1.78723137941314E-4,-8.96119432790272E-5,4.58296770077449E-4
1.52182127594628,1.72805426581354E-4,-8.8819033664084E-5,4.67020577344822E-4
1.52201043956044,1.50580063116137E-4,-8.81116374477807E-5,4.968331649308E-4
1.5221996031746,1.13453673754295E-4,-8.71624850914111E-5,5.46331369164474E-4
1.52238876678877,9.79542343254084E-5,-8.60735340238005E-5,5.67896276809921E-4
1.52257793040293,6.42046204189925E-5,-8.49197109143303E-5,6.13270744930573E-4
1.52276709401709,7.54348196320116E-5,-8.39473521555712E-5,5.99935552340035E-4
1.52295625763126,4.90916331218151E-5,-8.27842810230453E-5,6.35693687275574E-4
1.52314542124542,4.00056254935105E-5,-8.15479674330229E-5,6.49112704859399E-4
1.52333458485959,2.92257090783321E-5,-8.03730247535971E-5,6.64654021682384E-4
1.52352374847375,1.94887822960108E-5,-7.91031475542178E-5,6.78962866858595E-4
1.52371291208791,1.74458626643997E-5,-7.79725698803084E-5,6.83088413355772E-4
1.52390207570208,1.27032371085391E-5,-7.68071510207337E-5,6.90768871095838E-4
1.52409123931624,1.20550284080957E-6,-7.57442126187657E-5,7.07097745566444E-4
1.5242804029304,7.6814463970549E-6,-7.47458198402104E-5,6.99976929555447E-4
1.52446956654457,1.25903787384142E-6,-7.39153337706776E-5,7.09405692526018E-4
1.52465873015873,-1.12413399704298E-5,-7.30102268143042E-5,7.26832822766855E-4
1.52484789377289,-2.45934509828688E-5,-7.21505906283105E-5,7.45308094124818E-4
1.52503705738706,-1.9687268740009E-5,-7.13000350177761E-5,7.40035779502795E-4
1.52522622100122,-2.12221389989598E-5,-7.04585919945354E-5,7.43124986769644E-4
1.52541538461538,-3.58364316091855E-5,-6.95172040037767E-5,7.63347371550924E-4
1.52560454822955,-3.10623744456959E-5,-6.86374324922362E-5,7.5828480020339E-4
1.52579371184371,-3.11831496942933E-5,-6.77551730720248E-5,7.59588745272841E-4
1.52598287545788,-1.97630911936539E-5,-6.67526913506417E-5,7.46045895459808E-4
1.52617203907204,-3.22708972846748E-5,-6.5632086578644E-5,7.63762829581732E-4
1.5263612026862,-5.25491177791601E-5,-6.43794062518518E-5,7.91753000649393E-4
1.52655036630037,-5.2309195641843E-5,-6.29415342678402E-5,7.93310335450096E-4
1.52673952991453,-4.72787362174839E-5,-6.14634639349151E-5,7.88692229631232E-4
1.52692869352869,-2.7859592284319E-5,-5.99728261845412E-5,7.65385171593603E-4
1.52711785714286,-2.04434452388169E-5,-5.85111043420329E-5,7.57644418829712E-4
1.52730702075702,-2.75773689141829E-5,-5.71349142757928E-5,7.68707566693799E-4
1.52749618437118,-4.4932795655508E-5,-5.5799819172048E-5,7.9300524509239E-4
1.52768534798535,-3.74298291446502E-5,-5.44501148845198E-5,7.85006004202062E-4
1.52787451159951,-4.05890844655779E-5,-5.33000361230965E-5,7.90608138509118E-4
1.52806367521368,-3.07165510205894E-5,-5.23023214327387E-5,7.79070874128098E-4
1.52825283882784,-5.24089078218293E-5,-5.14395210527674E-5,8.08392578463673E-4
1.528442002442,-4.15451924994233E-5,-5.07206707939796E-5,7.95204253880969E-4
1.52863116605617,-7.61962845785792E-5,-5.0216968598983E-5,8.40905486437367E-4
1.52882032967033,-6.86891768336583E-5,-5.00051693136332E-5,8.31421585439925E-4
1.52900949328449,-6.5554906221417E-5,-5.00216172684577E-5,8.27325651302739E-4
1.52919865689866,-9.68594959254484E-5,-5.0156242576767E-5,8.67846605017178E-4
1.52938782051282,-8.39358691661777E-5,-5.03560117337176E-5,8.5078619032609E-4
1.52957698412698,-9.60720071472798E-5,-5.05983418610628E-5,8.66248140535974E-4
1.52976614774115,-1.02596957858666E-4,-5.10325982212734E-5,8.74166043192502E-4
1.52995531135531,-1.08096810030186E-4,-5.15961332824281E-5,8.80583255435978E-4
1.53014447496948,-1.08989346704749E-4,-5.21175771656911E-5,8.81065676064667E-4
1.53033363858364,-1.09252588578458E-4,-5.26962046811554E-5,8.80655674730385E-4
1.5305228021978,-1.35449920470458E-4,-5.34773339633561E-5,9.13696738123125E-4
1.53071196581197,-1.50153475123894E-4,-5.41903955508013E-5,9.31884379108913E-4
1.53090112942613,-1.71595517289643E-4,-5.50405537402713E-5,9.58653828278075E-4
1.53109029304029,-1.81320152599122E-4,-5.58882427588292E-5,9.70193858456273E-4
1.53127945665446,-1.89553659093754E-4,-5.67748449648741E-5,9.79744834031436E-4
1.53146862026862,-1.99101118107014E-4,-5.75374015535948E-5,9.91165207183337E-4
1.53165778388278,-2.16384998411728E-4,-5.82169184466255E-5,0.00101275087961853
1.53184694749695,-2.3438294455184E-4,-5.85356873304358E-5,0.00103573381005172
1.53203611111111,-2.37436162155928E-4,-5.83500624399405E-5,0.00103994430529468
1.53222527472527,-2.43870724677315E-4,-5.78946447649576E-5,0.00104890127954996
1.53241443833944,-2.23722239957674E-4,-5.68930418125896E-5,0.0010240103332525
1.5326036019536,-2.36401307897284E-4,-5.51869852108769E-5,0.00104271099515622
1.53279276556777,-2.18059142277211E-4,-5.28358355293298E-5,0.00102192267443614
1.53298192918193,-2.03420205747321E-4,-4.9968937337983E-5,0.00100661902459603
1.53317109279609,-1.82933048515304E-4,-4.64042809716449E-5,9.84619773470649E-4
1.53336025641026,-1.74363671001582E-4,-4.21404497012188E-5,9.79022563354364E-4
1.53354942002442,-1.69073471916843E-4,-3.74625755887741E-5,9.78226540890382E-4
1.53373858363858,-1.36444128172807E-4,-3.24963734433113E-5,9.42264456812237E-4
1.53392774725275,-1.16641016410901E-4,-2.73059846664484E-5,9.23267916931681E-4
1.53411691086691,-9.32882152266611E-5,-2.2015279983563E-5,8.9978719147992E-4
1.53430607448107,-8.8953409995108E-5,-1.68044671374785E-5,9.00926001378811E-4
1.53449523809524,-7.90829388405104E-5,-1.18023244190399E-5,8.94597174411804E-4
1.5346844017094,-7.34678074852103E-5,-6.96438372257161E-6,8.93586826555323E-4
1.53487356532357,-5.41272811581234E-5,-2.5300924956947E-6,8.7420872092505E-4
1.53506272893773,-4.92515488321096E-5,1.51703869345237E-6,8.73131539447123E-4
1.53525189255189,-5.15712450690949E-5,5.02325319658158E-6,8.80705223409272E-4
1.53544105616606,-4.98062235813395E-5,7.97955907439594E-6,8.82253893116348E-4
1.53563021978022,-3.21667389655304E-5,1.05418785780225E-5,8.62653578470511E-4
1.53581938339438,-2.77022963002124E-5,1.24913414691495E-5,8.59384104764063E-4
1.53600854700855,-1.44838569130844E-5,1.3991995555782E-5,8.44150983873419E-4
1.53619771062271,-1.36122286532899E-5,1.49451932141666E-5,8.44257024091586E-4
1.53638687423687,3.23089137404457E-6,1.56120317195809E-5,8.23227858113089E-4
1.53657603785104,1.51537601133192E-5,1.58356154731397E-5,8.08018787631659E-4
1.5367652014652,1.19132621173141E-5,1.58061627450813E-5,8.1219314647999E-4
1.53695436507937,-1.16358271816836E-5,1.5671963041798E-5,8.42632502954418E-4
1.53714352869353,-1.56521590838853E-6,1.54143978957308E-5,8.29205873609247E-4
1.53733269230769,2.17710476199867E-5,1.5237212630468E-5,7.98638390177518E-4
1.53752185592186,2.76214176434862E-5,1.51563281432263E-5,7.90927759313554E-4
1.53771101953602,4.58509730758094E-5,1.50885762420921E-5,7.6714125978006E-4
1.53790018315018,5.54727629468724E-5,1.51257027792662E-5,7.54681197446004E-4
1.53808934676435,5.91552331875708E-5,1.52757633644944E-5,7.50089064893893E-4
1.53827851037851,7.84066117495348E-5,1.55799217563909E-5,7.25457678672805E-4
1.53846767399267,8.32213272421101E-5,1.61393219830709E-5,7.19925768827141E-4
1.53865683760684,9.61956139843422E-5,1.67973609362343E-5,7.03914646701352E-4
1.538846001221,9.82727106871892E-5,1.76723216191443E-5,7.02351869875434E-4
1.53903516483517,1.08808650154566E-4,1.85772637751359E-5,6.89831573370633E-4
1.53922432844933,1.32140640514161E-4,1.95845358135823E-5,6.60809439553139E-4
1.53941349206349,1.40405172771105E-4,2.06537593641913E-5,6.51455538234905E-4
1.53960265567766,1.4191228856246E-4,2.18055639998266E-5,6.50993633732469E-4
1.53979181929182,1.30872002436092E-4,2.30833599118138E-5,6.6700714038233E-4
1.53998098290598,1.33771188040352E-4,2.43160373868773E-5,6.64840679814376E-4
1.54017014652015,1.19976738326449E-4,2.56486435047838E-5,6.84505852395727E-4
1.54035931013431,1.07826234794342E-4,2.69785595320957E-5,7.02030397822972E-4
1.54054847374847,9.55406273349503E-5,2.83138006561609E-5,7.19737500981466E-4
1.54073763736264,9.85316738879472E-5,2.96849358223355E-5,7.17631616178597E-4
1.5409268009768,8.4184203356262E-5,3.11313450544831E-5,7.3816365987158E-4
1.54111596459096,8.94271816857075E-5,3.26554360363404E-5,7.33329106319715E-4
1.54130512820513,9.00113411635298E-5,3.41448354158342E-5,7.34505918191888E-4
1.54149429181929,8.21428365910086E-5,3.56696236889711E-5,7.46717198891243E-4
1.54168345543346,6.88878109132702E-5,3.72749983045161E-5,7.66035719272512E-4
1.54187261904762,5.56756608211978E-5,3.88859140077023E-5,7.85305704806348E-4
1.54206178266178,5.97176011495457E-5,4.04869971020949E-5,7.82132590402206E-4
1.54225094627595,6.34237398572839E-5,4.20083660373369E-5,7.79292389697961E-4
1.54244010989011,6.67220531338563E-5,4.36157405528525E-5,7.77094169308587E-4
1.54262927350427,7.17850367085007E-5,4.53498359112688E-5,7.72766614627491E-4
1.54281843711844,6.63829405690438E-5,4.71104015747031E-5,7.82078074971249E-4
1.5430076007326,6.27012790250561E-5,4.88659868440125E-5,7.89146495828536E-4
1.54319676434676,4.87341820008748E-5,5.05024400687241E-5,8.09431111152096E-4
1.54338592796093,5.7143565873453E-5,5.21489421291749E-5,8.00639364796331E-4
1.54357509157509,6.00010264424236E-5,5.38981830357278E-5,7.99198679235188E-4
1.54376425518926,5.44030720751897E-5,5.57059803352351E-5,8.08826156401951E-4
1.54395341880342,5.29148143004404E-5,5.74447728327663E-5,8.13021321755916E-4
1.54414258241758,5.00061706063978E-5,5.91727723766676E-5,8.19048957965243E-4
1.54433174603175,5.17997554791459E-5,6.09196277063428E-5,8.18988209559248E-4
1.54452090964591,5.18843078076219E-5,6.28151038571681E-5,8.21342410528302E-4
1.54471007326007,4.61955317189277E-5,6.46485002333557E-5,8.31121234732649E-4
1.54489923687424,3.98116000297069E-5,6.67096496534212E-5,8.42099840174721E-4
1.5450884004884,4.45095749714655E-5,6.87631814050165E-5,8.38662064027509E-4
1.54527756410256,5.30714855450782E-5,7.08920859992022E-5,8.30299156254253E-4
1.54546672771673,5.26518619132461E-5,7.31384717229565E-5,8.33764968416516E-4
1.54565589133089,5.19180837566315E-5,7.52483202544375E-5,8.3746168311104E-4
1.54584505494506,4.50290008394144E-5,7.74989804355721E-5,8.49343349138897E-4
1.54603421855922,4.11787885547271E-5,7.98101785670539E-5,8.57353182679917E-4
1.54622338217338,4.2829543814965E-5,8.22119572951657E-5,8.58329513188153E-4
1.54641254578755,4.63239966768371E-5,8.46350130868434E-5,8.569366969969E-4
1.54660170940171,4.54150461531248E-5,8.70456710484031E-5,8.61252188027754E-4
1.54679087301587,4.33827672116967E-5,8.96291651080158E-5,8.67252692929107E-4
1.54698003663004,4.0030678839636E-5,9.2337111214457E-5,8.7513073775116E-4
1.5471692002442,4.31389274332434E-5,9.51478755845452E-5,8.74744008260584E-4
1.54735836385836,4.80442722103855E-5,9.80543581833062E-5,8.72145487428689E-4
1.54754752747253,5.08102529436481E-5,1.01036837883687E-4,8.72426936085943E-4
1.54773669108669,5.0578486445826E-5,1.04095914071367E-4,8.76705031577095E-4
1.54792585470086,5.27655962656022E-5,1.0727074544654E-4,8.77989069599111E-4
1.54811501831502,5.74217426224801E-5,1.10534910834717E-4,8.761794943398E-4
1.54830418192918,5.76258455115122E-5,1.13836078160301E-4,8.80205678107318E-4
1.54849334554335,7.16710057595133E-5,1.17228721896902E-4,8.66357406642497E-4
1.54868250915751,6.04038890712283E-5,1.2052995565769E-4,8.85296262226293E-4
1.54887167277167,7.35719952866179E-5,1.23876353584191E-4,8.72528041450737E-4
1.54906083638584,6.86179938486914E-5,1.27163211837352E-4,8.83241159049151E-4
1.54925,8.71419787432496E-5,1.30337424185839E-4,8.63286454739258E-4
1.54943916361416,9.55264000507662E-5,1.33345217007078E-4,8.56296837707097E-4
1.54962832722833,1.02418933748956E-4,1.36414384903355E-4,8.51326462164611E-4
1.54981749084249,1.07056863667368E-4,1.39451175301819E-4,8.49244980788678E-4
1.55000665445665,9.84240701868919E-5,1.42314089996255E-4,8.64189401416064E-4
1.55019581807082,1.02279549075242E-4,1.45094069523485E-4,8.62791252246607E-4
1.55038498168498,1.09961358753019E-4,1.47791293798293E-4,8.56311291222748E-4
1.55057414529915,1.01803621522618E-4,1.50541730502332E-4,8.7049191733752E-4
1.55076330891331,1.08627868722321E-4,1.53159194901427E-4,8.6502309969673E-4
1.55095247252747,1.09051460870695E-4,1.55778298964387E-4,8.67877265185692E-4
1.55114163614164,1.15237924833203E-4,1.5830732171725E-4,8.63122591613154E-4
1.5513307997558,1.12104485715548E-4,1.60858896781938E-4,8.705131100502E-4
1.55151996336996,1.16900689880575E-4,1.63397012803207E-4,8.67577595463313E-4
1.55170912698413,1.20466622287201E-4,1.65918857324752E-4,8.66220281212708E-4
1.55189829059829,1.21606199879563E-4,1.68342949474312E-4,8.67890150137066E-4
1.55208745421245,1.32286297445163E-4,1.70772109763047E-4,8.57163931677141E-4
1.55227661782662,1.30673326003514E-4,1.7320730614684E-4,8.62426549850216E-4
1.55246578144078,1.26524094606548E-4,1.75672848179643E-4,8.71025755308916E-4
1.55265494505495,1.24326895002251E-4,1.78012818892664E-4,8.76924076721429E-4
1.55284410866911,1.40087179519782E-4,1.80308136059487E-4,8.59419619165508E-4
1.55303327228327,1.58717357240207E-4,1.82654935467578E-4,8.38251227359474E-4
1.55322243589744,1.59692903087702E-4,1.85079337730573E-4,8.40134740699625E-4
1.5534115995116,1.68206627794788E-4,1.87493327481974E-4,8.32205085257234E-4
1.55360076312576,1.79774426729598E-4,1.898473033987E-4,8.20227115333725E-4
1.55378992673993,1.78754354974875E-4,1.92189630056869E-4,8.24598233270484E-4
1.55397909035409,1.85071775798095E-4,1.94465255204478E-4,8.1934389889219E-4
1.55416825396825,1.98465786655364E-4,1.9667384214025E-4,8.04802847794243E-4
1.55435741758242,2.0259114813044E-4,1.98961812759495E-4,8.02414239681664E-4
1.55454658119658,2.09111112516584E-4,2.01124328999112E-4,7.96749557091178E-4
1.55473574481075,2.10478895316345E-4,2.03207042815199E-4,7.97678967412403E-4
1.55492490842491,2.13822897196605E-4,2.05245429564231E-4,7.95981667741807E-4
1.55511407203907,2.30179928306573E-4,2.07301168656044E-4,7.77389988118204E-4
1.55530323565324,2.21335151696142E-4,2.09326756433889E-4,7.91521461822963E-4
1.5554923992674,2.22842852647646E-4,2.11248493673269E-4,7.92059708997203E-4
1.55568156288156,2.2618430177198E-4,2.13097567307261E-4,7.90119620859756E-4
1.55587072649573,2.37991883245817E-4,2.14931277967356E-4,7.77153588801893E-4
1.55605989010989,2.28233710900263E-4,2.1686624205958E-4,7.92354666171004E-4
1.55624905372405,2.40578883270541E-4,2.18831780889962E-4,7.7886114256914E-4
1.55643821733822,2.28621143511154E-4,2.20920266076691E-4,7.9712123499909E-4
1.55662738095238,2.36007678612195E-4,2.23105763690455E-4,7.9035988626563E-4
1.55681654456655,2.35723151289696E-4,2.25407885817031E-4,7.93722530549428E-4
1.55700570818071,2.36094638726821E-4,2.27697195693751E-4,7.96215699720902E-4
1.55719487179487,2.36026106914734E-4,2.30042286685895E-4,7.99353409366402E-4
1.55738403540904,2.35000025153431E-4,2.32388987305204E-4,8.03738026461198E-4
1.5575731990232,2.39516655707441E-4,2.34773167267629E-4,8.00965840692137E-4
1.55776236263736,2.38682627649016E-4,2.37228976282725E-4,8.05242628887714E-4
1.55795152625153,2.44404210799145E-4,2.39787534031345E-4,8.01130695865753E-4
1.55814068986569,2.42602059446832E-4,2.42427686872708E-4,8.06905691317532E-4
1.55832985347985,2.40390996732737E-4,2.4508678088519E-4,8.13236895062081E-4
1.55851901709402,2.42590144868492E-4,2.47719480317673E-4,8.13800511747828E-4
1.55870818070818,2.43981188510023E-4,2.50377416238148E-4,8.15447471710455E-4
1.55889734432234,2.48747532805423E-4,2.53010751611452E-4,8.1267456011173E-4
1.55908650793651,2.52926344834427E-4,2.55670524718922E-4,8.10699809513736E-4
1.55927567155067,2.51973909141361E-4,2.58378342548882E-4,8.15458139093669E-4
1.55946483516484,2.61108407098272E-4,2.61189322303146E-4,8.07237565430229E-4
1.559653998779,2.71542826106372E-4,2.63969683225777E-4,7.97287289919118E-4
1.55984316239316,2.64200542560234E-4,2.66730601763985E-4,8.10421452628769E-4
1.56003232600733,2.5990368793318E-4,2.69589797542264E-4,8.19724318155702E-4
1.56022148962149,2.54898837541552E-4,2.72759927556409E-4,8.30351792683206E-4
1.56041065323565,2.67995710353863E-4,2.76204805275255E-4,8.17804199061702E-4
1.56059981684982,2.71717513969291E-4,2.79615430141471E-4,8.17399666687725E-4
1.56078898046398,2.71965587828671E-4,2.83115965230336E-4,8.21627866286056E-4
1.56097814407814,2.76260266252607E-4,2.86623763500975E-4,8.20604922086771E-4
1.56116730769231,2.82464752689141E-4,2.90189165646723E-4,8.17174112508748E-4
1.56135647130647,2.98487779384337E-4,2.93675615090115E-4,8.00876562081404E-4
1.56154563492064,2.87272462836545E-4,2.97051802474074E-4,8.1984551719268E-4
1.5617347985348,2.76848229717076E-4,3.00112760312471E-4,8.37376265437905E-4
1.56192396214896,2.88790883826736E-4,3.03092654767328E-4,8.25724677886662E-4
1.56211312576313,2.92617922624714E-4,3.06109709143856E-4,8.24671698138777E-4
1.56230228937729,3.02607352476938E-4,3.09195858398718E-4,8.15697433362206E-4
1.56249145299145,3.05353193672126E-4,3.12275283292758E-4,8.16131092170713E-4
1.56268061660562,3.02969922848263E-4,3.15321460235527E-4,8.23189374267336E-4
1.56286978021978,3.06327563723308E-4,3.18365577746826E-4,8.22781793894465E-4
1.56305894383394,3.12905309077543E-4,3.21433572584679E-4,8.18219118223169E-4
1.56324810744811,3.09045189995446E-4,3.24569713433029E-4,8.27314256132751E-4
1.56343727106227,3.15688371789013E-4,3.27718658817805E-4,8.22771748801321E-4
1.56362643467644,3.20450369671319E-4,3.30826993338486E-4,8.2062198643121E-4
1.5638155982906,3.24000909986287E-4,3.33889517280372E-4,8.19987565146202E-4
1.56400476190476,3.2651116674284E-4,3.36983802947772E-4,8.20746802730304E-4
1.56419392551893,3.23789336826402E-4,3.40087888771603E-4,8.28320493192654E-4
1.56438308913309,3.2706345051898E-4,3.43164950792043E-4,8.28064326018873E-4
1.56457225274725,3.36271354281452E-4,3.46276452028872E-4,8.20139002735538E-4
1.56476141636142,3.40788733137118E-4,3.49316574918677E-4,8.18218569979918E-4
1.56495057997558,3.35832737534288E-4,3.52455183814137E-4,8.28741555827696E-4
1.56513974358974,3.43993619013355E-4,3.55551693216836E-4,8.22157872128418E-4
1.56532890720391,3.39370105843921E-4,3.5867202547158E-4,8.32224871179848E-4
1.56551807081807,3.3139952391658E-4,3.61680638664766E-4,8.46497824836534E-4
1.56570723443224,3.50464039261915E-4,3.64673820205783E-4,8.2560509089092E-4
1.5658963980464,3.50217686220354E-4,3.67671333093781E-4,8.29822116599348E-4
1.56608556166056,3.53114284575752E-4,3.70636569498273E-4,8.2991134606317E-4
1.56627472527473,3.5873548274547E-4,3.73638780775528E-4,8.26506663102968E-4
1.56646388888889,3.67937135765572E-4,3.76676766857484E-4,8.18493896083377E-4
1.56665305250305,3.8137126639554E-4,3.79721383958564E-4,8.04987528495824E-4
1.56684221611722,3.68503473404688E-4,3.82806475351679E-4,8.2572627819498E-4
1.56703137973138,3.74398987280999E-4,3.85852670906948E-4,8.22022164377627E-4
1.56722054334554,3.78335609581504E-4,3.88949403877425E-4,8.2093030824859E-4
1.56740970695971,3.87067787229515E-4,3.91993179949235E-4,8.13535386199528E-4
1.56759887057387,3.82446594567818E-4,3.95079432221568E-4,8.23555064613768E-4
1.56778803418803,3.81429189602822E-4,3.98176858312835E-4,8.28904344986909E-4
1.5679771978022,3.82353018609248E-4,4.01238267344591E-4,8.31683199019838E-4
1.56816636141636,3.87684113073499E-4,4.04307386084746E-4,8.28742630578512E-4
1.56835552503053,4.01934724715546E-4,4.07319876345024E-4,8.14133072782213E-4
1.56854468864469,4.07995458956087E-4,4.10350240890816E-4,8.1019359217904E-4
1.56873385225885,4.0336588330058E-4,4.13445085000101E-4,8.2023533787327E-4
1.56892301587302,4.07652995639954E-4,4.16555575378564E-4,8.18705729324085E-4
1.56911217948718,4.13215960900995E-4,4.19592160316108E-4,8.15421434903539E-4
1.56930134310134,4.02936959790452E-4,4.22605551789972E-4,8.32701545263269E-4
1.56949050671551,4.1122703158116E-4,4.25621122854246E-4,8.25844694318905E-4
1.56967967032967,4.24300929380197E-4,4.28616164607317E-4,8.12742181459149E-4
1.56986883394383,4.2815927619031E-4,4.31604833199919E-4,8.11611599776383E-4
1.570057997558,4.34982873316916E-4,4.34569239302476E-4,8.06594651445121E-4
1.57024716117216,4.33141128963887E-4,4.37499963479946E-4,8.12798860534768E-4
1.57043632478633,4.50398209078566E-4,4.40373096053575E-4,7.94099728731405E-4
1.57062548840049,4.48196888723898E-4,4.43257085883464E-4,8.00710631971327E-4
1.57081465201465,4.39365389793071E-4,4.46056508833628E-4,8.15830830416617E-4
1.57100381562882,4.44759748068877E-4,4.48905785129396E-4,8.12522223842567E-4
1.57119297924298,4.49804095387116E-4,4.51730570856171E-4,8.09636793773663E-4
1.57138214285714,4.5518416016607E-4,4.54519072922082E-4,8.06267762246708E-4
1.57157130647131,4.60757708448244E-4,4.57410260968798E-4,8.02780693940612E-4
1.57176047008547,4.56596764183593E-4,4.60279407942835E-4,8.11919812550907E-4
1.57194963369963,4.55476811438816E-4,4.63121510105089E-4,8.17070483930047E-4
1.5721387973138,4.61750862206289E-4,4.65897621463288E-4,8.12523162697991E-4
1.57232796092796,4.69878328035813E-4,4.68765638011354E-4,8.05685878632096E-4
1.57251712454213,4.77107705256993E-4,4.71575658405461E-4,7.99940714756901E-4
1.57270628815629,4.81546326748012E-4,4.74410077324168E-4,7.97855251412895E-4
1.57289545177045,4.89203510979521E-4,4.77140094102526E-4,7.91449933723799E-4
1.57308461538462,4.90003662807004E-4,4.80187631517992E-4,7.94371534988178E-4
1.57327377899878,4.8519476301297E-4,4.83235168933458E-4,8.04584903360527E-4
1.57346294261294,4.90712987587508E-4,4.86282706348924E-4,8.01373010053733E-4
1.57365210622711,4.97706114738182E-4,4.8933024376439E-4,7.96243743397963E-4
1.57384126984127,5.0208617817248E-4,4.92377781179855E-4,7.9451145957348E-4
1.57403043345543,5.06401185927266E-4,4.95425318595321E-4,7.92863748132364E-4
1.5742195970696,5.07141796694235E-4,4.98472856010787E-4,7.95862752775409E-4
1.57440876068376,5.14422677284041E-4,5.01520393426253E-4,7.90359406648767E-4
1.57459792429793,5.13615342811797E-4,5.04567930841719E-4,7.9537074010279E-4
1.57478708791209,5.21229095535135E-4,5.07615468257184E-4,7.89434660202556E-4
1.57497625152625,5.22085385543372E-4,5.1066300567265E-4,7.92283281831953E-4
1.57516541514042,5.21204141946518E-4,5.13710543088116E-4,7.9739069714797E-4
1.57535457875458,5.25738127948095E-4,5.16758080503582E-4,7.95458313986025E-4
1.57554374236874,5.29411719980102E-4,5.19805617919048E-4,7.94644442984522E-4
1.57573290598291,5.32585283643319E-4,5.22853155334513E-4,7.94480608862445E-4
1.57592206959707,5.32118096476092E-4,5.25900692749979E-4,7.99049750819946E-4
1.57611123321123,5.43325550160866E-4,5.28948230165445E-4,7.88441859669845E-4
1.5763003968254,5.95007046719132E-4,5.31995767580911E-4,7.25217712784205E-4
1.57648956043956,6.3908026052917E-4,5.35043304996376E-4,6.71884333471261E-4
1.57667872405372,6.35016607601991E-4,5.38090842411842E-4,6.81128880916699E-4
1.57686788766789,6.50475808003521E-4,5.41138379827308E-4,6.64993719034815E-4
1.57705705128205,6.46029035998299E-4,5.44185917242774E-4,6.7473632128171E-4
1.57724621489622,6.49495366952505E-4,5.4723345465824E-4,6.74191889681347E-4
1.57743537851038,6.40692429791616E-4,5.50280992073706E-4,6.89597506630608E-4
1.57762454212454,6.30399528202024E-4,5.53328529489171E-4,7.06940077337184E-4
1.57781370573871,5.76075652279057E-4,5.56376066904637E-4,7.81522914677147E-4
1.57800286935287,5.61480035537197E-4,5.59423604320103E-4,8.0445901508167E-4
1.57819203296703,5.60945299225802E-4,5.62471141735569E-4,8.0911597092659E-4
1.5783811965812,5.68910311136078E-4,5.65518679151035E-4,8.02723254083336E-4
1.57857036019536,5.69411200695733E-4,5.685662165665E-4,8.06033896295889E-4
1.57875952380952,5.67220253890466E-4,5.71613753981966E-4,8.12843925782843E-4
1.57894868742369,5.65959140585181E-4,5.74661291397432E-4,8.18445171719819E-4
1.57913785103785,5.68009884484629E-4,5.77708828812898E-4,8.19741003290642E-4
1.57932701465202,5.76310763907497E-4,5.80756366228363E-4,8.12911658681018E-4
1.57951617826618,5.81608588229861E-4,5.83803903643829E-4,8.09986285702051E-4
1.57970534188034,5.79569475246923E-4,5.86851441059295E-4,8.16598931219976E-4
1.57989450549451,5.74501847006062E-4,5.89898978474761E-4,8.27148646573201E-4
1.58008366910867,5.797013355713E-4,5.92946515890227E-4,8.24351110078497E-4
1.58027283272283,5.83564272140712E-4,5.95994053305692E-4,8.23291091178367E-4
1.580461996337,5.83599348117628E-4,5.99041590721158E-4,8.27207291048481E-4
1.58065115995116,5.89692557009244E-4,6.02089128136624E-4,8.23247918129487E-4
1.58084032356532,5.91532019916165E-4,6.0513666555209E-4,8.24818414990594E-4
1.58102948717949,5.97106010194971E-4,6.08184202967556E-4,8.21534026268252E-4
1.58121865079365,6.03075103148056E-4,6.11231740383021E-4,8.17736004069347E-4
1.58140781440782,6.0219480940995E-4,6.14279277798487E-4,8.22842184568991E-4
1.58159697802198,6.01614834778123E-4,6.17326815213953E-4,8.27557950230471E-4
1.58178614163614,6.07360443564661E-4,6.20374352629419E-4,8.24050457448078E-4
1.58197530525031,6.14993637596649E-4,6.23421890044885E-4,8.18089103846598E-4
1.58216446886447,6.14112288835466E-4,6.2646942746035E-4,8.23196655876242E-4
1.58235363247863,6.1180219859747E-4,6.29516964875816E-4,8.30161571825742E-4
1.5825427960928,6.21775169089692E-4,6.32564502291282E-4,8.21158508825959E-4
1.58273195970696,6.30590883037809E-4,6.35612039706748E-4,8.13659879333512E-4
1.58292112332112,6.29354249745255E-4,6.38659577122213E-4,8.19229301253938E-4
1.58311028693529,6.29527308673302E-4,6.41707114537679E-4,8.22966123287582E-4
1.58329945054945,6.38592798822258E-4,6.44754651953145E-4,8.15142784734046E-4
1.58348861416362,6.35723633112671E-4,6.47802189368611E-4,8.22834498796614E-4
1.58367777777778,6.39853624284564E-4,6.50849726784077E-4,8.21427308913259E-4
1.58386694139194,6.46560551487214E-4,6.53897264199543E-4,8.16670102189919E-4
1.58405610500611,6.43967566717415E-4,6.56944801615008E-4,8.24002781030764E-4
1.58424526862027,6.46425504446034E-4,6.59992339030474E-4,8.24769260623664E-4
1.58443443223443,6.4742213195269E-4,6.6303987644594E-4,8.27435443505118E-4
1.5846235958486,6.4886566333409E-4,6.66087413861406E-4,8.29520651349402E-4
1.58481275946276,6.55742437294257E-4,6.69134951276871E-4,8.24542643841291E-4
1.58500192307692,6.56220749719397E-4,6.72182488692337E-4,8.27882636328715E-4
1.58519108669109,6.5934320383973E-4,6.75230026107803E-4,8.27785244612388E-4
1.58538025030525,6.74007299271061E-4,6.78277563523269E-4,8.12683719191762E-4
1.58556941391941,6.75355555078494E-4,6.81325100938735E-4,8.14892785282205E-4
1.58575857753358,6.80358767569911E-4,6.843726383542E-4,8.12350407683469E-4
1.58594774114774,6.90836756064494E-4,6.87420175769666E-4,8.02690821280616E-4
1.58613690476191,6.85667798512242E-4,6.90467713185132E-4,8.13372264738649E-4
1.58632606837607,6.86225610145353E-4,6.93515250600598E-4,8.1660890825571E-4
1.58651523199023,6.8977145674605E-4,6.96562788016064E-4,8.1596110631491E-4
1.5867043956044,6.95753409041293E-4,6.99610325431529E-4,8.121463669712E-4
1.58689355921856,6.87812436994767E-4,7.02657862846995E-4,8.26431429271789E-4
1.58708272283272,6.97705141892637E-4,7.05705400262461E-4,8.17532711544663E-4
1.58727188644689,6.96861256475083E-4,7.08752937677927E-4,8.22591561227589E-4
1.58746105006105,7.07013781577347E-4,7.11800475093393E-4,8.13355077234752E-4
1.58765021367521,7.15728307684541E-4,7.14848012508858E-4,8.05987991935505E-4
1.58783937728938,7.13466985207981E-4,7.17895549924324E-4,8.12889509795138E-4
1.58802854090354,7.12183771517476E-4,7.2094308733979E-4,8.185194862329E-4
1.58821770451771,7.12706925497909E-4,7.23990624755256E-4,8.21801184698443E-4
1.58840686813187,7.1866454061945E-4,7.27038162170721E-4,8.18018083680545E-4
1.58859603174603,7.21092370662855E-4,7.30085699586187E-4,8.18823703264225E-4
1.5887851953602,7.13306778610133E-4,7.33133237001653E-4,8.32906771572868E-4
1.58897435897436,7.0284054771141E-4,7.36180774417119E-4,8.50474670381314E-4
