1.47547619047619,2.64177560015789E-5,-4.05365299042767E-5,1.09805028885603E-4
1.47565186331706,-2.00481018636981E-5,-4.18092108276668E-5,3.56882187009087E-5
1.47582757799476,-2.66065721759592E-5,-4.3081891751057E-5,2.70195241031605E-5
1.47600333452423,-5.02229296109221E-5,-4.43545726744472E-5,-9.62410537581885E-6
1.47617913292044,-1.76029685112691E-5,-4.56272535978374E-5,4.59598275419721E-5
1.47635497319833,-1.53161819648161E-5,-4.68999345212276E-5,5.17973541925148E-5
1.47653085537289,-1.43984626537001E-5,-4.81726154446178E-5,5.5389610577105E-5
1.47670677945907,-7.79019026382591E-5,-4.9445296368008E-5,-4.66688342832118E-5
1.47688274547188,-5.40373775267881E-5,-5.07179772913982E-5,-5.44381638603953E-6
1.47705875342629,-3.37697405363242E-5,-5.19906582147884E-5,2.98823049926813E-5
1.47723480333731,-2.18170797617402E-5,-5.32633391381786E-5,5.1571865377359E-5
1.47741089521993,-2.63040961342541E-5,-5.45360200615688E-5,4.6300355240796E-5
1.47758702908918,-2.33689058748861E-5,-5.5808700984959E-5,5.32012639805195E-5
1.47776320496006,-4.04219838801671E-5,-5.70813819083492E-5,2.73214127662185E-5
1.4779394228476,-2.16730745123761E-5,-5.83540628317394E-5,6.01568208437557E-5
1.47811568276685,-4.44121615803819E-6,-5.96267437551295E-5,9.05042652592298E-5
1.47829198473282,-1.28069829981042E-5,-6.08994246785197E-5,7.88716043558815E-5
1.47846832876059,-5.66124025675771E-5,-6.21721056019099E-5,9.11791297630578E-6
1.47864471486519,-7.30957678651131E-5,-6.34447865253001E-5,-1.58276093972933E-5
1.47882114306169,-5.22424871173402E-5,-6.47174674486903E-5,2.04589677434143E-5
1.47899761336516,-6.64184029488431E-5,-6.59901483720805E-5,-7.0233750589071E-7
1.47917412579067,-3.46819722395092E-5,-6.72628292954707E-5,5.34326055717769E-5
1.47935068035331,-3.40807756880631E-5,-6.85355102188609E-5,5.65057646305083E-5
1.47952727706816,-7.58625011626131E-5,-6.98081911422511E-5,-9.92906843339376E-6
1.47970391595033,-4.93640062380421E-5,-7.10808720656413E-5,3.56156599572626E-5
1.47988059701493,-1.31228974946161E-5,-7.23535529890315E-5,9.71382750108412E-5
1.48005732027705,-7.32566300633552E-5,-7.36262339124217E-5,6.06150312469042E-7
1.48023408575182,-1.07426183115557E-4,-7.48989148358119E-5,-5.33447199787822E-5
1.48041089345437,-9.41943315554561E-5,-7.6171595759202E-5,-2.95572867058566E-5
1.48058774339983,-5.06760601685131E-5,-7.74442766825922E-5,4.38998750830898E-5
1.48076463560335,-1.1117005250401E-4,-7.87169576059824E-5,-5.32230756327654E-5
1.48094157008006,-9.22810366922461E-5,-7.99896385293726E-5,-2.01578929871125E-5
1.48111854684512,-3.40427564222362E-5,-8.12623194527628E-5,7.74400833700637E-5
1.48129556591371,-2.84843178782231E-5,-8.2535000376153E-5,8.86431192966051E-5
1.48147262730098,-3.50658045684812E-5,-8.38076812995432E-5,7.99366778389418E-5
1.48164973102212,-3.21242340011682E-5,-8.50803622229334E-5,8.6848050283695E-5
1.4818268770923,-1.2220797872901E-4,-8.63530431463236E-5,-5.88020943556059E-5
1.48200406552673,-2.88162021260061E-5,-8.76257240697138E-5,9.64476159876806E-5
1.48218129634059,-6.91854925606091E-5,-8.8898404993104E-5,3.23291763892915E-5
1.4823585695491,-1.17673190278762E-4,-9.01710859164942E-5,-4.51034511541195E-5
1.48253588516746,-5.04735596201361E-5,-9.14437668398844E-5,6.71911398403871E-5
1.48271324321091,-1.01286527451411E-4,-9.27164477632745E-5,-1.40549306885439E-5
1.48289064369466,-1.29360764581411E-4,-9.39891286866648E-5,-5.80094828673841E-5
1.48306808663396,-1.06795460192316E-4,-9.52618096100549E-5,-1.89151869549083E-5
1.48324557204404,-7.86320664485722E-5,-9.65344905334451E-5,2.93599754991917E-5
1.48342309994016,-9.56808874805141E-5,-9.78071714568353E-5,3.48710572116684E-6
1.48360067033756,-7.18335117468201E-5,-9.90798523802255E-5,4.46839986387848E-5
1.48377828325153,-1.49394163051299E-4,-1.00352533303616E-4,-8.04282727862008E-5
1.48395593869732,-9.80041238996881E-5,-1.01625214227006E-4,5.93858813680118E-6
1.48413363669022,-1.53144640161463E-4,-1.02897895150396E-4,-8.240466181815E-5
1.48431137724551,-1.124995427565E-4,-1.04170576073786E-4,-1.36595053596506E-5
1.48448916037849,-6.18882117018762E-5,-1.05443256997176E-4,7.14302742842925E-5
1.48466698610446,-1.2269995778099E-4,-1.06715937920567E-4,-2.62137925710945E-5
1.48484485443872,-9.34667656603182E-5,-1.07988618843957E-4,2.38158392211675E-5
1.4850227653966,-1.46885620406358E-4,-1.09261299767347E-4,-6.17038858479781E-5
1.48520071899341,-1.52889603299896E-4,-1.10533980690737E-4,-6.94632210790207E-5
1.48537871524449,-9.39993590342111E-5,-1.11806661614127E-4,2.92039762310627E-5
1.48555675416517,-1.23336278124513E-4,-1.13079342537518E-4,-1.68213743626727E-5
1.4857348357708,-1.45568373675268E-4,-1.14352023460908E-4,-5.1194814351551E-5
1.48591296007673,-1.83803114755344E-4,-1.15624704384298E-4,-1.11812593008516E-4
1.48609112709832,-1.5180514717936E-4,-1.16897385307688E-4,-5.7248729469542E-5
1.48626933685094,-1.1392326151069E-4,-1.18170066231078E-4,6.9647597414368E-6
1.48644758934996,-9.39474520696571E-5,-1.19442747154469E-4,4.18122839390908E-5
1.48662588461077,-1.2953382315412E-4,-1.20715428077859E-4,-1.44621679250686E-5
1.48680422264875,-1.25076761709791E-4,-1.21988109001249E-4,-5.06539044200923E-6
1.4869826034793,-1.27869600866605E-4,-1.23260789924639E-4,-7.55844994482419E-6
1.48716102711783,-1.24897879530838E-4,-1.24533470848029E-4,-5.97630239806429E-7
1.48733949357974,-1.53983657208843E-4,-1.2580615177142E-4,-4.62111089173747E-5
1.48751800288046,-1.8726822294896E-4,-1.2707883269481E-4,-9.87106000168065E-5
1.48769655503541,-1.15049509583834E-4,-1.283515136182E-4,2.181528661636E-5
1.48787515006002,-1.48443373860083E-4,-1.2962419454159E-4,-3.08634540823286E-5
1.48805378796974,-1.19656913714476E-4,-1.3089687546498E-4,1.8433537270827E-5
1.48823246878002,-1.26923852059664E-4,-1.32169556388371E-4,8.60295509907856E-6
1.4884111925063,-1.86279474679989E-4,-1.33442237311761E-4,-8.66530692838946E-5
1.48858995916406,-1.57353134590019E-4,-1.34714918235151E-4,-3.71266748219838E-5
1.48876876876877,-1.65296798042777E-4,-1.35987599158541E-4,-4.80670861701472E-5
1.4889476213359,-1.58026618901109E-4,-1.37260280081931E-4,-3.40567956634516E-5
1.48912651688093,-1.18029693258358E-4,-1.38532961005321E-4,3.36253591050199E-5
1.48930545541937,-1.50822723461193E-4,-1.39805641928712E-4,-1.80680137132697E-5
1.48948443696671,-1.24157594432362E-4,-1.41078322852102E-4,2.77499946083731E-5
1.48966346153846,-1.6764060973122E-4,-1.42351003775492E-4,-4.1474953767394E-5
1.48984252915014,-1.54375346023974E-4,-1.43623684698882E-4,-1.76327245731507E-5
1.49002163981726,-1.50234052558969E-4,-1.44896365622272E-4,-8.75380657618248E-6
1.49020079355537,-1.72776448208682E-4,-1.46169046545663E-4,-4.3636138727352E-5
1.49037999037999,-1.54405347854455E-4,-1.47441727469053E-4,-1.14203374320598E-5
1.49055923030667,-1.52409561007359E-4,-1.48714408392443E-4,-6.06005028846241E-6
1.49073851335097,-1.83751667467037E-4,-1.49854152635442E-4,-5.5591924323816E-5
1.49091783952845,-1.97495269729709E-4,-1.50794914092077E-4,-7.65885832457171E-5
1.49109720885467,-2.19789871009247E-4,-1.51792898964725E-4,-1.11515034153016E-4
1.49127662134521,-1.52372127835967E-4,-1.52831993483982E-4,7.54179662744795E-7
1.49145607701564,-1.93341668074605E-4,-1.53786233777879E-4,-6.48709122466316E-5
1.49163557588157,-1.71475550815751E-4,-1.54969523880017E-4,-2.70698841746045E-5
1.49181511795859,-1.72656306260312E-4,-1.56113396192293E-4,-2.71303725115521E-5
1.49199470326231,-1.90672329384915E-4,-1.56971394391488E-4,-5.52695333892202E-5
1.49217433180833,-1.89845941597668E-4,-1.57914689951246E-4,-5.23672527001316E-5
1.49235400361228,-2.27575107389809E-4,-1.5915426923942E-4,-1.12210174566638E-4
1.49253371868979,-1.9311583335608E-4,-1.60293837274365E-4,-5.38280735740129E-5
1.49271347705649,-1.6250169149308E-4,-1.61330819344534E-4,-1.9202303236158E-6
1.49289327872802,-1.91463783081833E-4,-1.62426986911261E-4,-4.76203457197387E-5
1.49307312372003,-2.05927634066962E-4,-1.63556758751277E-4,-6.94882355177232E-5
1.49325301204819,-1.99035699241242E-4,-1.64603286125299E-4,-5.64691575101472E-5
1.49343294372816,-1.88427908683413E-4,-1.65625869435229E-4,-3.73953443670221E-5
1.49361291877561,-2.36606725719484E-4,-1.66784253759307E-4,-1.1450885401469E-4
1.49379293720622,-2.02133583644182E-4,-1.67465988789756E-4,-5.68548555612597E-5
1.49397299903568,-1.73132572455437E-4,-1.67952037313616E-4,-8.49607763258612E-6
1.49415310427969,-1.90849423855733E-4,-1.68553374177914E-4,-3.65655214716229E-5
1.49433325295394,-1.99238335525883E-4,-1.68858773451544E-4,-4.98224818019163E-5
1.49451344507416,-2.1596790870311E-4,-1.69143883470588E-4,-7.67914013813371E-5
1.49469368065605,-2.12120048528503E-4,-1.69286300371353E-4,-7.02473469777256E-5
1.49487395971535,-2.06561393277119E-4,-1.69128953872846E-4,-6.13892006230076E-5
1.49505428226779,-2.08645464940055E-4,-1.68788990356053E-4,-6.53646183177637E-5
1.49523464832911,-1.81428895240385E-4,-1.68784611838459E-4,-2.07366247791582E-5
1.49541505791506,-1.53908663575801E-4,-1.68392020316744E-4,2.37527050551459E-5
1.49559551104139,-1.69773769447502E-4,-1.67750224712141E-4,-3.31861336599229E-6
1.49577600772387,-2.39505338721688E-4,-1.67109270054744E-4,-1.18729552613788E-4
1.49595654797827,-2.13200197341927E-4,-1.66860306182191E-4,-7.5997421501968E-5
1.49613713182038,-2.18549055542585E-4,-1.66228690607506E-4,-8.58053984935295E-5
1.49631775926597,-2.16699428252389E-4,-1.65717602937433E-4,-8.36101935165278E-5
1.49649843033084,-2.10986039752847E-4,-1.65762979549496E-4,-7.41658187334953E-5
1.49667914503079,-2.12423458222526E-4,-1.65822618402524E-4,-7.64253773048037E-5
1.49685990338164,-2.14227583454525E-4,-1.65917876903974E-4,-7.92279187429047E-5
1.4970407053992,-1.89878545897763E-4,-1.66040361432511E-4,-3.9094622523013E-5
1.4972215510993,-1.98636514095014E-4,-1.65692339618965E-4,-5.40284461407201E-5
1.49740244049776,-2.25011593902011E-4,-1.6573448490599E-4,-9.72144587534754E-5
1.49758337361044,-2.02959231141278E-4,-1.65429417693565E-4,-6.15488940542495E-5
1.49776435045317,-1.97283045813805E-4,-1.64996651912734E-4,-5.29496859977562E-5
1.49794537104182,-2.22990431260473E-4,-1.6502030544838E-4,-9.50710063318324E-5
1.49812643539224,-2.41897303815086E-4,-1.64582669338422E-4,-1.26796000541728E-4
1.49830754352031,-2.18374101720846E-4,-1.64265777520971E-4,-8.87376516877958E-5
1.49848869544191,-1.84509246446445E-4,-1.63980682896148E-4,-3.36668442224871E-5
1.49866989117291,-2.21352674033162E-4,-1.63930414601017E-4,-9.41725054687184E-5
1.49885113072923,-2.0824098930758E-4,-1.63728012079241E-4,-7.30012826544763E-5
1.49903241412675,-2.34942633894297E-4,-1.63422702511033E-4,-1.17292687468553E-4
1.4992137413814,-1.66848290303013E-4,-1.62850576091492E-4,-6.55625130689542E-6
1.49939511250907,-1.97229276541208E-4,-1.62636179823707E-4,-5.67326786167019E-5
1.49957652752571,-2.38431131446041E-4,-1.62005978288862E-4,-1.25337251177774E-4
1.49975798644724,-2.35257809651659E-4,-1.61710383267368E-4,-1.20617779270238E-4
1.4999394892896,-2.35461384444825E-4,-1.61559098505031E-4,-1.21199748941262E-4
1.50012103606875,-2.12090973718199E-4,-1.61134762733474E-4,-8.35681860149492E-5
1.50030262680063,-2.37231527750982E-4,-1.60866708414943E-4,-1.25238303711105E-4
1.50048426150121,-2.58854729125422E-4,-1.60370567562772E-4,-1.61514024962746E-4
1.50066594018646,-2.40208229826675E-4,-1.59762674942324E-4,-1.31930710010336E-4
1.50084766287237,-2.06519523098835E-4,-1.59406212225644E-4,-7.72658298320328E-5
1.50102942957491,-2.3266393358893E-4,-1.58761981994509E-4,-1.2119920061485E-4
1.50121124031008,-2.33507947706193E-4,-1.58150557258404E-4,-1.23586120334374E-4
1.50139309509388,-2.04283568555156E-4,-1.57343458123006E-4,-7.69817811087258E-5
1.50157499394233,-1.8642133060302E-4,-1.5666697374154E-4,-4.87971452528275E-5
1.50175693687144,-2.48558714236869E-4,-1.56059039817635E-4,-1.51699466047543E-4
1.50193892389724,-2.50339946483416E-4,-1.55492184785097E-4,-1.55550329185243E-4
1.50212095503575,-2.20173355360166E-4,-1.54889411109863E-4,-1.07065668570497E-4
1.50230303030303,-1.8815199812915E-4,-1.5435582061714E-4,-5.54257311196972E-5
1.50248514971512,-1.80609484563598E-4,-1.53730927196643E-4,-4.40808340818062E-5
1.50266731328807,-1.8517820746937E-4,-1.53059385716134E-4,-5.26748676753075E-5
1.50284952103795,-1.84798854377788E-4,-1.52171541097095E-4,-5.3508793780337E-5
1.50303177298084,-1.65477918520071E-4,-1.51178720621249E-4,-2.34506845540687E-5
1.50321406913281,-1.86929997063291E-4,-1.50602710506692E-4,-5.9576749952822E-5
1.50339640950995,-2.32417534465101E-4,-1.49926515661546E-4,-1.3528527083783E-4
1.50357879412835,-1.98243474829385E-4,-1.49350705976777E-4,-8.01841409182779E-5
1.50376122300413,-1.97419087231551E-4,-1.48842293726722E-4,-7.96659413479195E-5
1.50394369615338,-2.17408951056848E-4,-1.47784008186265E-4,-1.14184906307756E-4
1.50412621359223,-2.0376790423537E-4,-1.46919568407306E-4,-9.32312707580251E-5
1.50430877533681,-2.5762670829945E-4,-1.46069783391238E-4,-1.82953356849468E-4
1.50449138140325,-1.85171264852126E-4,-1.45267198706008E-4,-6.54426684796332E-5
1.5046740318077,-1.92077233486906E-4,-1.44702245624775E-4,-7.76949800938955E-5
1.50485672656629,-1.78580462639932E-4,-1.43840935951903E-4,-5.69728237683675E-5
1.5050394656952,-2.28618664232024E-4,-1.43414037111216E-4,-1.39735588478125E-4
1.50522224921059,-2.2592540529346E-4,-1.42532670241257E-4,-1.36764085485613E-4
1.50540507712863,-2.32899074183639E-4,-1.41646081318175E-4,-1.49654908299361E-4
1.5055879494655,-2.04333673642012E-4,-1.40918931974662E-4,-1.04000176334454E-4
1.5057708662374,-2.25774191832079E-4,-1.39984436689708E-4,-1.40695198433488E-4
1.50595382746051,-2.04954790485544E-4,-1.39192977465111E-4,-1.07849373353511E-4
1.50613683315105,-1.68478509551257E-4,-1.38276406337832E-4,-4.95314492700166E-5
1.50631988332523,-1.8091831094825E-4,-1.37307493329892E-4,-7.15217408941075E-5
1.50650297799927,-1.97261985398801E-4,-1.36371490434845E-4,-9.98604117408877E-5
1.5066861171894,-2.2790809240392E-4,-1.35280410537882E-4,-1.51909398260303E-4
1.50686930091185,-1.80778058767516E-4,-1.34513433498254E-4,-7.58739854415898E-5
1.50705252918288,-2.17658789430442E-4,-1.33426293553115E-4,-1.38141293238816E-4
1.50723580201873,-2.10000628052873E-4,-1.32672904179425E-4,-1.26817467152455E-4
1.50741911943566,-2.24619594700707E-4,-1.31760234202175E-4,-1.52289351217593E-4
1.50760248144995,-2.15340918245457E-4,-1.30858615661245E-4,-1.38550976238107E-4
1.50778588807786,-2.45737798813998E-4,-1.29627111269931E-4,-1.90421527572269E-4
1.50796933933569,-2.16683213737324E-4,-1.28444267625466E-4,-1.44711871623447E-4
1.50815283523972,-2.03628030133154E-4,-1.27451664356221E-4,-1.24929239874171E-4
1.50833637580626,-2.10813559785172E-4,-1.26620914176131E-4,-1.38075938798828E-4
1.50851996105161,-2.33612968522987E-4,-1.25609362920164E-4,-1.7712591318863E-4
1.50870359099209,-2.0062925547005E-4,-1.24407252836741E-4,-1.25004084318627E-4
1.50888726564402,-1.79302962156107E-4,-1.23342068569014E-4,-9.17758654828323E-5
1.50907098502374,-2.10890702415505E-4,-1.22122088330586E-4,-1.45580527099268E-4
1.50925474914759,-1.73189092774223E-4,-1.20666844796553E-4,-8.61364866833783E-5
1.50943855803191,-1.56210065445314E-4,-1.19626970607002E-4,-5.99962755348326E-5
1.50962241169306,-1.55071090912299E-4,-1.18573306794401E-4,-5.98563659533527E-5
1.5098063101474,-1.18641678739481E-4,-1.17468960571677E-4,-1.92325779519887E-6
1.50999025341131,-8.34357854959772E-5,-1.16392393473814E-4,5.40488370836524E-5
1.51017424150116,-5.84340657190131E-5,-1.15184936249257E-4,9.30714276695997E-5
1.51035827443334,-4.89562499178911E-5,-1.13953876431619E-4,1.06596107482513E-4
1.51054235222425,8.76975513359985E-6,-1.12636240196683E-4,1.99105832341664E-4
1.5107264748903,-1.23741709861251E-5,-1.11292984668658E-4,1.62226854439353E-4
1.51091064244789,-6.12347984997217E-6,-1.10270473966528E-4,1.70801070351152E-4
1.51109485491344,2.32086527152787E-6,-1.09298681700483E-4,1.83056057034098E-4
1.51127911230338,1.54089148593519E-5,-1.08300471021481E-4,2.02883392844566E-4
1.51146341463415,-8.10323796181716E-6,-1.06874133297286E-4,1.61984268350169E-4
1.51164776192219,-3.16378923297117E-6,-1.05576220752231E-4,1.67956387691587E-4
1.51183215418395,-4.8850451097601E-6,-1.04262501213691E-4,1.62979028010447E-4
1.51201659143589,-4.18021570850251E-5,-1.02968301433167E-4,1.00312476730952E-4
1.51220107369449,-3.86825617459412E-5,-1.01612732504958E-4,1.03205480044788E-4
1.51238560097621,-5.13550083163641E-5,-1.00415481895711E-4,8.04591766701286E-5
1.51257017329754,-5.30690883811451E-5,-9.91335603627709E-5,7.55457340498663E-5
1.51275479067497,-6.26962486126392E-5,-9.78679188146878E-5,5.76815391313597E-5
1.512939453125,-3.60230462071422E-5,-9.63244582008395E-5,9.88943156696637E-5
1.51312416066414,-1.70189992360071E-5,-9.47303661155259E-5,1.27446641682411E-4
1.51330891330891,-4.36702417567222E-5,-9.33468805381213E-5,8.14696876014946E-5
1.51349371107583,-5.45183142155851E-5,-9.19223653286332E-5,6.13426438253989E-5
1.51367855398144,-2.64507526486211E-5,-9.02953256468678E-5,1.04705099717125E-4
1.51386344204226,-7.51722637971611E-5,-8.82466490161962E-5,2.14419917592176E-5
1.51404837527486,-5.80442793476571E-5,-8.62617013357807E-5,4.62765720605227E-5
1.51423335369579,-7.00361879811012E-5,-8.45933986903541E-5,2.38738255631749E-5
1.5144183773216,-6.10700562568611E-5,-8.26336751150019E-5,3.53643349273509E-5
1.51460344616889,-1.96255755833051E-5,-8.058764318582E-5,9.99777908681244E-5
1.51478856025422,-5.15605453096681E-5,-7.83397296210393E-5,4.39178622706487E-5
1.51497371959418,-6.13423621085122E-5,-7.61854179096544E-5,2.43426115138732E-5
1.51515892420538,-4.53801777029801E-5,-7.39039397683174E-5,4.6778969787153E-5
1.51534417410441,-6.19527940809571E-5,-7.12664923572404E-5,1.52744651731046E-5
1.5155294693079,-3.60185173423261E-5,-6.84530588881746E-5,5.31926481351915E-5
1.51571480983246,-5.01385408447521E-5,-6.56685723269361E-5,2.54692516307817E-5
1.51590019569472,-4.76294771914292E-5,-6.28763926875889E-5,2.5004941413702E-5
1.51608562691132,-6.20455346852581E-5,-5.98623843776647E-5,-3.58036650445324E-6
1.5162711034989,-4.89399652031691E-5,-5.66845538393476E-5,1.27011253633326E-5
1.51645662547412,-3.30442344820671E-5,-5.3660310025148E-5,3.38103638906526E-5
1.51664219285365,-1.31729086003871E-5,-5.08157612080101E-5,6.17342782765016E-5
1.51682780565414,-4.10147438013471E-5,-4.78068336849583E-5,1.11390274091222E-5
1.51701346389229,-4.57891626022522E-5,-4.46553679649827E-5,-1.85942320512193E-6
1.51719916758477,-3.61263179486292E-5,-4.18104221801195E-5,9.32193093964407E-6
1.51738491674829,-9.96656052300614E-6,-3.91440261631614E-5,4.78510436498547E-5
1.51757071139953,2.98475849433384E-6,-3.61325890367258E-5,6.41524499509378E-5
1.51775655155523,-2.64595246891141E-5,-3.31477622589522E-5,1.09687096145345E-5
1.51794243723209,-3.38327874540392E-5,-3.05731019926404E-5,-5.34588415669393E-6
1.51812836844684,-2.10128259616881E-5,-2.8327217506685E-5,1.19956021337948E-5
1.51831434521622,-1.00642863637331E-5,-2.61776739960268E-5,2.64259557169616E-5
1.51850036755697,-2.16222735319215E-6,-2.42323371355736E-5,3.61949800431056E-5
1.51868643548585,-1.74959215792772E-5,-2.2479258073753E-5,8.17267185094031E-6
1.51887254901961,-1.65517799946711E-5,-2.09496212520379E-5,7.21245966208151E-6
1.51905870817502,-3.28140553400642E-5,-1.93984836302915E-5,-2.20015376040272E-5
1.51924491296887,-2.11934576189332E-5,-1.78496883916245E-5,-5.48378153278626E-6
1.51943116341792,-3.99853573003492E-5,-1.66966309138246E-5,-3.81935112739003E-5
1.51961745953899,-5.31264726186113E-6,-1.56461072921629E-5,1.6946874449695E-5
1.51980380134887,-9.53393238796717E-6,-1.47328815229406E-5,8.52627658135645E-6
1.51999018886436,-1.99835602950841E-5,-1.39927764294526E-5,-9.82488553963578E-6
1.52017662210229,-2.07846377268781E-5,-1.29630746400676E-5,-1.28273634623693E-5
1.52036310107949,-2.14227163674251E-5,-1.23291183626898E-5,-1.4913500727766E-5
1.52054962581278,-3.53876940014817E-6,-1.17242330387661E-5,1.34241603673335E-5
1.52073619631902,-5.11578926749491E-5,-1.12520992475726E-5,-6.54455012208975E-5
1.52092281261504,-1.69268749681941E-5,-1.02854638416763E-5,-1.08919142474892E-5
1.52110947471772,-2.76864017693414E-6,-9.44995256855853E-6,1.0957352322264E-5
1.52129618264392,-2.58915148182701E-5,-8.37021269529546E-6,-2.87349354816784E-5
1.52148293641051,-1.29777544815731E-5,-7.37400575714766E-6,-9.19014790805779E-6
1.52166973603438,-1.90658204482212E-5,-6.13424401909828E-6,-2.12077853437615E-5
1.52185658153242,4.32410175721186E-6,-4.99198777743027E-6,1.52783868368131E-5
1.52204347292153,-1.80675431092251E-5,-4.12325902180612E-6,-2.28686259033671E-5
1.52223041021862,-3.74387746767072E-5,-2.93798255197864E-6,-5.65812990845548E-5
1.52241739344061,-3.32152086285221E-5,-1.60468608843639E-6,-5.18412569657406E-5
1.52260442260442,-2.12190540596221E-5,-1.91853641633478E-7,-3.44846086855014E-5
1.52279149772699,-7.44073745586314E-6,1.12934807225935E-6,-1.40549402661209E-5
1.52297861882526,-4.26459679147462E-5,2.65788548785897E-6,-7.42983195802725E-5
1.52316578591619,-1.65897401505641E-5,4.15560974747459E-6,-3.40223738327835E-5
1.52335299901672,-3.64955588859221E-5,5.81436617562588E-6,-6.93882771009387E-5
1.52354025814382,2.07413093170249E-5,7.4812637904695E-6,2.17464746635508E-5
1.52372756331448,-2.53088441862321E-5,9.05769649629056E-6,-5.63611267193372E-5
1.52391491454568,-2.33806743151531E-5,1.06981408123746E-5,-5.58892568091455E-5
1.5241023118544,-2.04434106976441E-5,1.21844724659513E-5,-5.35097283882965E-5
1.52428975525766,-1.84885183114941E-5,1.37451708562852E-5,-5.28632502351581E-5
1.52447724477245,-3.66809801718158E-7,1.53368921539832E-5,-2.57540712073503E-5
1.5246647804158,-1.68891894599351E-5,1.67459348344045E-5,-5.51616038427169E-5
1.52485236220472,2.01887120878799E-5,1.80295103607796E-5,3.5410908324445E-6
1.52503999015627,1.22399186000269E-5,1.95733412011348E-5,-1.20268130658169E-5
1.52522766428747,-2.43150972308121E-5,2.08644976790362E-5,-7.40945356521513E-5
1.52541538461538,7.04393949923487E-6,2.20126156508295E-5,-2.45486288886151E-5
1.52560315115707,-2.00621976990213E-6,2.30611395466737E-5,-4.11104692791844E-5
1.52579096392958,-1.51453617913161E-5,2.3829116721375E-5,-6.39181447608134E-5
1.52597882295001,-9.49272330384314E-6,2.45074912271001E-5,-5.57603518307469E-5
1.52616672823544,-1.60881971236412E-6,2.5049106903442E-5,-4.37189996499221E-5
1.52635467980296,1.87544028968858E-5,2.55152609843882E-5,-1.10878072635039E-5
1.52654267766966,2.10512303522549E-5,2.55708688015652E-5,-7.412207056869E-6
1.52673072185267,-6.57956517624813E-6,2.5610200871662E-5,-5.27912163185726E-5
1.5269188123691,1.22678139178988E-5,2.56865580104013E-5,-2.20067403117041E-5
1.52710694923608,9.20256661834863E-7,2.57910205993153E-5,-4.07880528574679E-5
1.52729513247073,4.3984121156499E-6,2.58506751490634E-5,-3.51817113747982E-5
1.52748336209021,8.74284786247885E-6,2.59272036917158E-5,-2.81823435599486E-5
1.52767163811167,6.09698554776889E-6,2.60331219450241E-5,-3.26952636914986E-5
1.52785996055227,4.60873421727185E-6,2.62931018540855E-5,-3.55623629243744E-5
1.52804832942917,2.08162469708049E-5,2.67993890269193E-5,-9.81235297202773E-6
1.52823674475956,-7.6936040412012E-6,2.72594565745934E-5,-5.73230194099031E-5
1.52842520656061,4.98099867820483E-6,2.77548384545811E-5,-3.73490972332571E-5
1.52861371484953,2.65461588244559E-5,2.83581555192317E-5,-2.97167457943233E-6
1.52880226964352,6.52952508730389E-5,2.90482430075037E-5,5.94450928994777E-5
1.52899087095978,4.75781526866239E-5,2.96034666393132E-5,2.94784851175895E-5
1.52917951881555,3.36168025948989E-5,3.00079488298315E-5,5.9185201747105E-6
1.52936821322804,4.63090550086529E-5,3.05225499869924E-5,2.58898682355232E-5
1.52955695421449,5.52333543214209E-5,3.1186898373643E-5,3.94361877543557E-5
1.52974574179215,1.0842640002975E-4,3.16518913782655E-5,1.25910194188434E-4
1.52993457597827,1.21051951630199E-4,3.23275600593804E-5,1.45508002176142E-4
1.53012345679012,1.00770505921508E-4,3.29795494790384E-5,1.1117716856565E-4
1.53031238424497,1.13760057352063E-4,3.37080205244305E-5,1.31285340397317E-4
1.53050135836009,1.41630470582531E-4,3.43018043619026E-5,1.7601901260183E-4
1.53069037915277,1.49450585683201E-4,3.47470394382301E-5,1.88113815841752E-4
1.53087944664032,2.01539012343807E-4,3.53082246780272E-5,2.72618491771879E-4
1.53106856084002,1.92903485627423E-4,3.57524346566306E-5,2.577277235921E-4
1.53125772176921,2.12572375848108E-4,3.62792682804255E-5,2.89120696411E-4
1.5314469294452,2.45839313558603E-4,3.67872010199447E-5,3.428454645634E-4
1.53163618388532,2.40685817526951E-4,3.71709510060831E-5,3.33764381094223E-4
1.53182548510691,2.65371744610173E-4,3.76020426758301E-5,3.73542311172322E-4
1.53201483312732,2.78163893246065E-4,3.79093214094269E-5,3.94017497812087E-4
1.5322042279639,2.84554292926806E-4,3.83996932414129E-5,4.03693543484045E-4
1.53239366963403,2.76937462401455E-4,3.88582707360918E-5,3.90449874331196E-4
1.53258315815506,2.7989832463174E-4,3.91681066752355E-5,3.94797557448668E-4
1.5327726935444,2.81862672852934E-4,3.9529038830006E-5,3.97427159797602E-4
1.53296227581942,3.05392690409622E-4,3.99535080762059E-5,4.35320259026803E-4
1.53315190499753,2.82202160656461E-4,4.0454440904403E-5,3.96466260393375E-4
1.53334158109613,2.69532388296795E-4,4.09232284019703E-5,3.74919022227513E-4
1.53353130413264,2.66397034383623E-4,4.10905921315059E-5,3.69502565293472E-4
1.53372107412449,2.60065432515874E-4,4.11118102990681E-5,3.59083940435561E-4
1.53391089108911,2.20093550179144E-4,4.13506834464368E-5,2.9313830144164E-4
1.53410075504394,1.95894248969231E-4,4.15894480675308E-5,2.53059873478789E-4
1.53429066600644,1.86962455758947E-4,4.16781958076629E-5,2.38266186320106E-4
1.53448062399406,1.47474395668128E-4,4.17134580969807E-5,1.73447937616681E-4
1.53467062902427,1.14977665193546E-4,4.16909269511592E-5,1.20190250717514E-4
1.53486068111455,9.60899779932029E-5,4.15963578808765E-5,8.93695369842153E-5
1.53505078028239,7.83145362553419E-5,4.15668285958928E-5,6.02662405614965E-5
1.53524092654527,3.24264513469628E-5,4.16199471715308E-5,-1.50773331522915E-5
1.53543111992071,-1.07064612560716E-6,4.16215618000934E-5,-7.00152209981489E-5
1.53562136042622,-1.77795479274081E-5,4.17327386121036E-5,-9.76001499247992E-5
1.53581164807931,-6.12473445198302E-5,4.16029208887156E-5,-1.68674435270015E-4
1.53600198289751,-7.72099332489141E-5,4.1419039661937E-5,-1.94551515573796E-4
1.53619236489836,-8.15477023146202E-5,4.1427043055099E-5,-2.01678582406339E-4
1.53638279409942,-7.67647414205172E-5,4.13934942231048E-5,-1.9377950645554E-4
1.53657327051822,-8.86418430959642E-5,4.13426116856754E-5,-2.13174505841889E-4
1.53676379417235,-9.78455843458411E-5,4.11568724814385E-5,-2.27964029196739E-4
1.53695436507937,-6.33240098237592E-5,4.13159186543029E-5,-1.71609482704022E-4
1.53714498325685,-8.30529775903181E-5,4.14053410874681E-5,-2.04111642631569E-4
1.5373356487224,-4.82635558556541E-5,4.1295211130707E-5,-1.46876377857632E-4
1.53752636149361,-3.39822872187402E-5,4.12412205084708E-5,-1.23366552672626E-4
1.53771712158809,-1.37749346256341E-5,4.12545440677978E-5,-9.02483450572284E-5
1.53790792902345,-9.62897316031516E-6,4.13912460332187E-5,-8.36731594773955E-5
1.53809878381732,-1.99258923395281E-5,4.13214491887161E-5,-1.00445640106321E-4
1.53828968598734,2.17639653922519E-5,4.15133242011456E-5,-3.23889484465858E-5
1.53848063555114,3.07317098669249E-5,4.18417862681208E-5,-1.82205252979613E-5
1.53867163252638,1.36862559993758E-5,4.21235152674355E-5,-4.66371051996178E-5
1.53886267693072,4.51474343081549E-5,4.22679357875448E-5,4.72237757380057E-6
1.53905376878182,4.37211086370929E-5,4.22836134845426E-5,2.35749205018238E-6
1.53924490809737,4.61102203413979E-5,4.25813679184061E-5,5.78731797370656E-6
1.53943609489504,5.90277545131618E-5,4.27292691298303E-5,2.67295160286638E-5
1.53962732919255,6.96985738928028E-5,4.29344716379441E-5,4.38931276979683E-5
1.53981861100758,2.38321938814019E-5,4.28547060341333E-5,-3.11969199304795E-5
1.54000994035785,6.38327643130558E-5,4.29958385151844E-5,3.41725583085092E-5
1.54020131726109,5.05346826284589E-5,4.30251277825867E-5,1.23156699472304E-5
1.54039274173502,5.60658649619189E-5,4.30589409081992E-5,2.13313554481002E-5
1.54058421379739,3.85713733833768E-5,4.307505949863E-5,-7.38604522901514E-6
1.54077573346594,4.03170428819839E-5,4.3005210442295E-5,-4.4085947989103E-6
1.54096730075842,4.01884528540358E-5,4.3097397591616E-5,-4.77066936963143E-6
1.54115891569261,5.31043712852339E-5,4.28940892310553E-5,1.67448625688529E-5
1.54135057828628,4.75986649469279E-5,4.27932617606919E-5,7.88086122542695E-6
1.54154228855721,4.01181077313289E-5,4.28657178975835E-5,-4.50608067265767E-6
1.5417340465232,2.42264952770689E-5,4.27890079966124E-5,-3.04425208600514E-5
1.54192585220204,1.26824181344368E-5,4.26868820572585E-5,-4.92073208334275E-5
1.54211770561155,3.25662549830108E-5,4.27452640740814E-5,-1.66935749093558E-5
1.54230960676954,3.41822149354619E-5,4.27970477052011E-5,-1.41283257423723E-5
1.54250155569384,3.07560979239089E-5,4.26025296288864E-5,-1.94281479961632E-5
1.54269355240229,1.82786918708659E-5,4.23548763615696E-5,-3.9484942564754E-5
1.54288559691274,-5.64838699958014E-6,4.21705188187285E-5,-7.84230055420261E-5
1.54307768924303,6.93359087445484E-6,4.21463799586757E-5,-5.77489740981223E-5
1.54326982941103,2.01839679758209E-5,4.19843539134546E-5,-3.57526329377193E-5
1.54346201743462,2.56098428662829E-5,4.19592999659381E-5,-2.68131096434347E-5
1.54365425333167,4.98314283173886E-6,4.18841820790628E-5,-6.05177043656113E-5
1.54384653712008,1.49482320827479E-5,4.17082153903932E-5,-4.38863726245384E-5
1.54403886881774,3.95715193397409E-5,4.14788172047154E-5,-3.12796849855821E-6
1.54423124844256,4.47729494695548E-5,4.13295586481082E-5,5.64716094717249E-6
1.54442367601246,3.99889889063259E-5,4.11440039547471E-5,-1.89422467941078E-6
1.54461615154536,3.33552931615359E-5,4.1126067791515E-5,-1.27440703931658E-5
1.5448086750592,5.00981296741009E-5,4.09986569482893E-5,1.4923135270331E-5
1.54500124657193,5.53087118818749E-5,4.07661016396113E-5,2.38498807973123E-5
1.54519386610148,5.89201948322779E-5,4.02353670294003E-5,3.06431175967192E-5
1.54538653366584,5.21474553426239E-5,3.99119265586656E-5,2.00662672056916E-5
1.54557924928295,4.43265561177879E-5,3.96381424401841E-5,7.68899843127015E-6
1.54577201297082,5.90852599016678E-5,3.93158779630999E-5,3.24217863792515E-5
1.54596482474741,5.30630511418369E-5,3.8899088706129E-5,2.32288983945609E-5
1.54615768463074,4.03670806734789E-5,3.80745476360106E-5,3.75975418144794E-6
1.5463505926388,5.34459114138699E-5,3.72377358778657E-5,2.65814078790469E-5
1.54654354878962,5.45323607809339E-5,3.65371896931879E-5,2.95120805839034E-5
1.54673655310121,4.04669799508839E-5,3.57652452656716E-5,7.71084488374803E-6
1.54692960559161,5.65096224686859E-5,3.48385098494711E-5,3.55406246955121E-5
1.54712270627887,4.44021306956479E-5,3.38238718945943E-5,1.73483444337279E-5
1.54731585518102,1.46175442326589E-5,3.25160033918319E-5,-2.93534730210437E-5
1.54750905231614,4.47083719659429E-5,3.12991320971195E-5,2.19911533848703E-5
1.5477022977023,2.49037043768359E-5,2.99585646445628E-5,-8.2899708390721E-6
1.54789559135756,2.96027302873439E-5,2.84574891285763E-5,1.87819550037882E-6
1.54808893330002,2.35781346819839E-5,2.69842574872121E-5,-5.58604140057425E-6
1.54828232354778,4.91518625361483E-6,2.52989028387075E-5,-3.3429295199552E-5
1.54847576211894,2.18080485843509E-5,2.35591601329832E-5,-2.87182293975705E-6
1.54866924903161,2.94767863869259E-5,2.18244284203032E-5,1.25498670652611E-5
1.54886278430392,1.99377111114989E-5,2.0062327758043E-5,-2.04371300332391E-7
1.54905636795401,4.85464898653798E-5,1.83442462392331E-5,4.95316795468807E-5
1.54925,3.15694972988179E-5,1.66191369699381E-5,2.45185909393629E-5
1.54944368046006,3.98703510194638E-5,1.47181479816992E-5,4.12496129819341E-5
1.54963740935234,4.40363441353699E-5,1.29687457695856E-5,5.09508613198863E-5
1.54983118669501,1.86526372275949E-5,1.12572583762366E-5,1.21284213162275E-5
1.55002501250625,6.61306514745586E-6,9.66156111579914E-6,-4.99953338808299E-6
1.55021888680425,1.43877835109329E-5,8.03143277444972E-6,1.04244152078324E-5
1.55041280960721,6.99596275304586E-6,6.58294117877956E-6,6.77355381796731E-7
1.55060678093332,-5.83696239909515E-6,5.2798090563268E-6,-1.8231505186892E-5
1.5508008008008,-4.03443489039917E-6,4.04319753837559E-6,-1.32473171831906E-5
1.55099486922788,-6.01505328866813E-6,2.94744224774015E-6,-1.46984926797096E-5
1.55118898623279,-3.36672325976232E-5,2.04278256656285E-6,-5.8564424869265E-5
1.55138315183377,-2.16012877268761E-5,1.2616090546811E-6,-3.74951507217539E-5
1.55157736604907,-2.37307789059662E-5,5.84384015562843E-7,-3.98768671913076E-5
1.55177162889696,-2.09173561347301E-5,2.75722340092896E-7,-3.47566486987097E-5
1.55196594039569,-2.09741224466101E-5,8.93814260738842E-8,-3.45441463512018E-5
1.55216030056356,-2.75114779612051E-5,-2.66865133481247E-9,-4.51144472681873E-5
1.55235470941884,-4.09776221671011E-5,1.29235086021325E-7,-6.74152458951208E-5
1.55254916697983,-1.86149800643951E-5,3.1334280857837E-7,-3.10424495116765E-5
1.55274367326485,-2.65214879978741E-5,4.76895347020534E-7,-4.42773486856272E-5
1.55293822829219,-3.01236302678591E-5,6.96982594720056E-7,-5.05458050946299E-5
1.5531328320802,-3.53001733246541E-5,9.55184949698265E-7,-5.94587875699379E-5
1.5533274846472,-2.39609971151361E-5,1.19294238800027E-6,-4.12524607851437E-5
1.55352218601153,-1.63563889695113E-6,1.26044012735751E-6,-4.74956959986615E-6
1.55371693619155,-2.16008627830741E-5,1.45362509248743E-6,-3.78093601159209E-5
1.55391173520562,-3.51239112206631E-5,1.43996963392405E-6,-5.9964764601523E-5
1.5541065830721,-1.06994258366591E-5,1.37028599746334E-6,-1.97943274079609E-5
1.55430147980938,4.31021563874584E-6,1.15235653442862E-6,5.17888893108024E-6
1.55449642543585,-7.61115865272613E-6,9.29571206269007E-7,-1.4006796968752E-5
1.55469141996989,1.47430840162258E-5,7.54626969399515E-7,2.29410695567952E-5
1.55488646342993,1.87282387760409E-5,4.01019588820643E-7,3.00566394670411E-5
1.55508155583438,1.49604502542909E-5,-1.13964565737523E-8,2.4553828605818E-5
1.55527669720166,3.47685487906785E-6,-4.16339131341084E-7,6.38483817707065E-6
1.5554718875502,-4.75985126922613E-6,-1.0267193511488E-6,-6.12233634564683E-6
1.55566712689846,8.27004027589685E-6,-1.54082232552981E-6,1.60898146663397E-5
1.55586241526488,8.70136700297484E-6,-2.01767349722727E-6,1.75792264203315E-5
1.55605775266792,-1.40592999845217E-6,-2.66726981962903E-6,2.06859730673005E-6
1.55625313912607,7.10139106537087E-6,-3.34028621146197E-6,1.71243507340059E-5
1.55644857465779,-1.17518992649311E-6,-3.78603590368529E-6,4.28178740259517E-6
1.55664405928159,-1.83722095893601E-5,-4.40996409180361E-6,-2.28980826159927E-5
1.55683959301595,-1.46613662179011E-5,-4.93542999391828E-6,-1.59505354073319E-5
1.5570351758794,-1.57322393478351E-5,-5.46801729082673E-6,-1.68333241734938E-5
1.55723080789044,-1.23109984349962E-5,-6.00702306622135E-6,-1.03385196047907E-5
1.55742648906761,-1.12518692604716E-6,-6.52342881065711E-6,8.85311669076032E-6
1.55762221942943,-1.45770175680001E-5,-7.02414119435999E-6,-1.23867172527698E-5
1.55781799899447,-5.00157883210917E-6,-7.63260120537322E-6,4.31487669215304E-6
1.55801382778127,-1.19250978223441E-5,-8.25639147570526E-6,-6.01667840848773E-6
1.5582097058084,-6.07345356683014E-6,-8.84010562124051E-6,4.53730936923301E-6
1.55840563309443,-1.94697553994201E-5,-9.2636675725073E-6,-1.6737984036137E-5
1.55860160965795,-5.16203691459417E-6,-9.70469856923615E-6,7.44996511361284E-6
1.55879763551755,-6.37722382386115E-7,-1.02297573362839E-5,1.57309373243923E-5
1.55899371069182,-3.48714107621651E-5,-1.06955623569101E-5,-3.96483913846182E-5
1.5591898351994,-2.35943058142992E-5,-1.12885831309613E-5,-2.01813852006741E-5
1.55938600905888,-1.04739094735741E-5,-1.17588960970259E-5,2.10737806246082E-6
1.55958223228891,-1.07073102452641E-5,-1.20478091160085E-5,2.19841814802075E-6
1.55977850490813,-1.54386398149202E-5,-1.24439203399919E-5,-4.91133993888239E-6
1.55997482693518,-3.36396836347213E-6,-1.292427454051E-5,1.56789021303421E-5
1.56017119838872,-8.44674654002918E-6,-1.34182133974482E-5,8.15320564616718E-6
1.56036761928742,-2.13474559000231E-5,-1.37826815947729E-5,-1.24062298606103E-5
1.56056408964996,-3.31301042031452E-5,-1.41906994766662E-5,-3.10606237514256E-5
1.56076060949503,-2.09144789625521E-5,-1.4794021578122E-5,-1.00375501104654E-5
1.56095717884131,-1.09136055939512E-5,-1.54886999351324E-5,7.50315471953726E-6
1.56115379770752,-1.07606879538851E-5,-1.60922350460284E-5,8.74373723111503E-6
1.56135046611237,-1.68062555133901E-5,-1.66909879868744E-5,-1.89038743485785E-7
1.56154718407459,-1.32207989594861E-5,-1.74195989464833E-5,6.88603197867537E-6
1.5617439516129,-2.54603674730361E-5,-1.81602773088904E-5,-1.19721478691989E-5
1.56194076874606,-7.73016780901214E-6,-1.88519885442374E-5,1.82397860057694E-5
1.56213763549282,-1.32002816654311E-5,-1.94799587582749E-5,1.02986704322638E-5
1.56233455187193,-8.79817057275413E-6,-2.01038961929681E-5,1.85413900171509E-5
1.56253151790217,-1.60376086205991E-5,-2.08202457924924E-5,7.84352496190491E-6
1.56272853360232,-3.25701229604892E-5,-2.14768931256865E-5,-1.81928969290763E-5
1.56292559899117,-2.20428590125891E-5,-2.21470309936434E-5,1.70842048929047E-7
1.56312271408753,-1.90228916583971E-5,-2.28292229909024E-5,6.24238338530873E-6
1.56331987891019,-1.82424397532111E-5,-2.36243730465528E-5,8.8263706010804E-6
1.56351709347799,-1.68412855877551E-5,-2.42654497492837E-5,1.21756292249069E-5
1.56371435780974,-2.40525046007381E-5,-2.49671353330099E-5,1.49999440092571E-6
1.56391167192429,-2.21065016285691E-5,-2.56296225186273E-5,5.7779182596954E-6
1.56410903584048,-1.51815057683821E-5,-2.61758823005014E-5,1.80307775126756E-5
1.56430644957718,-1.66646585390961E-5,-2.68776097910165E-5,1.67492400531494E-5
1.56450391315324,-1.08445996750882E-5,-2.75039028389218E-5,2.73212571886872E-5
1.56470142658755,-1.12367931463351E-5,-2.80815491718653E-5,2.76253998818695E-5
1.56489898989899,-2.28239002840991E-5,-2.86060591498374E-5,9.48274053981078E-6
1.56509660310645,-1.93321094327942E-5,-2.9015722747339E-5,1.58811258358535E-5
1.56529426622885,-1.20848299414731E-5,-2.95518076298529E-5,2.86458434089429E-5
1.56549197928508,-2.43817508450451E-5,-3.01638940465942E-5,9.48271485054049E-6
1.56568974229409,-1.38936150847551E-5,-3.06837094764284E-5,2.75357548023441E-5
1.56588755527479,-1.31310121965131E-5,-3.13032454229424E-5,2.9802462491344E-5
1.56608541824615,-1.96764265792302E-5,-3.18372201270548E-5,1.99437014184324E-5
1.5662833312271,-1.69456176149632E-5,-3.24555870317395E-5,2.54363498435133E-5
1.5664812942366,-2.31319559658751E-5,-3.31294378685082E-5,1.63958703203183E-5
1.56667930729364,-6.46719715118515E-6,-3.36217401881136E-5,4.45334505805627E-5
1.56687737041719,-1.86865138548791E-5,-3.39925948962157E-5,2.51019729077919E-5
1.56707548362625,-2.75985126804531E-5,-3.44406324406051E-5,1.12210764066493E-5
1.56727364693981,-2.69413439701891E-5,-3.48456031242047E-5,1.29629850125856E-5
1.56747186037688,-2.44981138107121E-5,-3.5159478769248E-5,1.74846385319989E-5
1.56767012395649,-3.98997590305301E-5,-3.55450435138116E-5,-7.14173344741845E-6
1.56786843769766,-3.97191402877721E-5,-3.5900258729047E-5,-6.26296575630925E-6
1.56806680161943,-3.74906925385761E-5,-3.60875391430728E-5,-2.30117156862552E-6
1.56826521574086,-3.74909454338811E-5,-3.63146754932178E-5,-1.92908270268785E-6
1.56846368008099,-2.03546951583982E-5,-3.65288653653175E-5,2.65256391393477E-5
1.5686621946589,-3.29349424228582E-5,-3.67530536659524E-5,6.26170243867449E-6
1.56886075949367,-3.35201111642951E-5,-3.69753749201468E-5,5.6666325595968E-6
1.56905937460438,-3.86918054319302E-5,-3.7151502129286E-5,-2.52609741633646E-6
1.56925804001013,-4.57275126916592E-5,-3.72385431845108E-5,-1.39219099917232E-5
1.56945675573002,-5.35802182410101E-5,-3.74582311455165E-5,-2.64400588366096E-5
1.56965552178318,-3.91298220638992E-5,-3.7744538175522E-5,-2.2718655769386E-6
1.56985433818873,-4.44892403946911E-5,-3.7978166273415E-5,-1.06781615588928E-5
1.5700532049658,-5.71890623961982E-5,-3.8114287370634E-5,-3.12826310419251E-5
1.57025212213354,-5.17818963936722E-5,-3.83439075517564E-5,-2.20383017007418E-5
1.5704510897111,-5.00183485531002E-5,-3.9037733055056E-5,-1.80082094167925E-5
1.57065010771765,-5.05986392699931E-5,-3.98111238988226E-5,-1.76915252087197E-5
1.57084917617237,-4.58981890535221E-5,-4.03995510569212E-5,-9.01776631442551E-6
1.57104829509444,-5.10408728045711E-5,-4.12106013236127E-5,-1.61216452287718E-5
1.57124746450304,-4.77252642756091E-5,-4.21429299149822E-5,-9.15502835142811E-6
1.5714466844174,-4.98413568442111E-5,-4.29396488023459E-5,-1.13188011886591E-5
1.57164595485671,-3.87028966867351E-5,-4.39015042124607E-5,8.52571634218995E-6
1.5718452758402,-3.97914338955162E-5,-4.47704001495516E-5,8.16550465661806E-6
1.57204464738711,-5.55589413858381E-5,-4.53356554828075E-5,-1.67661888809703E-5
1.57224406951668,-5.92275832789642E-5,-4.59009108160636E-5,-2.18557428391569E-5
1.57244354224816,-4.41904999820601E-5,-4.64661661493197E-5,3.73209251430562E-6
1.57264306560081,-3.54313300188672E-5,-4.70314214825758E-5,1.90241500004822E-5
1.57284263959391,-5.20532166175392E-5,-4.75966768158319E-5,-7.30872527479998E-6
1.57304226424673,-4.53872291106312E-5,-4.8161932149088E-5,4.55051298306916E-6
1.57324193957857,-5.23910034887852E-5,-4.8727187482344E-5,-6.00865825056344E-6
1.57344166560873,-4.28589558551762E-5,-4.92924428156001E-5,1.05509186150954E-5
1.57364144235653,-3.93199866331492E-5,-4.98576981488562E-5,1.72818468857596E-5
1.57384126984127,-3.50065628094271E-5,-5.04229534821123E-5,2.52828807032037E-5
1.5740411480823,-5.35986142091021E-5,-5.09882088153684E-5,-4.28106484572331E-6
1.57424107709895,-4.79883394165321E-5,-5.15534641486245E-5,5.84680456063155E-6
1.57444105691057,-4.54333647591572E-5,-5.21187194818806E-5,1.09639817452664E-5
1.57464108753653,-5.09422905980281E-5,-5.26839748151367E-5,2.85636211605806E-6
1.57484116899619,-5.90694712798501E-5,-5.32492301483928E-5,-9.5451954555901E-6
1.57504130130893,-5.96970111552001E-5,-5.38144854816489E-5,-9.64734210462407E-6
1.57524148449415,-4.82025983895521E-5,-5.43797408149049E-5,1.01305135775786E-5
1.57544171857125,-6.27338823061952E-5,-5.49449961481611E-5,-1.27737732991759E-5
1.57564200355962,-5.72187941821481E-5,-5.55102514814171E-5,-2.80201002919881E-6
1.5758423394787,-4.54704435916261E-5,-5.60755068146732E-5,1.73923036857972E-5
1.57604272634791,-7.06504544388451E-5,-5.66407621479293E-5,-2.2975895357102E-5
1.5762431641867,-6.21448253261721E-5,-5.72060174811854E-5,-8.09964486577822E-6
1.5764436530145,-5.50525132456051E-5,-5.77712728144415E-5,4.4587656928917E-6
1.57664419285078,-6.08014284267111E-5,-5.83365281476976E-5,-4.0424364575822E-6
1.57684478371501,-6.19566003127811E-5,-5.89017834809537E-5,-5.009899604197E-6
1.57704542562667,-5.88537016701452E-5,-5.94670388142098E-5,1.00587291626598E-6
1.57724611860524,-5.73409189107861E-5,-6.00322941474659E-5,4.41385538815481E-6
1.57744686267023,-5.48228257210001E-5,-6.0597549480722E-5,9.47054696594377E-6
1.57764765784114,-6.35965600092031E-5,-6.11628048139781E-5,-3.99135852016912E-6
1.57784850413749,-7.40170495792302E-5,-6.17280601472341E-5,-2.01539426684735E-5
1.57804940157881,-6.32155150568912E-5,-6.22933154804903E-5,-1.5124073052975E-6
1.57825035018464,-6.90314597231282E-5,-6.28585708137463E-5,-1.01235378113862E-5
1.57845134997453,-7.44943444190172E-5,-6.34238261470024E-5,-1.81556499661042E-5
1.57865240096803,-7.13472880897451E-5,-6.39890814802585E-5,-1.20674588395581E-5
1.57885350318471,-5.93624264120541E-5,-6.45543368135146E-5,8.51473305839518E-6
1.57905465664416,-5.52354512577881E-5,-6.51195921467707E-5,1.62099910579314E-5
1.57925586136595,-6.23667452147472E-5,-6.56848474800268E-5,5.44168771505857E-6
1.5794571173697,-6.34105216169822E-5,-6.62501028132829E-5,4.65691316193315E-6
1.57965842467499,-5.92236428343682E-5,-6.6815358146539E-5,1.24504131119601E-5
1.57985978330147,-7.42264947471531E-5,-6.7380613479795E-5,-1.12272452784673E-5
1.58006119326874,-6.32089201174201E-5,-6.79458688130512E-5,7.7685958608349E-6
1.58026265459646,-8.14382987352831E-5,-6.85111241463072E-5,-2.12005663259205E-5
1.58046416730426,-6.91571362161011E-5,-6.90763794795633E-5,-1.32441047922011E-7
1.58066573141181,-6.34786123484891E-5,-6.96416348128194E-5,1.01073568415016E-5
1.58086734693878,-6.88831780449242E-5,-7.02068901460755E-5,2.17088784588819E-6
1.58106901390483,-7.87928784678111E-5,-7.07721454793316E-5,-1.31540021011065E-5
1.58127073232968,-7.52870289121462E-5,-7.13374008125877E-5,-6.4773900832759E-6
1.581472502233,-8.21924068149681E-5,-7.19026561458438E-5,-1.6875191097364E-5
1.58167432363451,-6.91747926459931E-5,-7.24679114790999E-5,5.40071488629505E-6
1.58187619655392,-6.61130715512441E-5,-7.3033166812356E-5,1.13489562282235E-5
1.58207812101098,-6.51372889191581E-5,-7.35984221456121E-5,1.38762584913844E-5
1.58228009702541,-6.98624663255301E-5,-7.41636774788682E-5,7.05398629147439E-6
1.58248212461696,-7.51899908758351E-5,-7.47289328121242E-5,-7.56135224485872E-7
1.58268420380539,-6.89507273901421E-5,-7.52941881453804E-5,1.04032756385907E-5
1.58288633461047,-5.73941569885191E-5,-7.58594434786364E-5,3.02830698437923E-5
1.58308851705199,-5.97401771044031E-5,-7.64246988118925E-5,2.73626156002827E-5
1.58329075114972,-6.58703896816281E-5,-7.69899541451486E-5,1.82360857201736E-5
1.58349303692347,-7.11921489520682E-5,-7.75552094784047E-5,1.04354192631919E-5
1.58369537439305,-6.55310594249311E-5,-7.81204648116608E-5,2.06466248342366E-5
1.58389776357827,-5.68030899379952E-5,-7.86857201449169E-5,3.58875135393516E-5
1.58410020449898,-6.22266365796681E-5,-7.9250975478173E-5,2.79199157935479E-5
1.584302697175,-6.22540241424841E-5,-7.98162308114291E-5,2.88020189370698E-5
1.58450524162618,-5.95096977015031E-5,-8.03814861446851E-5,3.42297330468185E-5
1.58470783787239,-6.99660062107632E-5,-8.09467414779413E-5,1.80084058381721E-5
1.5849104859335,-6.67568550939241E-5,-8.15119968111973E-5,2.41984324163281E-5
1.58511318582939,-6.56921833960301E-5,-8.20772521444534E-5,2.68715127474142E-5
1.58531593757994,-6.04416036016791E-5,-8.26425074777095E-5,3.64094823566898E-5
1.58551874120507,-6.03572470350091E-5,-8.32077628109656E-5,3.74748458725686E-5
1.58572159672467,-5.92535555432941E-5,-8.37730181442217E-5,4.02119186655212E-5
1.58592450415867,-5.89910569138611E-5,-8.43382734774778E-5,4.15694351643313E-5
1.586127463527,-5.76292307240062E-5,-8.49035288107339E-5,4.47298488622334E-5
1.58633047484961,-5.58616426105511E-5,-8.546878414399E-5,4.85557121148397E-5
1.58653353814644,-5.61816213963572E-5,-8.6034039477246E-5,4.89579656526578E-5
1.58673665343746,-7.54799901288131E-5,-8.65992948105022E-5,1.823565967797E-5
1.58693982074264,-7.00740350075752E-5,-8.71645501437583E-5,2.80284448233403E-5
1.58714304008196,-5.85768809491021E-5,-8.77298054770143E-5,4.7810796225776E-5
1.58734631147541,-6.32260480870662E-5,-8.82950608102705E-5,4.1113180866055E-5
1.587549634943,-1.20279799961173E-4,-8.88603161435265E-5,-5.15279534609404E-5
1.58775301050474,-1.53850697067162E-4,-8.94255714767826E-5,-1.05657205968222E-4
1.58795643818065,-1.3574495525553E-4,-8.99908268100387E-5,-7.50367706506059E-5
1.58815991799077,-1.49389021440906E-4,-9.05560821432948E-5,-9.64860204480826E-5
1.58836344995515,-1.55117973485443E-4,-9.11213374765509E-5,-1.04954483054583E-4
1.58856703409382,-1.43850088391904E-4,-9.1686592809807E-5,-8.55481327546393E-5
1.58877067042687,-1.49734191113412E-4,-9.22518481430631E-5,-9.42710424713725E-5
1.58897435897436,-1.29852966466496E-4,-9.28171034763192E-5,-6.07388153038902E-5
