1.568662194658904108e+00,-6.305048401729373454e-05
1.568463680080992129e+00,-5.943549247578307042e-05
1.568265215740858087e+00,-5.362954093427244311e-05
1.568066801619433459e+00,-5.419478939276179980e-05
1.567868437697659934e+00,-5.761203785125117594e-05
1.567670123956488748e+00,-5.105224630974061414e-05
1.567471860376881354e+00,-5.182549476822988482e-05
1.567273646939808085e+00,-4.370258322671926200e-05
1.567075483626248822e+00,-5.246460168520860560e-05
1.566877370417193438e+00,-4.613178014369794314e-05
1.566679307293641799e+00,-3.722255860218735054e-05
1.566481294236602650e+00,-4.026910706067662535e-05
1.566283331227094955e+00,-3.697022551916616037e-05
1.566085418246146332e+00,-3.961987397765550679e-05
1.565887555274794840e+00,-3.898779243614479070e-05
1.565689742294088083e+00,-3.297822089463420345e-05
1.565491979285082769e+00,-2.839231935312350359e-05
1.565294266228845821e+00,-2.390796781161284683e-05
1.565096603106453044e+00,-2.477635627010229494e-05
1.564898989898990012e+00,-2.539186472859161683e-05
1.564701426587552069e+00,-2.041271318708104063e-05
1.564503913153244108e+00,-1.547850164557032851e-05
1.564306449577180569e+00,-2.079107010405974870e-05
1.564109035840484774e+00,-2.160495856254904343e-05
1.563911671924290259e+00,-1.469380702103840509e-05
1.563714357809740108e+00,-1.612135547952777553e-05
1.563517093477986730e+00,-1.287680393801705903e-05
1.563319878910191862e+00,-1.165321239650655635e-05
1.563122714087527010e+00,-8.953500854995844610e-06
1.562925598991172782e+00,-1.238684931348528993e-05
1.562728533602320002e+00,-9.487137771974573329e-06
1.562531517902168376e+00,-6.933706230463957364e-06
1.562334551871927601e+00,-1.187194468895325268e-05
1.562137635492815813e+00,-8.902683147442779985e-06
1.561940768746061803e+00,-7.910141605932136805e-06
1.561743951612903247e+00,-7.264940064421370261e-06
1.561547184074587369e+00,-3.821288522910847377e-06
1.561350466112371160e+00,-7.999536981400170998e-06
1.561153797707520052e+00,-5.129685439889510382e-06
1.560957178841309911e+00,-4.872633898378832609e-06
1.560760609495025930e+00,-2.104282356868089621e-06
1.560564089649962183e+00,-1.108753081535750022e-05
1.560367619287423180e+00,-5.885679273846767742e-06
1.560171198388721203e+00,-5.275527732336244072e-06
1.559974826935179415e+00,-4.952976190825781819e-06
1.559778504908129859e+00,-3.867624649315191954e-06
1.559582232288914128e+00,-6.720373107804407734e-06
1.559386009058882916e+00,-4.051421566293733623e-06
1.559189835199396246e+00,-2.446370024783081631e-06
1.558993710691823908e+00,-5.216184832724807957e-07
1.558797635517545022e+00,-4.933566941761917055e-06
1.558601609657947806e+00,6.111845997488693505e-07
1.558405633094430032e+00,-2.554963858740532182e-06
1.558209705808398349e+00,-3.249312317229894123e-06
1.558013827781269844e+00,2.716339224280656453e-06
1.557817998994469599e+00,6.512090765791334751e-06
1.557622219429433130e+00,1.821142307301950800e-06
1.557426489067605058e+00,6.908293848812601182e-06
1.557230807890438662e+00,3.792145390323336390e-06
1.557035175879396993e+00,9.606296931833832597e-06
1.556839593015952872e+00,1.015814847334442494e-05
1.556644059281587555e+00,4.522300014855049413e-06
1.556448574657792516e+00,8.245651556365758694e-06
1.556253139126067442e+00,9.358603097876436183e-06
1.556057752667922234e+00,1.586254639387085427e-06
1.555862415264875898e+00,1.222540618089776668e-05
1.555667126898456099e+00,9.525457722408398054e-06
1.555471887550200938e+00,1.573910926391895032e-05
1.555276697201656511e+00,1.075846080542965620e-05
1.555081555834379126e+00,1.937171234694034724e-05
1.554886463429933530e+00,1.515366388845089569e-05
1.554691419969894683e+00,2.393381542996168843e-05
1.554496425435846207e+00,2.039486697147201155e-05
1.554301479809380604e+00,1.810511851298287830e-05
1.554106583072100367e+00,1.810397005449332873e-05
1.553911735205616873e+00,1.433802159600408924e-05
1.553716936191550824e+00,1.421097313751475827e-05
1.553522186011532025e+00,9.066124679025415814e-06
1.553327484647199164e+00,1.724467622053597361e-05
1.553132832080200698e+00,1.545622776204669951e-05
1.552938228292193967e+00,1.757537930355723872e-05
1.552743673264845858e+00,1.287943084506788446e-05
1.552549166979832362e+00,1.874988238657849735e-05
1.552354709418837908e+00,2.394043392808927959e-05
1.552160300563556694e+00,1.947268546959989716e-05
1.551965940395692467e+00,2.625123701111052935e-05
1.551771628896957633e+00,2.143198855262119611e-05
1.551577366049073703e+00,2.277334009413169678e-05
1.551383151833771512e+00,2.712889163564245060e-05
1.551188986232791001e+00,2.766124317715289854e-05
1.550994869227881434e+00,2.773109471866349110e-05
1.550800800800800738e+00,3.184274626017434030e-05
1.550606780933316831e+00,3.068089780168493583e-05
1.550412809607205622e+00,2.743824934319546820e-05
1.550218886804252794e+00,2.469820088470630302e-05
1.550025012506253130e+00,3.514045242621684391e-05
1.549831186695010743e+00,3.598170396772746096e-05
1.549637409352338180e+00,3.760525550923813319e-05
1.549443680460057760e+00,3.604170705074878980e-05
1.549250000000000016e+00,3.887765859225938286e-05
1.549056367954005919e+00,3.611701013377013186e-05
1.548862784303923990e+00,3.701076167528087081e-05
1.548669249031613404e+00,3.649101321679120054e-05
1.548475762118940668e+00,3.504866475830198738e-05
1.548282323547782724e+00,3.189881629981250639e-05
1.548088933300024950e+00,3.736526784132326341e-05
1.547895591357562051e+00,3.239631938283383909e-05
1.547702297702297836e+00,3.231867092434444026e-05
1.547509052316144551e+00,3.719342246585508570e-05
1.547315855181023769e+00,2.994817400736571843e-05
1.547122706278866611e+00,3.348172554887632324e-05
1.546929605591612633e+00,3.405457709038713782e-05
1.546736553101210720e+00,3.250162863189772280e-05
1.546543548789618416e+00,3.754558017340838688e-05
1.546350592638802368e+00,2.950873171491904569e-05
1.546157684630738549e+00,3.321088325642968138e-05
1.545964824747411814e+00,2.861733479794033481e-05
1.545772012970815901e+00,3.015468633945066895e-05
1.545579249282953205e+00,2.653133788096170148e-05
1.545386533665835449e+00,2.588538942247214751e-05
1.545193866101483682e+00,2.355074096398266509e-05
1.545001246571927167e+00,1.499979250549343668e-05
1.544808675059204939e+00,2.825524404700399325e-05
1.544616151545364024e+00,1.811629558851469805e-05
1.544423676012461222e+00,1.869404713002523200e-05
1.544231248442561766e+00,1.940269867153595132e-05
1.544038868817740218e+00,1.061245021304665220e-05
1.543846537120080020e+00,1.207700175455731460e-05
1.543654253331672832e+00,1.266625329606786698e-05
1.543462017434620304e+00,1.525150483757862184e-05
1.543269829411032301e+00,7.610456379088942347e-06
1.543077689243028017e+00,9.303607920599929818e-06
1.542885596912735080e+00,3.204759462110311555e-06
1.542693552402290447e+00,3.513110036212907517e-07
1.542501555693839510e+00,2.763462545131564405e-06
1.542309606769537211e+00,1.029314086642375489e-06
1.542117705611546707e+00,-2.056534371846965165e-06
1.541925852202040481e+00,-3.922982830336383189e-06
1.541734046523199453e+00,-1.771931288825807915e-06
1.541542288557214091e+00,6.402025268486925824e-08
1.541350578286282857e+00,-1.263282058043633388e-07
1.541158915692613762e+00,2.069023335706139666e-06
1.540967300758423697e+00,1.578774877216771247e-06
1.540775733465937547e+00,4.205526418727366378e-06
1.540584213797389745e+00,6.332277960238111986e-06
1.540392741735023607e+00,3.698929501748686108e-06
1.540201317261091107e+00,1.147248104325948072e-05
1.540009940357853102e+00,1.424323258476995792e-05
1.539818611007578664e+00,1.241768412628082609e-05
1.539627329192546634e+00,1.289063566779118444e-05
1.539436094895044072e+00,1.846518720930259184e-05
1.539244908097367137e+00,1.969777112956856355e-05
1.539053768781820652e+00,1.891103458471848041e-05
1.538862676930717877e+00,1.862131365448489555e-05
1.538671632526381172e+00,1.418431564783988186e-05
1.538480635551142006e+00,1.400930933554865240e-05
1.538289685987340283e+00,1.505053471760847521e-05
1.538098783817324566e+00,1.342460528239272817e-05
1.537907929023452303e+00,7.448306279070858460e-06
1.537717121588089375e+00,5.397798006645006252e-07
1.537526361493611216e+00,4.542413687707094749e-06
1.537335648722401471e+00,-4.609835581395561530e-06
1.537144983256852449e+00,-5.907892491694355028e-06
1.536954365079365337e+00,-6.110304451827173328e-06
1.536763794172349762e+00,-6.132345315614700157e-06
1.536573270518224676e+00,-1.203933059800701630e-05
1.536382794099417470e+00,-6.642534086378701352e-06
1.536192364898364193e+00,-1.050143275747503734e-05
1.536001982897509111e+00,-2.943132425248544057e-06
1.535811648079306257e+00,-1.005448671096342492e-05
1.535621360426217441e+00,-1.082719102989994353e-05
1.535431119920713572e+00,-1.178943887043186305e-05
1.535240926545274665e+00,-1.187611840531600793e-05
1.535050780282388061e+00,-1.764281063122447729e-06
1.534860681114551095e+00,-3.883717607972708707e-06
1.534670629024269539e+00,-4.671957142855787115e-06
1.534480623994057158e+00,-3.818007641196753676e-06
1.534290666006437487e+00,5.558406312292313647e-06
1.534100755043941167e+00,5.158937674418044572e-06
1.533910891089109052e+00,7.007135681063886984e-06
1.533721074124489547e+00,1.033264232558144501e-05
1.533531304132640383e+00,2.315255116279034582e-05
1.533341581096127948e+00,1.730999016611172066e-05
1.533151904997526183e+00,2.056007903654486629e-05
1.532962275819418796e+00,1.820854102990037728e-05
1.532772693544397713e+00,2.443084119601386835e-05
1.532583158155063741e+00,3.198724352159484745e-05
1.532393669634025901e+00,2.656608471760858216e-05
1.532204227963901655e+00,2.833708106312260097e-05
1.532014833127317788e+00,1.583567740863793191e-05
1.531825485106909079e+00,1.599451129568056802e-05
1.531636183885318969e+00,2.057465448505055652e-05
1.531446929445199778e+00,1.414078671096346065e-05
1.531257721769211821e+00,7.116145182724719839e-06
1.531068560840024739e+00,4.068622591362446028e-06
1.530879446640316166e+00,5.904651827242724318e-06
1.530690379152772618e+00,3.354154817276303741e-06
1.530501358360089048e+00,2.548303654484589814e-06
1.530312384244968626e+00,-6.557928571429300774e-06
1.530123456790123626e+00,-2.889295016611026848e-06
1.529934575978274314e+00,-4.008623920265068363e-06
1.529745741792150060e+00,-8.834834883719982351e-06
1.529556954214488673e+00,-8.329062458471399658e-06
1.529368213228035733e+00,-1.176721295681102362e-05
1.529179518815546146e+00,-1.003982691029814585e-05
1.528990870959783033e+00,-8.810521594684048510e-06
1.528802269643517953e+00,-1.077471362126284672e-05
1.528613714849531569e+00,-3.706076744185247268e-06
1.528425206560611871e+00,-1.268373089700967730e-05
1.528236744759556176e+00,-2.979172425248300532e-06
1.528048329429170238e+00,-5.977706644517749232e-06
1.527859960552268248e+00,-3.922569102989947182e-06
1.527671638111672836e+00,-7.355105980065773999e-06
1.527483362090214625e+00,-3.375038870431518873e-06
1.527295132470733341e+00,4.271095016612118725e-06
1.527106949236076927e+00,4.545469767441422809e-06
1.526918812369101985e+00,1.195977408638242145e-06
1.526730721852673334e+00,2.022971428571442368e-06
1.526542677669664005e+00,-4.602374750829578420e-06
1.526354679802955694e+00,1.065774551495127578e-05
1.526166728235438974e+00,-3.706232558139000571e-07
1.525978822950012415e+00,6.696050498339930351e-06
1.525790963929582800e+00,7.698315282391766934e-06
1.525603151157065573e+00,1.273362923588129691e-05
1.525415384615384617e+00,6.168229235880033287e-06
1.525227664287472473e+00,9.366883720930653176e-06
1.525039990156269232e+00,1.274715282392020407e-05
1.524852362204724532e+00,4.578135880398386676e-06
1.524664780415795562e+00,8.087861129568848714e-06
1.524477244772447726e+00,1.026021694352260809e-05
1.524289755257655976e+00,-2.101440863786462054e-06
1.524102311854402370e+00,-8.608744186048948588e-07
1.523914914545678290e+00,-7.025692691030099510e-06
1.523727563314482669e+00,-5.039733554816150721e-06
1.523540258143823101e+00,-1.195253455149526862e-05
1.523352999016715836e+00,-1.220360232558081494e-05
1.523165785916185344e+00,-1.607626179401903943e-05
1.522978618825264308e+00,-9.519909966776776700e-06
1.522791497726993626e+00,-5.582393023255719997e-06
1.522604422604422636e+00,-2.244598671096299618e-05
1.522417393440609334e+00,-1.562587408637816123e-05
1.522230410218619490e+00,-1.268686578073099577e-05
1.522043472921527973e+00,-1.165365980066454879e-05
1.521856581532416763e+00,-1.856054352159419892e-05
1.521669736034376941e+00,-2.806588239202541073e-05
1.521482936410508247e+00,-1.184151063122877191e-05
1.521296182643917971e+00,-1.506536810631309634e-05
1.521109474717722287e+00,-2.304845415282289270e-05
1.520922812615044917e+00,-1.451178936877047312e-05
1.520736196319018463e+00,-1.523134451827251601e-05
1.520549625812783745e+00,-1.316485028188653719e-05
1.520363101079489798e+00,-2.392045604549994896e-05
1.520176622102293873e+00,-1.021416180911356025e-05
1.519990188864361214e+00,-1.720316757272710197e-05
1.519803801348865946e+00,-1.108927333634069159e-05
1.519617459538989745e+00,-1.514167909995420454e-05
1.519431163417923392e+00,-1.584108486356772434e-05
1.519244912968865213e+00,-1.993239062718127515e-05
1.519058708175021533e+00,-1.597509639079497216e-05
1.518872549019607998e+00,-1.261050215440847125e-05
1.518686435485847364e+00,-1.227450791802214662e-05
1.518500367556971264e+00,-6.865313681635567059e-06
1.518314345216219774e+00,-1.083011944524934871e-05
1.518128368446839849e+00,-1.082372520886287943e-05
1.517942437232088215e+00,-8.411730972476393758e-06
1.517756551555229150e+00,-1.045053673608999090e-05
1.517570711399534700e+00,-6.474642499703416737e-06
1.517384916748286239e+00,-5.807748263317010287e-06
1.517199167584771802e+00,-1.230255402693051191e-05
1.517013463892288971e+00,-2.698359790544125822e-06
1.516827805654142658e+00,-9.006655541576522039e-07
1.516642192853646653e+00,-2.100071317771238372e-06
1.516456625474122299e+00,-1.702277081384656263e-06
1.516271103498899153e+00,3.106717155001515254e-06
1.516085626911314987e+00,5.967811391388057329e-06
1.515900195694716235e+00,5.753905627774429793e-06
1.515714809832456877e+00,-1.750700135839076965e-06
1.515529469307899335e+00,8.174394100547233491e-06
1.515344174104413799e+00,5.144988336933673315e-06
1.515158924205379121e+00,1.776148257332009830e-05
1.514973719594181700e+00,1.918027680970660169e-05
1.514788560254216598e+00,8.809371046092969587e-06
1.514603446168886869e+00,1.534246528247943178e-05
1.514418377321603337e+00,2.229235951886599475e-05
1.514233353695785045e+00,2.431055375525241653e-05
1.514048375274859692e+00,1.730044799163883533e-05
1.513863442042262086e+00,2.879204222802525352e-05
1.513678553981436359e+00,2.276413646441180667e-05
1.513493711075833525e+00,3.466003070079818303e-05
1.513308913308913484e+00,4.318922493718444812e-05
1.513124160664143680e+00,3.721651917357095968e-05
1.512939453125000000e+00,3.018841340995752874e-05
1.512754790674966543e+00,3.363230764634374953e-05
1.512570173297534959e+00,3.575630188273025423e-05
1.512385600976205113e+00,3.596469611911665143e-05
1.512201073694485087e+00,4.344549035550319266e-05
1.512016591435891177e+00,3.488828459188961402e-05
1.511832154183947452e+00,3.888247882827614021e-05
1.511647761922185751e+00,3.550497306466248761e-05
1.511463414634146352e+00,3.366956730104886213e-05
1.511279112303377747e+00,4.359026153743540688e-05
1.511094854913435759e+00,4.225415577382182590e-05
1.510910642447885088e+00,2.906015001020827160e-05
1.510726474890297544e+00,2.514984424659486018e-05
1.510542352224253593e+00,1.917043848298082172e-05
1.510358274433341474e+00,1.594703271936767641e-05
1.510174241501157644e+00,2.286922695575368397e-05
1.509990253411306327e+00,3.340821192140876889e-06
1.509806310147399300e+00,5.957015428526522827e-06
1.509622411693057442e+00,-3.478903350868402244e-07
1.509438558031908517e+00,3.388903901299731430e-06
1.509254749147588948e+00,-1.027120186231382168e-05
1.509070985023743150e+00,-1.378630762592734232e-05
1.508887265644022646e+00,-1.458381338954092138e-05
1.508703590992087840e+00,-2.103671915315444632e-05
1.508519961051606684e+00,-1.234382491676786972e-05
1.508336375806255347e+00,-2.802013068038157473e-05
1.508152835239717993e+00,-3.308703644399517765e-05
1.507969339335685666e+00,-2.856154220760853679e-05
1.507785888077858960e+00,-2.852984797122254737e-05
1.507602481449945353e+00,-3.164795373483556343e-05
1.507419119435660537e+00,-4.018995949844981347e-05
1.507235802018728199e+00,-4.375376526206259387e-05
1.507052529182879574e+00,-4.249887102567668704e-05
1.506869300911854115e+00,-3.792197678929029939e-05
1.506686117189399488e+00,-4.638028255290376281e-05
1.506502977999270687e+00,-3.707818831651717856e-05
1.506319883325231146e+00,-4.425689408013100748e-05
1.506136833151051402e+00,-3.598439984374424139e-05
1.505953827460510430e+00,-4.608650560735793461e-05
1.505770866237395200e+00,-4.737461137097141034e-05
1.505587949465500452e+00,-4.542801713458511845e-05
1.505405077128628921e+00,-4.585282289819867310e-05
1.505222249210590446e+00,-4.167502866181220511e-05
1.505039465695203527e+00,-3.817523442542622089e-05
1.504856726566294434e+00,-3.236744018903902481e-05
1.504674031807696988e+00,-3.550474595265295033e-05
1.504491381403253447e+00,-3.471085171626638738e-05
1.504308775336812953e+00,-3.769095747988004952e-05
1.504126213592233086e+00,-2.906126324349377413e-05
1.503943696153379417e+00,-3.389166900710739380e-05
1.503761223004125291e+00,-2.663047477072071068e-05
1.503578794128351603e+00,-2.527538053433446216e-05
1.503396409509946796e+00,-2.819768629794792980e-05
1.503214069132807973e+00,-3.275969206156153016e-05
1.503031772980839342e+00,-2.521799782517503835e-05
1.502849521037953329e+00,-2.649190358878844229e-05
1.502667313288070128e+00,-1.980600935240191610e-05
1.502485149715117041e+00,-1.352001511601558237e-05
1.502303030303030473e+00,-2.610112087962895150e-05
1.502120955035753269e+00,-1.737432664324252418e-05
1.501938923897237155e+00,-1.561043240685651770e-05
1.501756936871440962e+00,-4.631938170469862559e-06
1.501574993942331071e+00,-8.412543934083714647e-06
1.501393095093882524e+00,-3.086944969769725780e-05
1.501211240310077688e+00,-1.135385546131070095e-05
1.501029429574906260e+00,-7.096661224924478983e-06
1.500847662872366373e+00,-9.497966988537658029e-06
1.500665940186463487e+00,-8.646872752151538860e-06
1.500484261501210836e+00,-1.485637851576489601e-05
1.500302626800629424e+00,-2.742784279378442103e-06
1.500121036068748470e+00,-4.700090042992002837e-06
1.499939489289604522e+00,1.466304193394312588e-06
1.499757986447241231e+00,3.543698429780972603e-06
1.499576527525710912e+00,-3.931207333832814621e-06
1.499395112509073424e+00,1.068928690255372196e-05
1.499213741381395959e+00,-5.971418861060000249e-06
1.499032414126753920e+00,5.339975375326985046e-06
1.498851130729229819e+00,4.924369611712664518e-06
1.498669891172914159e+00,7.459463848099711497e-06
1.498488695441905438e+00,9.909658084485562651e-06
1.498307543520309482e+00,-9.625476791279286015e-07
1.498126435392240108e+00,1.207514655725879654e-05
1.497945371041817797e+00,1.009734079364518408e-05
1.497764350453172355e+00,1.390273503003172997e-05
1.497583373610439805e+00,2.334732926641790163e-05
1.497402440497764831e+00,1.561452350280463988e-05
1.497221551099299441e+00,2.214611773919102425e-05
1.497040705399202976e+00,1.705951197557764240e-05
1.496859903381642543e+00,2.126640621196362532e-05
1.496679145030793467e+00,3.496420044835036808e-05
1.496498430330837959e+00,1.947829468473653847e-05
1.496317759265966663e+00,2.273488892112329046e-05
1.496137131820376887e+00,2.455938315750957890e-05
1.495956547978274154e+00,3.197607739389637937e-05
1.495776007723871759e+00,2.901407163028238423e-05
1.495595511041390102e+00,3.098486586666868853e-05
1.495415057915058021e+00,2.710606010305517677e-05
1.495234648329111016e+00,3.713745433944152380e-05
1.495054282267792578e+00,2.522284857582818632e-05
1.494873959715353973e+00,3.012854281221480704e-05
1.494693680656054013e+00,2.388943704860089709e-05
1.494513445074159064e+00,4.182843128498758833e-05
1.494333252953942814e+00,3.679132552137417272e-05
1.494153104279686728e+00,3.667631975776000988e-05
1.493972999035679816e+00,3.704411399414698700e-05
1.493792937206219085e+00,3.290740823053313335e-05
1.493612918775608867e+00,4.291840246691989644e-05
1.493432943728160156e+00,4.002239670330585627e-05
1.493253012048192829e+00,4.729489093969292332e-05
