1.47547619047619,-0.00128667797646049,-9.22223443954022E-4,-7.64454532506472E-4,0.573354983730572
1.47565186331706,-0.0011767653024951,-9.13033668807647E-4,-6.63731633687455E-4,0.375772570221906
1.47582757799476,-0.00113626490139256,-9.03843893661272E-4,-6.32421007731285E-4,0.179486495450787
1.47600333452423,-0.00109530136272149,-8.94654118514898E-4,-6.00647244206594E-4,0.0311168424801386
1.47617913292044,-0.00110695233788145,-8.85464343368523E-4,-6.21487994512928E-4,-0.298126223385713
1.47635497319833,-0.00118176204332416,-8.76274568222149E-4,-7.05487475102016E-4,-0.0409213274474222
1.47653085537289,-0.0011029474375261,-8.67084793075774E-4,-6.35862644450321E-4,0.0428518606127811
1.47670677945907,-0.00114832173535348,-8.578950179294E-4,-6.90426717424075E-4,-0.128337219970161
1.47688274547188,-0.00112972086118542,-8.48705242783025E-4,-6.8101561840239E-4,0.301989108912126
1.47705875342629,-0.00102363945757414,-8.39515467636651E-4,-5.84123989937491E-4,0.336981027980782
1.47723480333731,-9.92713447844715E-4,-8.30325692490276E-4,-5.62387755354439E-4,-0.137840920457497
1.47741089521993,-0.0010538104237313,-8.21135917343902E-4,-6.32674506387401E-4,0.0864885953909705
1.47758702908918,-9.43849996761548E-4,-8.11946142197527E-4,-5.31903854564021E-4,0.30033564225963
1.47776320496006,-9.29631116973162E-4,-8.02756367051152E-4,-5.2687474992201E-4,-0.182158893907074
1.4779394228476,-9.89670956835409E-4,-7.93566591904778E-4,-5.96104364930631E-4,0.228860843795491
1.47811568276685,-8.30557066252582E-4,-7.84376816758403E-4,-4.46180249494179E-4,0.42888537031329
1.47829198473282,-8.20100502945098E-4,-7.75187041612029E-4,-4.44913461333069E-4,-0.572680978298291
1.47846832876059,-0.00101415555886861,-7.65997266465654E-4,-6.48158292402951E-4,-0.414872982633794
1.47864471486519,-9.48028115737132E-4,-7.5680749131928E-4,-5.91220624417852E-4,0.228450005683973
1.47882114306169,-9.15179550910396E-4,-7.47617716172905E-4,-5.67561834737491E-4,0.198813999857567
1.47899761336516,-8.59484678155945E-4,-7.38427941026531E-4,-5.21056737129415E-4,-0.0496134457057582
1.47917412579067,-9.14325880288818E-4,-7.29238165880156E-4,-5.85087714408662E-4,-0.0267054372911781
1.47935068035331,-8.50519775960092E-4,-7.20048390733781E-4,-5.30471385226311E-4,-0.0543016101081505
1.47952727706816,-9.15138341497625E-4,-7.10858615587407E-4,-6.04279725910218E-4,0.173008016403963
1.47970391595033,-7.71002716649018E-4,-7.01668840441032E-4,-4.69333876207985E-4,0.542641013542767
1.47988059701493,-7.05042233150632E-4,-6.92479065294658E-4,-4.12563167855974E-4,0.263289264644013
1.48005732027705,-6.59578049697485E-4,-6.83289290148283E-4,-3.76288759549202E-4,-0.139392899779975
1.48023408575182,-7.35951051690519E-4,-6.74099515001909E-4,-4.6185153668861E-4,-0.158153389276848
1.48041089345437,-6.97103533996471E-4,-6.64909739855534E-4,-4.32193794140937E-4,0.125045108845051
1.48058774339983,-6.73350145869325E-4,-6.5571996470916E-4,-4.17630181160165E-4,0.106672565173197
1.48076463560335,-6.40988373442515E-4,-6.46530189562785E-4,-3.9445818387973E-4,0.00484729682301269
1.48094157008006,-6.53260825300196E-4,-6.37340414416411E-4,-4.15920410883785E-4,0.0949571323375384
1.48111854684512,-5.88993281354101E-4,-6.28150639270036E-4,-3.60842642084065E-4,-0.0221647567004037
1.48129556591371,-6.42741609660614E-4,-6.18960864123661E-4,-4.23780745536953E-4,-0.256271369865742
1.48147262730098,-6.61350213432044E-4,-6.09771088977287E-4,-4.51579124454758E-4,0.00407334873108453
1.48164973102212,-6.22912602576626E-4,-6.00581313830912E-4,-4.22331288745713E-4,0.173868670712287
1.4818268770923,-5.81377353393262E-4,-5.91391538684538E-4,-3.89985814708724E-4,0.120150543244094
1.48200406552673,-5.61962214354832E-4,-5.82201763538163E-4,-3.79760450816668E-4,0.0655245344550294
1.48218129634059,-5.39774315635679E-4,-5.73011988391789E-4,-3.6676232724389E-4,-0.0403051433017971
1.4823585695491,-5.57875817434573E-4,-5.63822213245414E-4,-3.94053604189158E-4,-0.0383632963403297
1.48253588516746,-5.34993059556428E-4,-5.5463243809904E-4,-3.80360621457389E-4,0.056800620488526
1.48271324321091,-5.19351449534558E-4,-5.45442662952665E-4,-3.73908786581893E-4,0.114464296166418
1.48289064369466,-4.76003010109872E-4,-5.3625288780629E-4,-3.39750122303582E-4,-0.20463916548241
1.48306808663396,-5.73603624144286E-4,-5.27063112659916E-4,-4.4654051148437E-4,-0.0928827038832011
1.48324557204404,-4.90568549226425E-4,-5.17873337513541E-4,-3.72695211712884E-4,0.479128070065659
1.48342309994016,-3.85124554264106E-4,-5.08683562367167E-4,-2.76440991896939E-4,0.104993961050427
1.48360067033756,-4.34924404014506E-4,-4.99493787220792E-4,-3.35430616793713E-4,-0.1456550976921
1.48377828325153,-4.18471332461192E-4,-4.90304012074418E-4,-3.28167320386775E-4,8.39147759850983E-4
1.48395593869732,-4.16248434677817E-4,-4.81114236928043E-4,-3.35134197749774E-4,0.0372178943083885
1.48413363669022,-3.86863023417878E-4,-4.71924461781669E-4,-3.1493856163621E-4,0.164806485025489
1.48431137724551,-3.39288129335116E-4,-4.62734686635294E-4,-2.76553442699822E-4,-0.114379026222625
1.48448916037849,-4.09161991525464E-4,-4.5354491148892E-4,-3.55617080036545E-4,-0.337071254635444
1.48466698610446,-4.40769518224702E-4,-4.44355136342545E-4,-3.96414381882157E-4,0.0498816696621051
1.48484485443872,-3.73027926927439E-4,-4.3516536119617E-4,-3.37862565731269E-4,0.179002796330648
1.4850227653966,-3.58710881126255E-4,-4.25975586049796E-4,-3.32735295076459E-4,0.135823946324573
1.48520071899341,-3.06308885896355E-4,-4.16785810903421E-4,-2.89523074992934E-4,0.309515548933812
1.48537871524449,-2.30156473787161E-4,-4.07596035757047E-4,-2.22560438030114E-4,0.062451297491429
1.48555675416517,-2.65707864813502E-4,-3.98406260610672E-4,-2.67301604202829E-4,-0.0902419391740794
1.4857348357708,-2.43907055616549E-4,-3.89216485464298E-4,-2.54690570152251E-4,-0.0386318132337335
1.48591296007673,-2.61093868225042E-4,-3.80026710317923E-4,-2.81067157907119E-4,-0.128955306259963
1.48609112709832,-2.71472345672245E-4,-3.70836935171549E-4,-3.00635410500697E-4,0.100508095603111
1.48626933685094,-2.06886579035288E-4,-3.61647160025174E-4,-2.45239419010114E-4,0.284961392370724
1.48644758934996,-1.51515922346942E-4,-3.52457384878799E-4,-1.99058537468143E-4,-0.251069350392918
1.48662588461077,-2.78047057900408E-4,-3.43267609732425E-4,-3.34779448167984E-4,-0.165550103941288
1.48680422264875,-1.92151570907268E-4,-3.3407783458605E-4,-2.58073736321218E-4,0.414864958553541
1.4869826034793,-1.11678001551432E-4,-3.24888059439676E-4,-1.86789942111756E-4,0.0816254188719156
1.48716102711783,-1.44661318895398E-4,-3.15698284293301E-4,-2.28963034602097E-4,-0.113673089066159
1.48733949357974,-1.33861997353115E-4,-3.06508509146927E-4,-2.27353488206188E-4,0.0339638897214569
1.48751800288046,-1.14156414547825E-4,-2.97318734000552E-4,-2.16837680547273E-4,-0.00779909982782906
1.48769655503541,-1.18270063722839E-4,-2.88128958854178E-4,-2.30141104868661E-4,-0.282137276192149
1.48787515006002,-1.96550297725865E-4,-2.78939183707803E-4,-3.17611114018062E-4,-0.311346640825946
1.48805378796974,-2.11106135935071E-4,-2.69749408561429E-4,-3.41356727373643E-4,0.117745897938669
1.48823246878002,-1.36087179933902E-4,-2.60559633415054E-4,-2.75527546518848E-4,0.222992568365571
1.4884111925063,-1.13034271156119E-4,-2.51369858268679E-4,-2.6166441288744E-4,0.0127531894289929
1.48858995916406,-1.13151269624155E-4,-2.42180083122305E-4,-2.7097118650185E-4,0.0617875471267788
1.48876876876877,-7.25560712460582E-5,-2.3299030797593E-4,-2.39565763270128E-4,-0.0294151341530096
1.4889476213359,-1.05301209595142E-4,-2.23800532829556E-4,-2.81500676765586E-4,0.106079420760278
1.48912651688093,-1.62121724940753E-5,-2.14610757683181E-4,-2.01601414810894E-4,-0.00394488718330543
1.48930545541937,-8.83526459374015E-5,-2.05420982536807E-4,-2.82931663400595E-4,-0.258351258679919
1.48948443696671,-9.02932900830019E-5,-1.96231207390432E-4,-2.9406208269257E-4,-0.0153368743870759
1.48966346153846,-7.54617748013652E-5,-1.87041432244058E-4,-2.88420342557308E-4,0.144719678800492
1.48984252915014,-2.00858816491421E-5,-1.77851657097683E-4,-2.42234224551459E-4,0.018828871996415
1.49002163981726,-5.03484259592813E-5,-1.68661881951308E-4,-2.81686544007973E-4,-0.132694011892419
1.49020079355537,-4.92421007132248E-5,-1.59472106804934E-4,-2.89769993908291E-4,0.0422378373758702
1.49037999037999,-1.68291589220789E-5,-1.50282331658559E-4,-2.6654682726352E-4,-0.0811643494470471
1.49055923030667,-5.99639203568781E-5,-1.41092556512185E-4,-3.18871363844693E-4,0.0643229526505388
1.49073851335097,2.52940647359383E-5,-1.3123572463192E-4,-2.43470210632142E-4,0.264186979091341
1.49091783952845,5.33880875734447E-5,-1.22473690241239E-4,-2.24138222185316E-4,0.169129368374357
1.49109720885467,1.03772591495681E-4,-1.1342578798588E-4,-1.82801620518439E-4,-0.152540085371196
1.49127662134521,1.63992470364714E-5,-1.04717390087038E-4,-2.78883362876491E-4,-0.0890877671110323
1.49145607701564,8.95661168312479E-5,-9.56807770624683E-5,-2.14753106106284E-4,0.32779862575959
1.49163557588157,1.52335211926234E-4,-8.64449520131246E-5,-1.61219836060641E-4,-0.249677767518823
1.49181511795859,1.79088533958649E-5,-7.76698234039582E-5,-3.04421323200177E-4,-0.484488057796966
1.49199470326231,-4.19006045340817E-6,-6.89908316858088E-5,-3.35199228767599E-4,-0.0671711696282516
1.49217433180833,1.16876345990146E-5,-5.97667341353451E-5,-3.2854563126564E-4,0.0692427889667493
1.49235400361228,3.83055768004579E-5,-5.13755457289772E-5,-3.10318877470565E-4,0.238129879353512
1.49253371868979,1.13914552319948E-4,-4.3126485991658E-5,-2.42958961688394E-4,0.219963434323794
1.49271347705649,1.34155586652629E-4,-3.45898458124341E-5,-2.31254567534937E-4,-0.0567619729748451
1.49289327872802,1.10203256943105E-4,-2.64231664718385E-5,-2.63373576585056E-4,-0.0231358042069859
1.49307312372003,1.41750049231125E-4,-1.86814047755135E-5,-2.39568545993362E-4,-0.0904813214226583
1.49325301204819,9.37107517972081E-5,-1.03568681840106E-5,-2.95932380018781E-4,-0.0926637702144395
1.49343294372816,1.24238478557662E-4,-2.86026303880086E-6,-2.72901258403537E-4,0.0768659525146058
1.49361291877561,1.36891480058334E-4,5.16150418018696E-6,-2.68270024121853E-4,0.0275347529984838
1.49379293720622,1.51343595545701E-4,1.43324442687175E-5,-2.62988848723016E-4,0.233233717250513
1.49397299903568,2.39216066087942E-4,2.3494383755962E-5,-1.8427831766802E-4,0.0396205645894737
1.49415310427969,1.83863674545439E-4,3.25997581892382E-5,-2.48736083643799E-4,-0.393015276017336
1.49433325295394,1.15789180874535E-4,4.16543171870208E-5,-3.25865136312486E-4,-0.0859542719227938
1.49451344507416,1.71697445079608E-4,5.13914927171599E-5,-2.79694047637552E-4,0.243006717546579
1.49469368065605,2.22725325164585E-4,6.10046834917442E-5,-2.38279358327159E-4,-0.0537622370224776
1.49487395971535,1.72037507945117E-4,7.11259568924079E-5,-2.99088448947291E-4,-0.0155385392023136
1.49505428226779,2.36612018313208E-4,8.04806042720013E-5,-2.43868585958793E-4,0.158369236171312
1.49523464832911,2.47339028341891E-4,8.93119302132309E-5,-2.4197290187134E-4,0.0138048920619201
1.49541505791506,2.59074167851675E-4,9.79621415412527E-5,-2.38887973689578E-4,-0.0617735057684674
1.49559551104139,2.42969713236746E-4,1.07237804110883E-4,-2.64268090874137E-4,-0.192290073563054
1.49577600772387,2.07790652941655E-4,1.16087941311102E-4,-3.08297288369447E-4,0.168360408027398
1.49595654797827,3.21359841172159E-4,1.24825641600625E-4,-2.03465800428466E-4,0.00804408084879987
1.49613713182038,2.27665008953001E-4,1.33082344665023E-4,-3.05417335712022E-4,-0.258429930215734
1.49631775926597,2.44573937810549E-4,1.41374197505353E-4,-2.96800259694804E-4,-0.13941935340721
1.49649843033084,1.92959623803471E-4,1.48757126519225E-4,-3.55797502715754E-4,0.0900944438161705
1.49667914503079,2.92147361844419E-4,1.56370591956781E-4,-2.64223230112363E-4,-0.0257596555503886
1.49685990338164,1.98863603347515E-4,1.63995771167605E-4,-3.6513216782009E-4,-0.148837502063422
1.4970407053992,2.52854302392909E-4,1.70873396745705E-4,-3.18019094352797E-4,0.148809541400644
1.4972215510993,2.66026887162375E-4,1.7734730631001E-4,-3.11320419147635E-4,0.088108231573544
1.49740244049776,2.97346259357555E-4,1.83491282316562E-4,-2.86145022959007E-4,-0.189432827273354
1.49758337361044,2.09889643463498E-4,1.89765488730036E-4,-3.79875845266538E-4,-0.129729333979259
1.49776435045317,2.62939857165715E-4,1.96018236699534E-4,-3.3307837953382E-4,0.0292788862026913
1.49794537104182,2.32502356664882E-4,2.01789351435121E-4,-3.6928699477024E-4,0.0280810759670686
1.49812643539224,2.84735248275922E-4,2.07635910810322E-4,-3.229006625344E-4,-0.0121657601831291
1.49830754352031,2.39503027262428E-4,2.13207873403922E-4,-3.73704846141494E-4,0.0313803844775135
1.49848869544191,3.07578891756568E-4,2.19098035497445E-4,-3.11519143740877E-4,0.0486584682025567
1.49866989117291,2.68245625538685E-4,2.24332097109049E-4,-3.56086471570364E-4,-0.0178258375630724
1.49885113072923,3.10751778222536E-4,2.28721636366577E-4,-3.17969858144042E-4,0.227787688103841
1.49903241412675,3.59629228554204E-4,2.33136668371561E-4,-2.73507439817356E-4,0.0195632132840227
1.4992137413814,3.26529748568636E-4,2.3741567580475E-4,-3.10885927236114E-4,-0.19260049993046
1.49939511250907,2.98139999599521E-4,2.41502735232649E-4,-3.43362735633128E-4,-0.0727551536211825
1.49957652752571,3.08249078504685E-4,2.45524901671916E-4,-3.37275823167231E-4,0.0200065720034386
1.49975798644724,3.13722904099732E-4,2.49826370889571E-4,-3.36103466789839E-4,-0.116319671378137
1.4999394892896,2.75700613499812E-4,2.55201422382563E-4,-3.79500808882751E-4,0.116317951338621
1.50012103606875,3.67299490994333E-4,2.61158153649025E-4,-2.93858662654692E-4,-0.0767211593121892
1.50030262680063,2.60214011053375E-4,2.67599256960344E-4,-4.07385245906968E-4,0.0301446507476766
1.50048426150121,3.91667728427695E-4,2.74548273580556E-4,-2.82880545152861E-4,0.355074807566908
1.50066594018646,4.03900114187059E-4,2.82296461751631E-4,-2.78396347564572E-4,-0.294864203472641
1.50084766287237,3.00457008024615E-4,2.9050566927032E-4,-3.90048661245705E-4,-0.222137385166448
1.50102942957491,3.40680641410695E-4,2.99804304723782E-4,-3.59123663313087E-4,-0.0158186031150912
1.50121124031008,3.13834459856136E-4,3.09642596345805E-4,-3.95808136489669E-4,-0.0715921811654678
1.50139309509388,3.35229829126812E-4,3.2038336587676E-4,-3.85153536749949E-4,0.0348960165048792
1.50157499394233,3.48478062010699E-4,3.31593689746825E-4,-3.83115627736126E-4,-0.152626294529639
1.50175693687144,3.02557509695958E-4,3.4325009047675E-4,-4.40692580780792E-4,0.0163745806241055
1.50193892389724,3.77315467051478E-4,3.5445721766731E-4,-3.77141750615832E-4,0.0889690543203236
1.50212095503575,3.58373306201875E-4,3.66691014873702E-4,-4.08317708671827E-4,-0.166849785721774
1.50230303030303,3.40320151608365E-4,3.7821278307642E-4,-4.37892631468055E-4,-0.278917374412459
1.50248514971512,2.78928767111435E-4,3.8883184173513E-4,-5.09903074623696E-4,0.0816658454156915
1.50266731328807,3.91121339108052E-4,3.99243424890536E-4,-4.08122085782484E-4,0.210591222439552
1.50284952103795,3.75783639324769E-4,4.08968691532632E-4,-4.33185052207864E-4,-0.286211467267821
1.50303177298084,3.06258464031708E-4,4.18699662969158E-4,-5.1244119893745E-4,-0.251980139255374
1.50321406913281,3.02590456290758E-4,4.27626302754977E-4,-5.25035846464219E-4,-0.059158609486952
1.50339640950995,3.02575685012249E-4,4.36587834809526E-4,-5.34012149797277E-4,0.108633518569566
1.50357879412835,3.59420939809295E-4,4.44828442692771E-4,-4.85407502883476E-4,-0.0176939907602326
1.50376122300413,3.11790070065605E-4,4.52269803932282E-4,-5.40479733866677E-4,0.0932497133382161
1.50394369615338,4.07583248079452E-4,4.58946247822655E-4,-4.51362999743204E-4,0.14959628469051
1.50412621359223,3.79290237629418E-4,4.65183740285236E-4,-4.85893502655818E-4,-0.232587318918559
1.50430877533681,3.34255268431112E-4,4.70532979384219E-4,-5.36277710953107E-4,-0.0167193636682785
1.50449138140325,3.83718407586422E-4,4.75705792562474E-4,-4.91987384976052E-4,0.0270188662836524
1.5046740318077,3.53508289651322E-4,4.79926740891574E-4,-5.26418451240252E-4,-0.235151087252718
1.50485672656629,3.06333129142394E-4,4.84233895242927E-4,-5.77900766100532E-4,0.152341338300309
1.5050394656952,4.17375288018478E-4,4.88103789045979E-4,-4.70728501027501E-4,0.164761354504641
1.50522224921059,3.73997698853556E-4,4.91693177442647E-4,-5.17695478589091E-4,-0.15467298328042
1.50540507712863,3.67196398516565E-4,4.94470569120556E-4,-5.27274170603991E-4,-0.0850846747641417
1.5055879494655,3.48827244744642E-4,4.97639662761143E-4,-5.48812418016501E-4,-0.0299021616835636
1.5057708662374,3.62238488933968E-4,5.00446639867001E-4,-5.38208150933033E-4,-0.0703555766443475
1.50595382746051,3.28691595241062E-4,5.03251274946491E-4,-5.74559679705429E-4,0.0846431679222885
1.50613683315105,3.98840275064925E-4,5.06059228225967E-4,-5.07218953161042E-4,-0.0343137210648978
1.50631988332523,3.21542578311362E-4,5.08680891926942E-4,-5.87138313615581E-4,0.0186347984279851
1.50650297799927,4.10926384273835E-4,5.11302044192062E-4,-5.00375659918227E-4,0.183918689050514
1.5066861171894,3.93834677980472E-4,5.13628646808662E-4,-5.1979396882819E-4,0.0600548786415702
1.50686930091185,4.38308489319941E-4,5.16677275019855E-4,-4.78368785699913E-4,-0.0055582884485305
1.50705252918288,3.97564040113611E-4,5.19404954326263E-4,-5.21840914212653E-4,-0.125733535338245
1.50723580201873,3.97599554641349E-4,5.22044850206495E-4,-5.24445295565146E-4,-0.185043039914581
1.50741911943566,3.35785848450069E-4,5.25469353343561E-4,-5.89683504893492E-4,0.117436589675285
1.50760248144995,4.47599819943891E-4,5.28962425125154E-4,-4.81362605181263E-4,0.185789232255108
1.50778588807786,4.11253759914756E-4,5.32813667073375E-4,-5.2155990715862E-4,-0.101216789639985
1.50796933933569,4.17875767236855E-4,5.36365285607143E-4,-5.18489518370288E-4,-0.0336622185207554
1.50815283523972,4.05955046915988E-4,5.39869459747793E-4,-5.33914412831805E-4,0.0759490353170052
1.50833637580626,4.52652170480312E-4,5.43258476523814E-4,-4.90606306043502E-4,-0.0503120592817804
1.50851996105161,3.94210133098405E-4,5.46608191806334E-4,-5.52398058707928E-4,-0.0692213619251297
1.50870359099209,4.33824800311581E-4,5.49838291855163E-4,-5.16013491543582E-4,0.136409219637012
1.50888726564402,4.51362413578285E-4,5.53659499571008E-4,-5.02297085992724E-4,0.300248976373958
1.50907098502374,5.51621691501819E-4,5.57315411813098E-4,-4.0569372031128E-4,0.259322470478925
1.50925474914759,5.54075196270122E-4,5.61087476466988E-4,-4.07012280196867E-4,0.162310043201716
1.50943855803191,6.18663536581676E-4,5.64688879814164E-4,-3.46025343232488E-4,0.219950957090684
1.50962241169306,6.41839477179835E-4,5.67989036652477E-4,-3.26149559472642E-4,0.173363001782435
1.5098063101474,6.88844910464869E-4,5.71112719999251E-4,-2.82267809534382E-4,0.277345913914657
1.50999025341131,7.50731135364959E-4,5.74859561997877E-4,-2.24128426632918E-4,0.264193794203243
1.51017424150116,7.93335846493839E-4,5.78400801177803E-4,-1.85064954683965E-4,0.157988822518661
1.51035827443334,8.15599410015869E-4,5.8158706483846E-4,-1.65987654822591E-4,0.0774120882005197
1.51054235222425,8.28641985261455E-4,5.8521189773876E-4,-1.56569912477305E-4,-0.0470380662537803
1.5107264748903,8.05114502799638E-4,5.88426001841978E-4,-1.8331149904234E-4,-0.0425169436402561
1.51091064244789,8.19608087394245E-4,5.91831963252062E-4,-1.72223875857818E-4,0.103917323752181
1.51109485491344,8.50187247716188E-4,5.95215717553748E-4,-1.4502846983756E-4,-0.0277019801400114
1.51127911230338,8.16269927240998E-4,5.98709024429244E-4,-1.82439097188246E-4,-0.0999884445352393
1.51146341463415,8.20796603639131E-4,6.02672155688609E-4,-1.81875552049478E-4,-0.14348765128144
1.51164776192219,7.70907850569565E-4,6.06250203986552E-4,-2.35342353416987E-4,-0.174053376682867
1.51183215418395,7.64646010396151E-4,6.10696710168681E-4,-2.4605069977253E-4,-0.288307876567249
1.51201659143589,6.73487580018168E-4,6.15176745621131E-4,-3.41689165602963E-4,-0.311973317001076
1.51220107369449,6.59160980161415E-4,6.20295426376062E-4,-3.61134446214647E-4,-0.110107169406956
1.51238560097621,6.42555431618823E-4,6.2487540491445E-4,-3.82319973295627E-4,-0.313892943878754
1.51257017329754,5.53161371278555E-4,6.3016254510947E-4,-4.77001173830915E-4,-0.34527239039496
1.51275479067497,5.25661182102782E-4,6.35444609120721E-4,-5.09783427017939E-4,-0.20390866467757
1.512939453125,4.88657682765578E-4,6.40959400320445E-4,-5.52301717554867E-4,-0.0088331738487301
1.51312416066414,5.33114981068355E-4,6.46151133985759E-4,-5.13036152917404E-4,0.0314347642671261
1.51330891330891,5.11344085349671E-4,6.52040079893705E-4,-5.40695994544034E-4,-0.250760425151219
1.51349371107583,4.51867560228918E-4,6.57576890981198E-4,-6.0570933075228E-4,-0.114173083280149
1.51367855398144,4.80410203624858E-4,6.63298486927737E-4,-5.82888283302879E-4,0.0377845824387155
1.51386344204226,4.76802593395615E-4,6.68545662741789E-4,-5.91743069346174E-4,-0.155195916560616
1.51404837527486,4.33614093848268E-4,6.73901978824935E-4,-6.40287884976666E-4,-0.223562949880197
1.51423335369579,4.04455986357768E-4,6.78895836700446E-4,-6.74439850342679E-4,-0.211876202741746
1.5144183773216,3.65486658773242E-4,6.84170404227947E-4,-7.18683745454706E-4,-0.254952748266834
1.51460344616889,3.20046068837639E-4,6.88842728034771E-4,-7.68796659197132E-4,-0.166026471565846
1.51478856025422,3.13238938614145E-4,6.93378111368348E-4,-7.80139172754203E-4,-0.126211915942126
1.51497371959418,2.82638727493049E-4,6.98171243900644E-4,-8.15532516407595E-4,-0.0589002902888773
1.51515892420538,3.00927437696726E-4,7.02875167545225E-4,-8.019477298485E-4,0.280622194649583
1.51534417410441,3.96263106883821E-4,7.07828478711835E-4,-7.11565371828014E-4,0.537368908906236
1.5155294693079,5.09971813776135E-4,7.12797884759595E-4,-6.0282607098346E-4,0.46271304165334
1.51571480983246,5.77831528340325E-4,7.17904540825826E-4,-5.40073012485501E-4,0.562378777886393
1.51590019569472,7.28400739308088E-4,7.22728011533041E-4,-3.94327272224952E-4,0.650848353494413
1.51608562691132,8.29570960930132E-4,7.28304425845115E-4,-2.98733464914983E-4,0.754285096642968
1.5162711034989,0.00101863129135739,7.3317750172939E-4,-1.14546210371995E-4,0.900852196302281
1.51645662547412,0.00117361801190869,7.38140791274794E-4,3.54772206338971E-5,0.79515147745045
1.51664219285365,0.00132435879772843,7.43833372561696E-4,1.80525425166732E-4,0.683368787637819
1.51682780565414,0.00143844081174936,7.49315105395489E-4,2.89125706353874E-4,0.646296818915659
1.51701346389229,0.0015755777215684,7.55098224099904E-4,4.20479497468492E-4,0.52595656414615
1.51719916758477,0.00164549303610885,7.61055336745202E-4,4.84437699363643E-4,0.53574628323357
1.51738491674829,0.00178635794578194,7.66865261053515E-4,6.1949268472842E-4,0.289429585139016
1.51757071139953,0.00176490282723878,7.72949263546139E-4,5.9195356369264E-4,0.0426929252308717
1.51775655155523,0.00181393226439257,7.78564715092484E-4,6.35367549300081E-4,0.00526020228685073
1.51794243723209,0.00177807079175754,7.84172269705437E-4,5.93898522052105E-4,-0.325300330494887
1.51812836844684,0.00170418102908803,7.89770292006129E-4,5.14410737081902E-4,-0.413237718507134
1.51831434521622,0.0016357194006789,7.95506635233578E-4,4.40212765445319E-4,-0.498976234228656
1.51850036755697,0.00152915859844547,8.00371134182832E-4,3.28787464262634E-4,-0.256355364756331
1.51868643548585,0.0015498397010981,8.04998652427806E-4,3.44841048670292E-4,-0.350392250783163
1.51887254901961,0.0014081853396521,8.0982729008185E-4,1.98358049570248E-4,-0.599986669636164
1.51905870817502,0.00133587168360203,8.14380751191348E-4,1.2149093241068E-4,-0.587746237760953
1.51924491296887,0.00119803781209985,8.18543252003814E-4,-2.05054399039628E-5,-0.557348423740221
1.51943116341792,0.00113638559202248,8.22472632188706E-4,-8.60870401662217E-5,-0.476580273652032
1.51961745953899,0.00102863763409768,8.26697104912219E-4,-1.9805947081454E-4,-0.511587390315252
1.51980380134887,9.53459941477248E-4,8.3017976103959E-4,-2.76719819562342E-4,-0.519418023823454
1.51999018886436,8.42163814679991E-4,8.33830061737129E-4,-3.91666247057138E-4,-0.486904578850558
1.52017662210229,7.79249843886428E-4,8.374918605104E-4,-4.58242016623972E-4,-0.385914853476155
1.52036310107949,7.05569991781958E-4,8.41149919557858E-4,-5.35579927775899E-4,-0.371486355670773
1.52054962581278,6.48170748144022E-4,8.44976575295849E-4,-5.96805827151828E-4,-0.380140113376017
1.52073619631902,5.71458550238932E-4,8.48869320040583E-4,-6.77410769801651E-4,-0.313258509185939
1.52092281261504,5.38323641028879E-4,8.52027970766474E-4,-7.13704329737596E-4,-0.330199693080628
1.52110947471772,4.54848095273199E-4,8.55521494521322E-4,-8.00673399248123E-4,-0.14380268389103
1.52129618264392,4.91566586581171E-4,8.58947768138858E-4,-7.67381181557686E-4,-0.0831999029370079
1.52148293641051,4.30750984388421E-4,8.62508348023713E-4,-8.31757363635292E-4,-0.0961289155122837
1.52166973603438,4.62763439670688E-4,8.66042504215348E-4,-8.0327906454466E-4,-0.0480403047978088
1.52185658153242,4.20196090433624E-4,8.6991267710905E-4,-8.49716586675425E-4,0.0103407415978738
1.52204347292153,4.73598557602681E-4,8.73001025517382E-4,-7.99402467914701E-4,0.199382184401384
1.52223041021862,5.01605124908828E-4,8.76790137459028E-4,-7.75185012550201E-4,0.0559383688949002
1.52241739344061,5.01621638934442E-4,8.80110983455584E-4,-7.78489344521142E-4,0.078479557379933
1.52260442260442,5.37714671150335E-4,8.83542939839532E-4,-7.45828268689198E-4,0.128001026745469
1.52279149772699,5.55999278227162E-4,8.86605033034071E-4,-7.30605754806909E-4,0.159009511464665
1.52297861882526,6.03757407445832E-4,8.90081348388333E-4,-6.86323940942501E-4,0.10779316948558
1.52316578591619,6.03498889834165E-4,8.93764860797725E-4,-6.9026597096356E-4,-0.0485364770789813
1.52335299901672,5.93125214199012E-4,8.97621514833302E-4,-7.0449630063429E-4,0.158817588004022
1.52354025814382,6.70250007744806E-4,9.01032394368899E-4,-6.30782386624094E-4,0.121044971287804
1.52372756331448,6.45632346074818E-4,9.04802073589634E-4,-6.59169727514815E-4,0.0941646269111767
1.52391491454568,7.13128330370989E-4,9.08620018640141E-4,-5.95491688269152E-4,0.161198530185047
1.5241023118544,7.13677455352238E-4,9.12446502513154E-4,-5.98769047160916E-4,-0.100266727806375
1.52428975525766,6.83004570254015E-4,9.16084125771334E-4,-6.33079555517319E-4,-0.0725694121451271
1.52447724477245,6.94097157580988E-4,9.20069772017347E-4,-6.25972614436358E-4,0.149760850622759
1.5246647804158,7.47137271206702E-4,9.24047580323866E-4,-5.76910309117164E-4,0.126333738423438
1.52485236220472,7.49399471955055E-4,9.2798834149719E-4,-5.78588869542135E-4,0.0734297133346179
1.52503999015627,7.81914535873536E-4,9.31269498516423E-4,-5.49354962642888E-4,0.0299921349392659
1.52522766428747,7.67183567912711E-4,9.34522136871545E-4,-5.67338568958834E-4,0.0414683495319063
1.52541538461538,8.03542885439452E-4,9.37324517004397E-4,-5.33781631564945E-4,-0.145342604800357
1.52560315115707,7.18013526843801E-4,9.39941313517845E-4,-6.21927786674044E-4,-0.138609051205492
1.52579096392958,7.56499162639579E-4,9.42324191758652E-4,-5.85825029119074E-4,0.147115321397839
1.52597882295001,7.77249344847015E-4,9.4391214130157E-4,-5.66662796454554E-4,0.0210653055161487
1.52616672823544,7.67576411136808E-4,9.45489594945382E-4,-5.77913183808573E-4,0.0313546614448119
1.52635467980296,7.91883933896481E-4,9.46757643784473E-4,-5.54873709887992E-4,0.0427385117715813
1.52654267766966,7.86223819963505E-4,9.48073181138942E-4,-5.61849361175437E-4,0.0937740443849817
1.52673072185267,8.29758429466355E-4,9.49363093662188E-4,-5.19604664195834E-4,0.130059830265782
1.5269188123691,8.37696153439919E-4,9.5062988227594E-4,-5.12933728836022E-4,0.0216865749514878
1.52710694923608,8.40325188946562E-4,9.5177140850606E-4,-5.11446219559498E-4,0.119682264265283
1.52729513247073,8.85486098293086E-4,9.53375802497008E-4,-4.67889704203922E-4,0.238224009614643
1.52748336209021,9.33206100120279E-4,9.54981426458305E-4,-4.21775326338026E-4,0.262865984433783
1.52767163811167,9.88017566097194E-4,9.56935914870329E-4,-3.68918348773135E-4,0.194504835806066
1.52785996055227,0.00101066000017947,9.59189107542416E-4,-3.48529107362941E-4,0.199350027612633
1.52804832942917,0.00106825403289664,9.62074727599384E-4,-2.93820694702739E-4,0.15618600494426
1.52823674475956,0.0010753236919087,9.65010615419456E-4,-2.89686923510756E-4,0.0761790996517398
1.52842520656061,0.00110296457669594,9.68072590304388E-4,-2.6510801360845E-4,0.196125410658955
1.52861371484953,0.00115608724831681,9.71837703552847E-4,-2.15750455236039E-4,0.260761628497932
1.52880226964352,0.0012090561823152,9.7584066216916E-4,-1.66784479853959E-4,0.0546711753491037
1.52899087095978,0.00118513271612629,9.80273141510629E-4,-1.95140425384344E-4,-0.0017110333740251
1.52917951881555,0.00121689939372224,9.84322441979933E-4,-1.67423048257691E-4,0.0429740888332214
1.52936821322804,0.00120973455312701,9.88663878039879E-4,-1.78929324912873E-4,-0.0397654077538269
1.52955695421449,0.00121089526352303,9.93326196348905E-4,-1.82430932825875E-4,-0.0971198595549718
1.52974574179215,0.00118200231247877,9.97600819066635E-4,-2.15598506587866E-4,-0.169897137925255
1.52993457597827,0.00115543307748044,0.00100202059732179,-2.4658751984135E-4,-0.0786119532654618
1.53012345679012,0.00116152858846906,0.00100681602255569,-2.45287434086624E-4,0.0134762761199635
1.53031238424497,0.00117019667274134,0.00101169243653478,-2.41495763793444E-4,-0.163193738053987
1.53050135836009,0.0011097191491893,0.00101668630420567,-3.06967155016375E-4,-0.120115360951395
1.53069037915277,0.00113517977859604,0.00102206797210563,-2.86888193509587E-4,0.0679517508833309
1.53087944664032,0.0011461554115912,0.00102743259319815,-2.81277181606945E-4,-0.115549496529404
1.53106856084002,0.00110251094282285,0.0010331046237466,-3.30593680923744E-4,-0.00490174850504718
1.53125772176921,0.00115526528799504,0.00103838472226275,-2.8311943426771E-4,0.134731329468875
1.5314469294452,0.00116349133826656,0.00104311234790155,-2.79621009634998E-4,-0.0402313791595727
1.53163618388532,0.00114893880082537,0.00104728703403181,-2.98348233206431E-4,0.0546934609892608
1.53182548510691,0.00119211298192801,0.0010510222844573,-2.58909302529285E-4,0.153363756326489
1.53201483312732,0.00121378085841811,0.00105406059434338,-2.40279735925266E-4,0.0726767266905326
1.5322042279639,0.00122496370463866,0.00105634841976624,-2.31384715127576E-4,0.0929816760862966
1.53239366963403,0.00125262262645125,0.00105767535391849,-2.05052727467239E-4,0.124800141551357
1.53258315815506,0.00127388840808484,0.0010579832468937,-1.8409483880886E-4,0.0672194368959341
1.5327726935444,0.00127805695598917,0.00105763394291825,-1.79576986929085E-4,0.0799620066103077
1.53296227581942,0.00130274775831119,0.00105652495645179,-1.53777198140598E-4,0.208048130475058
1.53315190499753,0.00135389609147282,0.00105457546935025,-1.00679377877426E-4,0.114871118862188
1.53334158109613,0.00134197511873225,0.00105218884368321,-1.10213724950951E-4,-0.0144863426459107
1.53353130413264,0.00134292193593457,0.00104909574023858,-1.06173804304004E-4,0.00487856563100303
1.53372107412449,0.00133755768147655,0.00104592079556412,-1.08363114087573E-4,-0.0508345790398643
1.53391089108911,0.00131726514501675,0.00104273693839455,-1.25471793377805E-4,-0.0887279772275808
1.53410075504394,0.00129758196502669,0.00103963333308973,-1.42051368063037E-4,-0.135913909648674
1.53429066600644,0.00125984345900534,0.00103693423030847,-1.77090771303125E-4,-0.183602262010363
1.53448062399406,0.00122295065943044,0.00103474678358108,-2.11796124150647E-4,-0.234418399729887
1.53467062902427,0.00116708925921521,0.001033252786075,-2.66163526859789E-4,-0.231407732509616
1.53486068111455,0.00113195550287337,0.00103169720795406,-2.99741705080696E-4,-0.219209924063789
1.53505078028239,0.00108123230601485,0.0010307307635607,-3.49498457545857E-4,-0.305253221587877
1.53524092654527,0.00101436332394402,0.00103017822095435,-4.15814897010331E-4,-0.130531313972379
1.53543111992071,0.00103134495142573,0.00103047936015027,-3.99134408724548E-4,0.0496180610960455
1.53562136042622,0.00103417490578626,0.0010311152061842,-3.96940300397943E-4,-0.0787962029233918
1.53581164807931,0.00100311744585996,0.00103224028740693,-4.29122841546971E-4,-0.0876938898023777
1.53600198289751,0.00100349165690858,0.0010338063816177,-4.30314724709123E-4,-0.12234960577658
1.53619236489836,9.60422858660452E-4,0.00103613173024995,-4.75708871589499E-4,0.00196540531817428
1.53638279409942,0.00100924650470168,0.00103880143399697,-4.29554929295296E-4,0.110902173795186
1.53657327051822,0.0010078664208479,0.00104133823870277,-4.33471817854868E-4,-0.112414234224855
1.53676379417235,9.71992480491931E-4,0.00104438157981838,-4.72389099326447E-4,-0.149158515951222
1.53695436507937,9.57504562145865E-4,0.00104781727524644,-4.9031271310057E-4,-0.0199893710558997
1.53714498325685,9.71390260932441E-4,0.00105139558932725,-4.80005328394808E-4,-0.0309452513516676
1.5373356487224,9.53089187115198E-4,0.00105520483875645,-5.02115651641253E-4,-0.0552820605019599
1.53752636149361,9.57686405054995E-4,0.00105877223761098,-5.01085832555983E-4,0.0156544937455366
1.53771712158809,9.66579197703528E-4,0.00106272259947116,-4.96143401767627E-4,0.0660101702571836
1.53790792902345,9.90491160063965E-4,0.00106638775659273,-4.75896596528765E-4,-0.123265013002353
1.53809878381732,9.26947852889852E-4,0.00107014771722146,-5.43199864331607E-4,-0.0744382701666262
1.53828968598734,9.69480720332815E-4,0.00107378146469273,-5.04300744359911E-4,0.117138902225345
1.53848063555114,9.78791049684802E-4,0.00107726532662701,-4.98474276942207E-4,0.0115807577835203
1.53867163252638,9.80699219635725E-4,0.00108057763125143,-4.99878411615707E-4,-0.0609558730495033
1.53886267693072,9.61926425585968E-4,0.00108369091076362,-5.21764485177649E-4,0.0135496818899262
1.53905376878182,9.92013965692438E-4,0.00108670847421241,-4.9469450851997E-4,0.155930928950737
1.53924490809737,0.00102748017664742,0.00108964232355004,-4.62162146902617E-4,-0.0064022969833563
1.53943609489504,9.95273688533718E-4,0.00109242434793829,-4.97150659404573E-4,-0.00573528442948194
1.53962732919255,0.00103086022053103,0.00109520724081067,-4.6434702027964E-4,0.144748549343509
1.53981861100758,0.00105586890666033,0.00109765218656551,-4.41783279905183E-4,0.0905550499623563
1.54000994035785,0.0010707443708736,0.00110044532069838,-4.2970094982478E-4,-0.00177166636007042
1.54020131726109,0.00106028378920121,0.00110274818409016,-4.42464394888944E-4,-0.00209814380071253
1.54039274173502,0.00107468574762908,0.001105186796982,-4.30501049352918E-4,0.0275429548376793
1.54058421379739,0.00107575564116659,0.0011076755974299,-4.31919956263307E-4,0.0898107239717282
1.54077573346594,0.00111403002072639,0.00111012967711831,-3.96099656391921E-4,0.117441475876058
1.54096730075842,0.00112523257421671,0.00111216554656034,-3.86932972343633E-4,-0.0144554985668262
1.54115891569261,0.00111269954179069,0.0011143412566986,-4.01641714907914E-4,-0.049933301218786
1.54135057828628,0.00111027635499586,0.00111634636094744,-4.06070005951579E-4,-0.049564898035875
1.54154228855721,0.00109787053929941,0.00111851535270459,-4.20644813405186E-4,-0.0651884419605068
1.5417340465232,0.00108931168097953,0.0011203788669785,-4.31067185998964E-4,-0.015051131629722
1.54192585220204,0.00109631708964287,0.00112273309481234,-4.26416005169473E-4,-0.186172872295805
1.54211770561155,0.0010222705072038,0.00112477465126135,-5.02504144057551E-4,-0.0972684361803158
1.54230960676954,0.00106308041958577,0.00112680933901562,-4.63728919429849E-4,0.0158081524116623
1.54250155569384,0.00103243576150042,0.00112888084143687,-4.96445079936448E-4,-0.0349952327466341
1.54269355240229,0.00105359887287569,0.00113075758687652,-4.7715871400083E-4,-0.0275196826650075
1.54288559691274,0.00102568954427477,0.00113270943396623,-5.07019889691457E-4,-0.0553370783984949
1.54307768924303,0.00103622894034581,0.00113463987547821,-4.98410935132399E-4,0.0415129712449663
1.54326982941103,0.00104538823306663,0.00113645764815055,-4.91069415083922E-4,0.132264782354665
1.54346201743462,0.00109062129969315,0.00113819464912624,-4.47573349433084E-4,0.122170016238855
1.54365425333167,0.00109535830102095,0.00113946762551573,-4.44109324494785E-4,0.0312445731382291
1.54384653712008,0.00110512536902571,0.00114068393166413,-4.35558562638422E-4,0.136718464391792
1.54403886881774,0.00114994195732292,0.00114146282360171,-3.91520866278781E-4,0.15720370981423
1.54423124844256,0.00116692860975979,0.00114201256472858,-3.75083954968791E-4,0.0270811391111556
1.54442367601246,0.0011611977973936,0.00114230044452049,-3.81102647126891E-4,-0.00341048144653295
1.54461615154536,0.00116615313694231,0.00114254846020641,-3.76395323264105E-4,0.0921502087868177
1.5448086750592,0.00119699573676498,0.00114261739335573,-3.45621656590752E-4,0.114977824510503
1.54500124657193,0.00121016710549238,0.00114228719388285,-3.32120088390464E-4,0.131102692027662
1.54519386610148,0.0012466116501568,0.00114173079557923,-2.95119145422429E-4,0.0423929891776493
1.54538653366584,0.00122554536131928,0.0011413391689388,-3.15793807619523E-4,0.0210649162410563
1.54557924928295,0.00125372965160037,0.00114072456393987,-2.86994912339503E-4,0.064249313504845
1.54577201297082,0.0012491239910725,0.00114015511302641,-2.91031121953903E-4,-0.106895789488185
1.54596482474741,0.0012113706883566,0.00113958612794611,-3.28215439589508E-4,-0.0401806070313277
1.54615768463074,0.00123258467502637,0.00113910497382251,-3.06520298796147E-4,0.112078987080082
1.5463505926388,0.00125363180884519,0.00113861079378256,-2.8497898493737E-4,0.0171598982721572
1.54654354878962,0.00123832277678342,0.00113822623566295,-2.99903458879529E-4,-0.086671154506061
1.54673655310121,0.00121943803049545,0.00113786910338838,-3.18431072892931E-4,0.00628454594937961
1.54692960559161,0.00124031127972947,0.00113778361914981,-2.9747233942034E-4,0.0298989699015966
1.54712270627887,0.00123058914543525,0.00113747842754503,-3.06889282109783E-4,0.0330455821966964
1.54731585518102,0.00125255595127844,0.00113726050355846,-2.84704552280024E-4,-0.068365555581371
1.54750905231614,0.00120382428395837,0.00113713516497735,-3.33310881018987E-4,-0.122218236937155
1.5477022977023,0.00120468709111942,0.00113661572474034,-3.31928633620917E-4,0.0544906837621947
1.54789559135756,0.00122384314204916,0.00113608896144379,-3.12245819394634E-4,0.0331191643692194
1.54808893330002,0.0012165593510992,0.00113568625459248,-3.1912690349328E-4,0.0652928704915053
1.54828232354778,0.001247951729828,0.0011349418212233,-2.86990091395296E-4,0.0148386031182363
1.54847576211894,0.00122078910823927,0.00113418332555003,-3.1339421731076E-4,-0.00233049626632342
1.54866924903161,0.0012455370313927,0.00113342236528672,-2.87885333894023E-4,0.018920458202388
1.54886278430392,0.0012262677106692,0.00113234475154626,-3.06077040877062E-4,0.0547634855454747
1.54905636795401,0.00126462781792686,0.00113130597361462,-2.66678155687757E-4,0.0639761661928834
1.54925,0.00124880412598391,0.00113011534467069,-2.81311218686785E-4,-0.0512833800922495
1.54944368046006,0.0012422154272054,0.00112875510146896,-2.86539674263562E-4,-0.021417888563773
1.54963740935234,0.00123738004704454,0.00112698848594352,-2.89608438898984E-4,0.04838905403683
1.54983118669501,0.00125743725675034,0.00112522275892381,-2.67785502173471E-4,-0.0307156333594318
1.55002501250625,0.00122198728790639,0.00112350815037606,-3.01520862469664E-4,0.0400326765625696
1.55021888680425,0.00126949268839665,0.00112174713732385,-2.52254448927196E-4,0.0736777445684875
1.55041280960721,0.00124735428463243,0.00112031188346665,-2.72957598834222E-4,-0.0613150446199104
1.55060678093332,0.00124263445349266,0.00111867044313135,-2.76035989638697E-4,0.0445736151614838
1.5508008008008,0.00126166601029614,0.00111732650494886,-2.55660494652711E-4,0.0861442916836114
1.55099486922788,0.00127368502490556,0.00111629033977751,-2.42605314871947E-4,0.0618145751458566
1.55118898623279,0.00128383584241798,0.00111550108457636,-2.31665242158384E-4,-0.075625419018873
1.55138315183377,0.00124292334838758,0.00111489911190984,-2.71975763522261E-4,-0.107284964063631
1.55157736604907,0.00124138689791532,0.00111471457752279,-2.73327679607475E-4,0.0173962408544304
1.55177162889696,0.00124953261460292,0.00111474915301406,-2.65216538411142E-4,0.0095750203244444
1.55196594039569,0.0012451152638247,0.00111472390167263,-2.69608637847928E-4,-0.0730963266284557
1.55216030056356,0.00122102652318353,0.00111465599013528,-2.9362946695175E-4,-0.0612169926167691
1.55235470941884,0.00122126205151988,0.00111466692304351,-2.9340487152363E-4,0.0483248889273466
1.55254916697983,0.00123979843079412,0.00111463367394244,-2.74835243148323E-4,0.0367651723942202
1.55274367326485,0.00123576918462744,0.00111487659482712,-2.79107410199681E-4,-0.258928434416232
1.55293822829219,0.00113936359647338,0.00111494942631147,-3.75585829838094E-4,-0.172815076353581
1.5531328320802,0.00116858207891275,0.00111492624601889,-3.46344167106148E-4,0.0501082211026171
1.5533274846472,0.00115896246843655,0.00111504824019953,-3.56085771762981E-4,-0.0478176975436088
1.55352218601153,0.00115021534884813,0.00111517741573924,-3.64962066891103E-4,-0.135889559218279
1.55371693619155,0.00110622974766668,0.00111524232619864,-4.09012578531967E-4,-0.125830469191302
1.55391173520562,0.00110159179070527,0.00111556611450736,-4.13974323802094E-4,-0.00118390197727246
1.5541065830721,0.00110626286247877,0.00111573555823488,-4.0947269575611E-4,-0.0316693021064251
1.55430147980938,0.00108950530745992,0.00111582524764356,-4.26319940183637E-4,-0.110655126564636
1.55449642543585,0.00106314935794627,0.0011157612935684,-4.52611935622126E-4,0.013480422667157
1.55469141996989,0.00109496937518942,0.00111602550181638,-4.21056126626965E-4,0.0868828458472358
1.55488646342993,0.00109734551567122,0.00111607350720433,-4.18727991533112E-4,-0.0694341439620004
1.55508155583438,0.00106802572971084,0.00111617458875541,-4.48148859044576E-4,-0.0702009883115371
1.55527669720166,0.00107008546773393,0.00111620430912518,-4.46118841391257E-4,0.010003566577742
1.5554718875502,0.00107200262797051,0.0011162467972637,-4.44244169293183E-4,0.0903368500591693
1.55566712689846,0.00110544564418065,0.00111629034072245,-4.10844696541797E-4,0.0187290180455703
1.55586241526488,0.00107922506022522,0.00111616249634669,-4.36937436121469E-4,-0.0931152087537627
1.55605775266792,0.00106899989537545,0.00111621580619188,-4.47215910816431E-4,0.0237374955498169
1.55625313912607,0.00108833573182301,0.00111599461634799,-4.27658884524984E-4,0.140088816702976
1.55644857465779,0.00112325828279455,0.00111572244082371,-3.92464158029153E-4,0.0492728671541027
1.55664405928159,0.00110691797036528,0.00111532151976851,-4.08403549403232E-4,0.0208832300866174
1.55683959301595,0.00113068025985713,0.00111497366158928,-3.84293401732148E-4,0.00642600503839642
1.5570351758794,0.00110858944684543,0.00111448542114417,-4.05895974298745E-4,-0.0407405438460414
1.55723080789044,0.00111374478429899,0.00111397306661487,-4.0022828231588E-4,-0.0309964698144565
1.55742648906761,0.00109527094579432,0.00111329919589713,-4.18028250102807E-4,0.0235233219203715
1.55762221942943,0.0011214459055975,0.00111246125725316,-3.91015351655665E-4,0.0795950156621299
1.55781799899447,0.00112478736242517,0.001111656248011,-3.86868885585832E-4,0.0463624660336808
1.55801382778127,0.0011380811583858,0.001110939341569,-3.72858183183192E-4,-0.00296395666904693
1.5582097058084,0.00112220382627681,0.00111023738276486,-3.88033556488045E-4,-0.0409040128837695
1.55840563309443,0.00112058648643084,0.00110946927781447,-3.88882791383629E-4,-0.0386663490012355
1.55860160965795,0.00110560531542043,0.00110879405472044,-4.03188739300018E-4,0.0144752926642882
1.55879763551755,0.00112518095082774,0.00110838508030841,-3.83204129480674E-4,0.0438935183372543
1.55899371069182,0.00112180332517,0.00110778423352904,-3.85980908359038E-4,-0.028541947879125
1.5591898351994,0.00111280740407649,0.00110720638585466,-3.94398981778173E-4,-0.00168878587453716
1.55938600905888,0.00111998967230344,0.00110663105366157,-3.86641381358123E-4,0.122501527921585
1.55958223228891,0.00115986392801517,0.00110618957114313,-3.46325643127959E-4,0.0750243217350478
1.55977850490813,0.00114853528041063,0.00110573636893534,-3.57201088524711E-4,-0.0546186064851988
1.55997482693518,0.00113735235578922,0.00110512093231412,-3.67768576524893E-4,-0.11158688044393
1.56017119838872,0.00110316506089685,0.00110418844474375,-4.01023383846901E-4,0.0143753199665564
1.56036761928742,0.00114119445149605,0.00110330742812508,-3.62112976629028E-4,0.050780481708874
1.56056408964996,0.00112120808742249,0.00110228755060924,-3.81079463186753E-4,-0.0864270076043997
1.56076060949503,0.00110466573287449,0.0011007431769406,-3.96077444066105E-4,-0.00206565694856537
1.56095717884131,0.0011174814773142,0.00109936925234485,-3.81887775030646E-4,0.0404309768611812
1.56115379770752,0.00111773437420074,0.00109791640728086,-3.80182033080126E-4,4.71024139104582E-4
1.56135046611237,0.00111475214523016,0.0010964550788948,-3.81702933664644E-4,-0.0382082210577461
1.56154718407459,0.00109962313845323,0.0010948372750632,-3.95214136609966E-4,0.00625392220486892
1.5617439516129,0.00111391207239671,0.00109315046326687,-3.79238390870161E-4,0.0564585737570078
1.56194076874606,0.00111816456061239,0.00109115869461764,-3.72994134005244E-4,0.00443325748083889
1.56213763549282,0.00111180193890587,0.00108929638187069,-3.77494442964828E-4,-0.00468743719841953
1.56233455187193,0.00111235844692421,0.00108719751267112,-3.74839065746914E-4,0.0157143926013044
1.56253151790217,0.00111359881479248,0.00108490352423605,-3.71304709443569E-4,-0.0208089090858289
1.56272853360232,0.00109972495734369,0.00108276427795274,-3.8303932060905E-4,-0.0968606852946488
1.56292559899117,0.0010709282906493,0.00108040581776782,-4.0947752711852E-4,0.00217837358387217
1.56312271408753,0.00109576915001499,0.00107794302124841,-3.82173871233415E-4,0.109653305667918
1.56331987891019,0.0011091270537898,0.00107537191967972,-3.66244865889918E-4,0.0110148319748583
1.56351709347799,0.00109510134439439,0.00107293466389799,-3.77833319503603E-4,-0.0538682555912791
1.56371435780974,0.0010829920141788,0.00107048652679082,-3.87494512612025E-4,0.0472889494593761
1.56391167192429,0.00110889040988737,0.00106805973685368,-3.59169326966309E-4,0.00825286214159753
1.56410903584048,0.00108107804545345,0.00106532207289474,-3.84244027441294E-4,-0.0941815392306717
1.56430644957718,0.00106644100746519,0.00106278946400827,-3.96348456543084E-4,-0.00659801881921049
1.56450391315324,0.00107341481455659,0.00106026152287795,-3.86846708321355E-4,0.0475939362355667
1.56470142658755,0.00108007592925188,0.00105762590132725,-3.7754997207537E-4,-0.00873961221086697
1.56489898989899,0.00106481487579747,0.00105511718523765,-3.90302309440177E-4,0.0232777017275337
1.56509660310645,0.00108407809828906,0.00105242488706955,-3.68346788780487E-4,0.0890604454453066
1.56529426622885,0.00109483949961271,0.00104993942331974,-3.55099923707027E-4,-0.0269506433599676
1.56549197928508,0.00106835067683277,0.00104735780017997,-3.79007123347199E-4,0.016039949561664
1.56568974229409,0.00109625738177438,0.00104500704787837,-3.48749666103992E-4,0.0282258476291028
1.56588755527479,0.00107445940657737,0.001042307297417,-3.67847890839623E-4,-0.0527269676287683
1.56608541824615,0.00107014617081585,0.00103975643944959,-3.69610268633738E-4,-0.0444956032796962
1.5662833312271,0.00105180483662261,0.00103726479699221,-3.85459960369598E-4,-0.0638414757981118
1.5664812942366,0.00104003579836072,0.00103491856186066,-3.94882763499942E-4,0.00692566860874013
1.56667930729364,0.00104972387426966,0.00103243870680952,-3.82714832539858E-4,0.00303950077767934
1.56687737041719,0.00103642444954835,0.00103010626360645,-3.93681814058097E-4,0.0678559435866016
1.56707548362625,0.00107183673543665,0.00102766247720914,-3.55825741772492E-4,-0.0370975190276255
1.56727364693981,0.00101689566769007,0.00102528979045866,-4.0839412276859E-4,-0.0934623631198848
1.56747186037688,0.00103003002979858,0.00102289346736457,-3.9286343756599E-4,0.0848850403089542
1.56767012395649,0.00104576641513002,0.00102050524284021,-3.74738827710184E-4,0.0177612758701227
1.56786843769766,0.00103212661981872,0.00101795003285941,-3.85823413040688E-4,-0.0294403399050094
1.56806680161943,0.00102901817689903,0.00101543400236896,-3.86415825469936E-4,0.056547177272255
1.56826521574086,0.00104967692582891,0.00101306067195301,-3.63383746124101E-4,-0.00979944704657506
1.56846368008099,0.00102027573295176,0.00101058706943437,-3.90311336482615E-4,-0.0447112734560648
1.5686621946589,0.00102702697204092,0.00100815558107189,-3.81128609030964E-4,0.0175185443757354
1.56886075949367,0.00102256203289935,0.00100591856038455,-3.83356527485199E-4,-0.0446190184229223
1.56905937460438,0.00100498697316616,0.00100383904066343,-3.98852067497266E-4,-0.0513644015740336
1.56925804001013,9.97806060626139E-4,0.00100156732355599,-4.03761262929846E-4,0.00382648557083218
1.56945675573002,0.00100196232994033,9.992923884616E-4,-3.97330058521268E-4,0.0718489399420566
1.56965552178318,0.0010217006885271,9.96901320002988E-4,-3.75200631475883E-4,0.0154718900744443
1.56985433818873,0.00100390259081647,9.95086124129249E-4,-3.91183533312775E-4,-0.0629289845208817
1.5700532049658,9.92853485380668E-4,9.93079036149049E-4,-4.00225550768381E-4,-0.0510794995239031
1.57025212213354,9.79593579435951E-4,9.91096000349966E-4,-4.11502420914015E-4,-0.0165520825733064
1.5704510897111,9.82489949490715E-4,9.8929929800791E-4,-4.06809348517195E-4,0.0811060903028936
1.57065010771765,0.00100845698790639,9.87677453472812E-4,-3.79220465566417E-4,0.0186605129883263
1.57084917617237,9.86661282460618E-4,9.86048185388615E-4,-3.99386902927997E-4,-0.058419743191144
1.57104829509444,9.81916086587493E-4,9.84396392191455E-4,-4.02480305603963E-4,-0.00978769000309784
1.57124746450304,9.79555013211252E-4,9.82839948667084E-4,-4.03284935455832E-4,-0.0170554688749652
1.5714466844174,9.72127463295528E-4,9.81403142957189E-4,-4.09275679661662E-4,0.00258733749520774
1.57164595485671,9.77689641671618E-4,9.79941898032497E-4,-4.02252256360879E-4,0.0706465532503347
1.5718452758402,9.96075994920232E-4,9.77190775098124E-4,-3.81114780177892E-4,0.0327878190401696
1.57204464738711,9.85781402866065E-4,9.74965104943542E-4,-3.89183702077477E-4,-0.0562495359912022
1.57224406951668,9.69191897272105E-4,9.7273943478896E-4,-4.03547537516855E-4,0.0454352575626221
1.57244354224816,9.99459897138345E-4,9.70513764634377E-4,-3.71053867496033E-4,0.102460381116743
1.57264306560081,0.0010056187883939,9.68288094479795E-4,-3.6266930608589E-4,0.0235081814707283
1.57284263959391,0.00100438967206095,9.66062424325213E-4,-3.61672752264258E-4,-0.0203643131739319
1.57304226424673,9.93036757225692E-4,9.6383675417063E-4,-3.70799996944938E-4,0.0235037623871512
1.57324193957857,0.0010093268920078,9.61611084016048E-4,-3.52284192008243E-4,0.034062046745522
1.57344166560873,0.001002186870435,9.59385413861465E-4,-3.57198543426461E-4,-0.0102032872255634
1.57364144235653,0.00100080004055206,9.57159743706883E-4,-3.56359703154822E-4,-0.016360826387751
1.57384126984127,9.91196631516421E-4,9.549340735523E-4,-3.63737442035879E-4,-0.0205313932504747
1.5740411480823,9.88143016654988E-4,9.52708403397718E-4,-3.64565386742731E-4,0.0301422641467726
1.57424107709895,9.98798127993261E-4,9.50482733243136E-4,-3.51684605249874E-4,-0.004358784211273
1.57444105691057,9.81945066098849E-4,9.48257063088553E-4,-3.66311996989704E-4,-0.0482614674415314
1.57464108753653,9.75042961381398E-4,9.46031392933971E-4,-3.70988431552573E-4,0.0254657258590889
1.57484116899619,9.87685353412445E-4,9.43805722779389E-4,-3.56120369366944E-4,0.018107374853136
1.57504130130893,9.77835583791622E-4,9.41580052624806E-4,-3.63744468833185E-4,-0.0631177304278259
1.57524148449415,9.57965734463605E-4,9.39354382470224E-4,-3.81388648006619E-4,0.0186412112538218
1.57544171857125,9.80853940564058E-4,9.37128712315641E-4,-3.56274771751583E-4,-0.00292614537551351
1.57564200355962,9.52335882746155E-4,9.34903042161059E-4,-3.82567159414904E-4,-0.040116784693423
1.5758423394787,9.60335620313522E-4,9.32677372006477E-4,-3.72341751692955E-4,-0.0355765144461079
1.57604272634791,9.33623809181105E-4,9.30451701851894E-4,-3.9682789267079E-4,-0.00167992317589506
1.5762431641867,9.55217067857075E-4,9.28226031697312E-4,-3.73008963840236E-4,0.0524458749983491
1.5764436530145,9.50196033621558E-4,9.2600036154273E-4,-3.75804327921171E-4,0.0198587079148115
1.57664419285078,9.58731362813939E-4,9.23774691388147E-4,-3.65043328574208E-4,-0.0139422708221897
1.57684478371501,9.40148570837415E-4,9.21549021233565E-4,-3.8140045039615E-4,-0.0576107449348223
1.57704542562667,9.31165925160376E-4,9.19323351078982E-4,-3.88157425918607E-4,0.0224360338748882
1.57724611860524,9.44704459229155E-4,9.170976809244E-4,-3.72393221695245E-4,0.0100021431423954
1.57744686267023,9.30726313817309E-4,9.14872010769818E-4,-3.84145696952509E-4,-0.135466532045596
1.57764765784114,8.85854059984815E-4,9.12646340615235E-4,-4.2679228063042E-4,0.0141941176574582
1.57784850413749,9.31987503886165E-4,9.10420670460653E-4,-3.78433166574488E-4,0.0780768686980515
1.57804940157881,9.12761291452512E-4,9.0819500030607E-4,-3.95433708853558E-4,-0.0280532186292508
1.57825035018464,9.16265982925654E-4,9.05969330151488E-4,-3.89703347225834E-4,0.0299572203951935
1.57845134997453,9.20351281560618E-4,9.03743659996905E-4,-3.83392378436287E-4,0.0246436319884105
1.57865240096803,9.21722288320739E-4,9.01517989842323E-4,-3.79795701521584E-4,-0.0245641592770885
1.57885350318471,9.06019211137702E-4,8.99292319687741E-4,-3.93273108550039E-4,-0.0253152509039302
1.57905465664416,9.07089881591571E-4,8.97066649533158E-4,-3.89976767941587E-4,-0.0167590806249604
1.57925586136595,8.94823018473458E-4,8.94840979378576E-4,-4.00017960905118E-4,-0.113758424590119
1.5794571173697,8.56851968674971E-4,8.92615309223993E-4,-4.35763340549022E-4,-0.111325358839455
1.57965842467499,8.45559573910651E-4,8.90389639069411E-4,-4.4483006515876E-4,-0.0573974823720138
1.57985978330147,8.29287983404652E-4,8.88163968914829E-4,-4.58875985510177E-4,-0.0213946981051498
1.58006119326874,8.32493604026159E-4,8.85938298760246E-4,-4.53444694734087E-4,-0.0649525391546655
1.58026265459646,7.98664408538089E-4,8.83712628605664E-4,-4.85048220067575E-4,-0.062981219002449
1.58046416730426,8.02667291819862E-4,8.81486958451082E-4,-4.7881966663122E-4,0.0681380113328464
1.58066573141181,8.21679834403845E-4,8.79261288296499E-4,-4.57581453892654E-4,0.0431453193265371
1.58086734693878,8.15608066183385E-4,8.77035618141917E-4,-4.61427551958532E-4,-0.0813570554200933
1.58106901390483,7.84415414300379E-4,8.74809947987334E-4,-4.90394533686955E-4,-0.100179130776525
1.58127073232968,7.70748164372378E-4,8.72584277832752E-4,-5.01836113460374E-4,-0.0187288488521608
1.581472502233,7.72409157833901E-4,8.7035860767817E-4,-4.97949449844268E-4,0.0169853760959493
1.58167432363451,7.73151856878965E-4,8.68132937523587E-4,-4.94981080644622E-4,0.0485747172804118
1.58187619655392,7.87568899778385E-4,8.65907267369005E-4,-4.78338367590619E-4,0.0467315243280789
1.58207812101098,7.87568743081965E-4,8.63681597214422E-4,-4.76112854132458E-4,0.0313349479367752
1.58228009702541,7.95774807022172E-4,8.6145592705984E-4,-4.65681120037668E-4,0.0518858227075472
1.58248212461696,8.04079474492462E-4,8.59230256905258E-4,-4.55150782412796E-4,0.0815726993882663
1.58268420380539,8.24289067096032E-4,8.57004586750675E-4,-4.32715519654644E-4,0.00828197720059169
1.58288633461047,8.02970489031094E-4,8.54778916596093E-4,-4.51808427564999E-4,-0.0178927276241229
1.58308851705199,8.12607413558005E-4,8.5255324644151E-4,-4.39945832883506E-4,0.0435842651660495
1.58329075114972,8.16144566993515E-4,8.50327576286928E-4,-4.34183009293413E-4,0.0692565728439977
1.58349303692347,8.36173839549055E-4,8.48101906132346E-4,-4.1192806658329E-4,0.0536097041319854
1.58369537439305,8.33382043004655E-4,8.45876235977763E-4,-4.12494192973108E-4,-0.0212045513846919
1.58389776357827,8.23139500181301E-4,8.43650565823181E-4,-4.2051106564188E-4,0.0559977260988347
1.58410020449898,8.51605214457065E-4,8.41424895668598E-4,-3.89819681211533E-4,0.0566552265694691
1.584302697175,8.41624850301482E-4,8.39199225514016E-4,-3.97574375212534E-4,-0.0352827550992524
1.58450524162618,8.32863204402852E-4,8.36973555359434E-4,-4.04110350956582E-4,0.0397451471761169
1.58470783787239,8.53279616629638E-4,8.34747885204851E-4,-3.81468268575213E-4,0.0205727231333774
1.5849104859335,8.36744118188882E-4,8.32522215050269E-4,-3.95778096861387E-4,0.0117481361781697
1.58511318582939,8.53594628551828E-4,8.30296544895686E-4,-3.76701916343859E-4,0.011827146827575
1.58531593757994,8.37083847260425E-4,8.28070874741104E-4,-3.90987027480679E-4,-0.0758025796619618
1.58551874120507,8.18400867227425E-4,8.25845204586522E-4,-4.07444337359097E-4,0.00273935480017701
1.58572159672467,8.33748104617945E-4,8.23619534431939E-4,-3.89871429813994E-4,0.11985686191489
1.58592450415867,8.62584726289965E-4,8.21393864277357E-4,-3.58809137987392E-4,0.0890321971353824
1.586127463527,8.65428650872069E-4,8.19168194122775E-4,-3.53739543250706E-4,-0.0623947023607108
1.58633047484961,8.32798426147201E-4,8.16942523968192E-4,-3.84144097820991E-4,-0.025116712698087
1.58653353814644,8.50784529654278E-4,8.1471685381361E-4,-3.63932324159332E-4,-0.00355815758140902
1.58673665343746,8.26896478204735E-4,8.12491183659027E-4,-3.85594705454292E-4,-0.0427569647845813
1.58693982074264,8.28965102064055E-4,8.10265513504445E-4,-3.8130041144039E-4,0.0071991087186728
1.58714304008196,8.25370034298609E-4,8.08039843349863E-4,-3.82669809051254E-4,-0.011439793987655
1.58734631147541,8.19863346793389E-4,8.0581417319528E-4,-3.85950826401891E-4,0.054247830061825
1.587549634943,8.42979248356475E-4,8.03588503040698E-4,-3.60609254684223E-4,0.0331623387038265
1.58775301050474,8.28894332164835E-4,8.01362832886115E-4,-3.72468500721281E-4,-0.0382052209816287
1.58795643818065,8.22986948307592E-4,7.99137162731533E-4,-3.76150214423941E-4,-0.0015670096115952
1.58815991799077,8.23806225764562E-4,7.96911492576951E-4,-3.73105266812388E-4,0.0118375442020713
1.58836344995515,8.23353464792435E-4,7.94685822422368E-4,-3.71332357629933E-4,-0.00466354952336519
1.58856703409382,8.17455581554245E-4,7.92460152267786E-4,-3.75004570713541E-4,0.0643142280134418
1.58877067042687,8.45096493067049E-4,7.90234482113203E-4,-3.45137989046154E-4,-0.456807934338218
1.58897435897436,6.26903493893479E-4,7.88008811958621E-4,-5.61105318065142E-4,-1.06028213996534
