1.588974358974359014e+00,-2.576472628226344867e-05,0.000000000000000000e+00,0.000000000000000000e+00
1.588770330422873300e+00,9.032264093605346482e-06,0.000000000000000000e+00,0.000000000000000000e+00
1.588566354260282587e+00,1.580079132641157465e-05,0.000000000000000000e+00,0.000000000000000000e+00
1.588362430466411235e+00,1.188764599988306574e-05,0.000000000000000000e+00,0.000000000000000000e+00
1.588158559021094263e+00,1.206190030338615514e-05,0.000000000000000000e+00,0.000000000000000000e+00
1.587954739904177126e+00,1.626427348726293886e-05,0.000000000000000000e+00,0.000000000000000000e+00
1.587750973095513274e+00,2.056166161157818107e-05,0.000000000000000000e+00,0.000000000000000000e+00
1.587547258574972808e+00,2.275871180783316326e-06,0.000000000000000000e+00,0.000000000000000000e+00
1.587343596322429828e+00,-7.435911302907511049e-06,0.000000000000000000e+00,0.000000000000000000e+00
1.587139986317771312e+00,4.487790274388476965e-06,0.000000000000000000e+00,0.000000000000000000e+00
1.586936428540893562e+00,-8.529106585956815895e-06,0.000000000000000000e+00,0.000000000000000000e+00
1.586732922971702209e+00,4.405036688132427103e-06,0.000000000000000000e+00,0.000000000000000000e+00
1.586529469590118868e+00,8.260185746925712870e-06,0.000000000000000000e+00,0.000000000000000000e+00
1.586326068376069154e+00,-2.320931480457753479e-07,0.000000000000000000e+00,0.000000000000000000e+00
1.586122719309491336e+00,4.103815223139683620e-06,0.000000000000000000e+00,0.000000000000000000e+00
1.585919422370333898e+00,-4.798514783621794007e-06,0.000000000000000000e+00,0.000000000000000000e+00
1.585716177538555538e+00,9.454623902314788532e-06,0.000000000000000000e+00,0.000000000000000000e+00
1.585512984794122948e+00,1.230957187627296050e-06,0.000000000000000000e+00,0.000000000000000000e+00
1.585309844117019695e+00,1.503134964331103406e-05,0.000000000000000000e+00,0.000000000000000000e+00
1.585106755487233121e+00,2.817292604729041902e-05,0.000000000000000000e+00,0.000000000000000000e+00
1.584903718884763002e+00,1.172185516385440768e-05,0.000000000000000000e+00,0.000000000000000000e+00
1.584700734289619106e+00,1.233634819589274432e-05,0.000000000000000000e+00,0.000000000000000000e+00
1.584497801681822082e+00,7.079294556163156626e-06,0.000000000000000000e+00,0.000000000000000000e+00
1.584294921041400350e+00,2.182176095165248592e-05,0.000000000000000000e+00,0.000000000000000000e+00
1.584092092348398317e+00,6.329918819424746289e-06,0.000000000000000000e+00,0.000000000000000000e+00
1.583889315582865054e+00,9.947879753303143571e-06,0.000000000000000000e+00,0.000000000000000000e+00
1.583686590724861842e+00,1.444825190935770725e-05,0.000000000000000000e+00,0.000000000000000000e+00
1.583483917754459736e+00,-2.301046953474220752e-06,0.000000000000000000e+00,0.000000000000000000e+00
1.583281296651738446e+00,-5.532231966038649550e-07,0.000000000000000000e+00,0.000000000000000000e+00
1.583078727396793672e+00,-1.531981559620279121e-05,0.000000000000000000e+00,0.000000000000000000e+00
1.582876209969724890e+00,1.769075275952561310e-06,0.000000000000000000e+00,0.000000000000000000e+00
1.582673744350645118e+00,-1.019005513232555324e-08,0.000000000000000000e+00,0.000000000000000000e+00
1.582471330519676034e+00,-3.218253613773301627e-06,0.000000000000000000e+00,0.000000000000000000e+00
1.582268968456947977e+00,-1.647607202110714601e-06,0.000000000000000000e+00,0.000000000000000000e+00
1.582066658142607940e+00,-6.135391334794208437e-06,0.000000000000000000e+00,0.000000000000000000e+00
1.581864399556806466e+00,6.967452473981869225e-06,0.000000000000000000e+00,0.000000000000000000e+00
1.581662192679706314e+00,-4.155858421514579439e-07,0.000000000000000000e+00,0.000000000000000000e+00
1.581460037491480675e+00,-1.281722678243314706e-06,0.000000000000000000e+00,0.000000000000000000e+00
1.581257933972312735e+00,1.360920297005323819e-06,0.000000000000000000e+00,0.000000000000000000e+00
1.581055882102394117e+00,-7.020926459618166693e-06,0.000000000000000000e+00,0.000000000000000000e+00
1.580853881861931320e+00,1.142579162526395024e-05,0.000000000000000000e+00,0.000000000000000000e+00
1.580651933231137063e+00,-8.172350255908995484e-06,0.000000000000000000e+00,0.000000000000000000e+00
1.580450036190234053e+00,-4.290599245692023125e-06,0.000000000000000000e+00,0.000000000000000000e+00
1.580248190719456769e+00,-5.924475779089770355e-07,0.000000000000000000e+00,0.000000000000000000e+00
1.580046396799046571e+00,-7.837345813307364933e-06,0.000000000000000000e+00,0.000000000000000000e+00
1.579844654409261473e+00,-1.223827555962999193e-05,0.000000000000000000e+00,0.000000000000000000e+00
1.579642963530363708e+00,-6.950365992207168872e-06,0.000000000000000000e+00,0.000000000000000000e+00
1.579441324142627057e+00,-7.881118275683681937e-06,0.000000000000000000e+00,0.000000000000000000e+00
1.579239736226336177e+00,-2.578259458916714588e-05,0.000000000000000000e+00,0.000000000000000000e+00
1.579038199761785055e+00,-2.223436138614972874e-05,0.000000000000000000e+00,0.000000000000000000e+00
1.578836714729275670e+00,-1.238541709478986966e-05,0.000000000000000000e+00,0.000000000000000000e+00
1.578635281109126876e+00,-2.041078208759667311e-05,0.000000000000000000e+00,0.000000000000000000e+00
1.578433898881660857e+00,-1.131895829704882657e-05,0.000000000000000000e+00,0.000000000000000000e+00
1.578232568027212235e+00,-1.813517498371850249e-05,0.000000000000000000e+00,0.000000000000000000e+00
1.578031288526124953e+00,-1.208858847810641074e-05,0.000000000000000000e+00,0.000000000000000000e+00
1.577830060358752062e+00,-2.259297603357084952e-05,0.000000000000000000e+00,0.000000000000000000e+00
1.577628883505461710e+00,-9.580667009314615661e-06,0.000000000000000000e+00,0.000000000000000000e+00
1.577427757946626485e+00,-9.537675599238879670e-06,0.000000000000000000e+00,0.000000000000000000e+00
1.577226683662631190e+00,-2.005636423706586837e-05,0.000000000000000000e+00,0.000000000000000000e+00
1.577025660633869952e+00,-1.497722001482791913e-05,0.000000000000000000e+00,0.000000000000000000e+00
1.576824688840747779e+00,-2.436663557511798382e-05,0.000000000000000000e+00,0.000000000000000000e+00
1.576623768263676562e+00,-9.965857151633433948e-07,0.000000000000000000e+00,0.000000000000000000e+00
1.576422898883085510e+00,-5.676202854240110490e-06,0.000000000000000000e+00,0.000000000000000000e+00
1.576222080679406501e+00,-6.126862000363844651e-06,0.000000000000000000e+00,0.000000000000000000e+00
1.576021313633084064e+00,-7.611588047072928315e-06,0.000000000000000000e+00,0.000000000000000000e+00
1.575820597724572725e+00,-6.502808969495314003e-06,0.000000000000000000e+00,0.000000000000000000e+00
1.575619932934336997e+00,-7.462370565515681880e-06,0.000000000000000000e+00,0.000000000000000000e+00
1.575419319242848948e+00,-1.267665959905282498e-05,0.000000000000000000e+00,0.000000000000000000e+00
1.575218756630596850e+00,-3.501452156667839676e-06,0.000000000000000000e+00,0.000000000000000000e+00
1.575018245078072976e+00,-4.669354127790953293e-06,0.000000000000000000e+00,0.000000000000000000e+00
1.574817784565781364e+00,-4.385860352933623404e-06,0.000000000000000000e+00,0.000000000000000000e+00
1.574617375074236048e+00,7.832289762837573582e-08,0.000000000000000000e+00,0.000000000000000000e+00
1.574417016583959050e+00,-9.492173378413131142e-06,0.000000000000000000e+00,0.000000000000000000e+00
1.574216709075488163e+00,-7.547571582797911807e-06,0.000000000000000000e+00,0.000000000000000000e+00
1.574016452529365173e+00,-2.029279144190771237e-05,0.000000000000000000e+00,0.000000000000000000e+00
1.573816246926143636e+00,-1.561514180498856054e-05,0.000000000000000000e+00,0.000000000000000000e+00
1.573616092246387543e+00,-1.961049710970071743e-06,0.000000000000000000e+00,0.000000000000000000e+00
1.573415988470667770e+00,-1.152350495932667664e-05,0.000000000000000000e+00,0.000000000000000000e+00
1.573215935579572289e+00,-1.369980269914813616e-05,0.000000000000000000e+00,0.000000000000000000e+00
1.573015933553691736e+00,-1.258076326531856141e-05,0.000000000000000000e+00,0.000000000000000000e+00
1.572815982373629184e+00,-2.484372606461498524e-07,0.000000000000000000e+00,0.000000000000000000e+00
1.572616082019998140e+00,-2.282417721332990427e-06,0.000000000000000000e+00,0.000000000000000000e+00
1.572416232473420550e+00,2.881119545883434503e-06,0.000000000000000000e+00,0.000000000000000000e+00
1.572216433714527684e+00,1.931008648888455238e-06,0.000000000000000000e+00,0.000000000000000000e+00
1.572016685723965912e+00,-3.864763791994673629e-06,0.000000000000000000e+00,0.000000000000000000e+00
1.571816988482385602e+00,3.795134087300846594e-07,0.000000000000000000e+00,0.000000000000000000e+00
1.571617341970448667e+00,-4.590457867995479790e-06,0.000000000000000000e+00,0.000000000000000000e+00
1.571417746168827234e+00,4.279912000812842931e-05,0.000000000000000000e+00,0.000000000000000000e+00
1.571218201058200981e+00,1.479694707952772942e-05,0.000000000000000000e+00,0.000000000000000000e+00
1.571018706619265570e+00,1.051589488072448468e-05,0.000000000000000000e+00,0.000000000000000000e+00
1.570819262832720442e+00,7.714585660585160723e-06,0.000000000000000000e+00,0.000000000000000000e+00
1.570619869679276359e+00,7.722709491982137665e-06,0.000000000000000000e+00,0.000000000000000000e+00
1.570420527139655187e+00,2.251215044726866078e-05,0.000000000000000000e+00,0.000000000000000000e+00
1.570221235194587006e+00,1.296260504743168736e-05,0.000000000000000000e+00,0.000000000000000000e+00
1.570021993824810780e+00,1.116136923647932004e-05,0.000000000000000000e+00,0.000000000000000000e+00
1.569822803011080570e+00,1.325688358721002769e-05,0.000000000000000000e+00,0.000000000000000000e+00
1.569623662734154435e+00,8.894011578649619384e-06,0.000000000000000000e+00,0.000000000000000000e+00
1.569424572974802423e+00,1.364710993480316341e-05,0.000000000000000000e+00,0.000000000000000000e+00
1.569225533713804133e+00,4.798767936281327865e-06,0.000000000000000000e+00,0.000000000000000000e+00
1.569026544931946709e+00,1.012968836534936532e-05,0.000000000000000000e+00,0.000000000000000000e+00
1.568827606610033509e+00,8.495445428173748533e-06,0.000000000000000000e+00,0.000000000000000000e+00
1.568628718728871219e+00,3.935867510561049179e-06,0.000000000000000000e+00,0.000000000000000000e+00
1.568429881269278736e+00,5.823281715301546757e-06,0.000000000000000000e+00,0.000000000000000000e+00
1.568231094212084065e+00,1.031595565405572573e-05,0.000000000000000000e+00,0.000000000000000000e+00
1.568032357538125199e+00,2.699595953282654800e-05,0.000000000000000000e+00,0.000000000000000000e+00
1.567833671228247905e+00,2.325025083237049510e-05,0.000000000000000000e+00,0.000000000000000000e+00
1.567635035263313936e+00,2.096634918959653813e-05,0.000000000000000000e+00,0.000000000000000000e+00
1.567436449624187933e+00,1.584181003783053992e-05,0.000000000000000000e+00,0.000000000000000000e+00
1.567237914291746748e+00,1.250067596235117590e-05,0.000000000000000000e+00,0.000000000000000000e+00
1.567039429246877447e+00,9.091818172623047142e-06,0.000000000000000000e+00,0.000000000000000000e+00
1.566840994470475756e+00,-2.959977699954819720e-06,0.000000000000000000e+00,0.000000000000000000e+00
1.566642609943445619e+00,2.703365198005304535e-06,0.000000000000000000e+00,0.000000000000000000e+00
1.566444275646706741e+00,7.520384417315914213e-06,0.000000000000000000e+00,0.000000000000000000e+00
1.566245991561182382e+00,7.886621127216472075e-06,0.000000000000000000e+00,0.000000000000000000e+00
1.566047757667807128e+00,-5.544737624347140931e-07,0.000000000000000000e+00,0.000000000000000000e+00
1.565849573947525553e+00,1.107051936526180346e-06,0.000000000000000000e+00,0.000000000000000000e+00
1.565651440381289783e+00,1.263058544456437463e-05,0.000000000000000000e+00,0.000000000000000000e+00
1.565453356950067931e+00,6.073761641500730578e-06,0.000000000000000000e+00,0.000000000000000000e+00
1.565255323634830775e+00,9.669679410265750227e-06,0.000000000000000000e+00,0.000000000000000000e+00
1.565057340416562193e+00,-3.090672819341228582e-06,0.000000000000000000e+00,0.000000000000000000e+00
1.564859407276254499e+00,-6.175042666355340208e-06,0.000000000000000000e+00,0.000000000000000000e+00
1.564661524194907782e+00,-6.484145634222632064e-06,0.000000000000000000e+00,0.000000000000000000e+00
1.564463691153538338e+00,-3.313945258994247488e-06,0.000000000000000000e+00,0.000000000000000000e+00
1.564265908133165350e+00,-1.149416553600300477e-06,0.000000000000000000e+00,0.000000000000000000e+00
1.564068175114819992e+00,-1.527020330954845804e-05,0.000000000000000000e+00,0.000000000000000000e+00
1.563870492079542762e+00,-7.330408006637318362e-07,0.000000000000000000e+00,0.000000000000000000e+00
1.563672859008384375e+00,-3.984396915458407722e-06,0.000000000000000000e+00,0.000000000000000000e+00
1.563475275882402427e+00,5.959495960729341985e-07,0.000000000000000000e+00,0.000000000000000000e+00
1.563277742682670279e+00,-1.526088023949263676e-05,0.000000000000000000e+00,0.000000000000000000e+00
1.563080259390265070e+00,1.837434202495006642e-06,0.000000000000000000e+00,0.000000000000000000e+00
1.562882825986275259e+00,1.678544054899822448e-05,0.000000000000000000e+00,0.000000000000000000e+00
1.562685442451799078e+00,2.244806872479917972e-05,0.000000000000000000e+00,0.000000000000000000e+00
1.562488108767941863e+00,2.179393356097834552e-05,0.000000000000000000e+00,0.000000000000000000e+00
1.562290824915825160e+00,1.908277053502561429e-05,0.000000000000000000e+00,0.000000000000000000e+00
1.562093590876573401e+00,1.288518393580199680e-05,0.000000000000000000e+00,0.000000000000000000e+00
1.561896406631322787e+00,4.810997392671006838e-06,0.000000000000000000e+00,0.000000000000000000e+00
1.561699272161219509e+00,7.884635197367355179e-06,0.000000000000000000e+00,0.000000000000000000e+00
1.561502187447418644e+00,1.660863656664275526e-05,0.000000000000000000e+00,0.000000000000000000e+00
1.561305152471082813e+00,2.080954567846573459e-05,0.000000000000000000e+00,0.000000000000000000e+00
1.561108167213390852e+00,2.038382569754620911e-05,0.000000000000000000e+00,0.000000000000000000e+00
1.560911231655524034e+00,1.350853681782545517e-05,0.000000000000000000e+00,0.000000000000000000e+00
1.560714345778675849e+00,5.298707665791081278e-06,0.000000000000000000e+00,0.000000000000000000e+00
1.560517509564048888e+00,-3.571201683265151031e-06,0.000000000000000000e+00,0.000000000000000000e+00
1.560320722992853959e+00,-1.322383072491602673e-05,0.000000000000000000e+00,0.000000000000000000e+00
1.560123986046316080e+00,-1.223002013110284936e-05,0.000000000000000000e+00,0.000000000000000000e+00
1.559927298705665155e+00,-1.732549155031797407e-05,0.000000000000000000e+00,0.000000000000000000e+00
1.559730660952141523e+00,-2.176519478224017484e-05,0.000000000000000000e+00,0.000000000000000000e+00
1.559534072766995516e+00,-3.180986659894944040e-05,0.000000000000000000e+00,0.000000000000000000e+00
1.559337534131486569e+00,-3.160425114433966336e-05,0.000000000000000000e+00,0.000000000000000000e+00
1.559141045026881667e+00,-2.626566591154908112e-05,0.000000000000000000e+00,0.000000000000000000e+00
1.558944605434463337e+00,-2.086167200618708160e-05,0.000000000000000000e+00,0.000000000000000000e+00
1.558748215335517662e+00,-3.047516938234053280e-05,0.000000000000000000e+00,0.000000000000000000e+00
1.558551874711341378e+00,-2.906646935101119076e-05,0.000000000000000000e+00,0.000000000000000000e+00
1.558355583543242107e+00,-3.078429484739011015e-05,0.000000000000000000e+00,0.000000000000000000e+00
1.558159341812535681e+00,-3.127325775246738359e-05,0.000000000000000000e+00,0.000000000000000000e+00
1.557963149500545708e+00,-3.517690859066715733e-05,0.000000000000000000e+00,0.000000000000000000e+00
1.557767006588610892e+00,-3.385262544553045011e-05,0.000000000000000000e+00,0.000000000000000000e+00
1.557570913058073936e+00,-3.997944189001914183e-05,0.000000000000000000e+00,0.000000000000000000e+00
1.557374868890288422e+00,-3.872568066780942165e-05,0.000000000000000000e+00,0.000000000000000000e+00
1.557178874066617924e+00,-4.254881182370060314e-05,0.000000000000000000e+00,0.000000000000000000e+00
1.556982928568432456e+00,-3.728038629304360934e-05,0.000000000000000000e+00,0.000000000000000000e+00
1.556787032377118019e+00,-4.247373543515755440e-05,0.000000000000000000e+00,0.000000000000000000e+00
1.556591185474064387e+00,-3.622709645204432631e-05,0.000000000000000000e+00,0.000000000000000000e+00
1.556395387840671773e+00,-3.421534281016484118e-05,0.000000000000000000e+00,0.000000000000000000e+00
1.556199639458350381e+00,-2.828102435737073032e-05,0.000000000000000000e+00,0.000000000000000000e+00
1.556003940308517297e+00,-4.146152592138073337e-05,0.000000000000000000e+00,0.000000000000000000e+00
1.555808290372605818e+00,-3.135467108770882564e-05,0.000000000000000000e+00,0.000000000000000000e+00
1.555612689632051238e+00,-3.775340097853831234e-05,0.000000000000000000e+00,0.000000000000000000e+00
1.555417138068301730e+00,-3.529301286536419904e-05,0.000000000000000000e+00,0.000000000000000000e+00
1.555221635662813018e+00,-1.939065487366933285e-05,0.000000000000000000e+00,0.000000000000000000e+00
1.555026182397052148e+00,-2.494608929202329385e-05,0.000000000000000000e+00,0.000000000000000000e+00
1.554830778252491941e+00,-1.668446094144017313e-05,0.000000000000000000e+00,0.000000000000000000e+00
1.554635423210621203e+00,-1.259228171015240203e-05,0.000000000000000000e+00,0.000000000000000000e+00
1.554440117252931852e+00,-1.722757302727301451e-05,0.000000000000000000e+00,0.000000000000000000e+00
1.554244860360927127e+00,-1.734997328858400422e-05,0.000000000000000000e+00,0.000000000000000000e+00
1.554049652516119373e+00,-2.156467595782450303e-05,0.000000000000000000e+00,0.000000000000000000e+00
1.553854493700028927e+00,-1.322106144613897655e-05,0.000000000000000000e+00,0.000000000000000000e+00
1.553659383894190560e+00,-8.869765034472348961e-06,0.000000000000000000e+00,0.000000000000000000e+00
1.553464323080142373e+00,-1.227927458160178167e-05,0.000000000000000000e+00,0.000000000000000000e+00
1.553269311239434902e+00,-1.162547975796113936e-05,0.000000000000000000e+00,0.000000000000000000e+00
1.553074348353626233e+00,-1.417414890876752230e-05,0.000000000000000000e+00,0.000000000000000000e+00
1.552879434404285108e+00,2.204116130463782026e-05,0.000000000000000000e+00,0.000000000000000000e+00
1.552684569372986711e+00,1.967998359525617276e-05,0.000000000000000000e+00,0.000000000000000000e+00
1.552489753241321768e+00,2.422867459664997027e-05,0.000000000000000000e+00,0.000000000000000000e+00
1.552294985990884113e+00,1.604721028429804876e-05,0.000000000000000000e+00,0.000000000000000000e+00
1.552100267603279127e+00,2.194325309095587024e-05,0.000000000000000000e+00,0.000000000000000000e+00
1.551905598060120628e+00,3.631724004528449684e-05,0.000000000000000000e+00,0.000000000000000000e+00
1.551710977343032871e+00,2.791824309542978531e-05,0.000000000000000000e+00,0.000000000000000000e+00
1.551516405433646550e+00,2.953354519160425419e-05,0.000000000000000000e+00,0.000000000000000000e+00
1.551321882313607681e+00,2.878814170486374089e-05,0.000000000000000000e+00,0.000000000000000000e+00
1.551127407964565386e+00,3.558410493654043123e-05,0.000000000000000000e+00,0.000000000000000000e+00
1.550932982368180113e+00,3.262575022842386600e-05,0.000000000000000000e+00,0.000000000000000000e+00
1.550738605506121637e+00,4.002215310512494996e-05,0.000000000000000000e+00,0.000000000000000000e+00
1.550544277360066614e+00,5.285132873992164993e-05,0.000000000000000000e+00,0.000000000000000000e+00
1.550349997911707023e+00,5.186168079584032621e-05,0.000000000000000000e+00,0.000000000000000000e+00
1.550155767142738394e+00,5.528174716733967814e-05,0.000000000000000000e+00,0.000000000000000000e+00
1.549961585034866474e+00,4.241016168480773616e-05,0.000000000000000000e+00,0.000000000000000000e+00
1.549767451569807442e+00,5.221164029657040856e-05,0.000000000000000000e+00,0.000000000000000000e+00
1.549573366729285473e+00,5.048797379149941528e-05,0.000000000000000000e+00,0.000000000000000000e+00
1.549379330495032736e+00,4.601840837115280360e-05,0.000000000000000000e+00,0.000000000000000000e+00
1.549185342848796276e+00,4.305165942373166167e-05,0.000000000000000000e+00,0.000000000000000000e+00
1.548991403772325803e+00,4.635765610221847036e-05,0.000000000000000000e+00,0.000000000000000000e+00
1.548797513247382795e+00,4.989854158047343606e-05,0.000000000000000000e+00,0.000000000000000000e+00
1.548603671255737613e+00,4.815940342709846070e-05,0.000000000000000000e+00,0.000000000000000000e+00
1.548409877779167942e+00,4.771526007196904640e-05,0.000000000000000000e+00,0.000000000000000000e+00
1.548216132799466127e+00,4.816478532145240755e-05,0.000000000000000000e+00,0.000000000000000000e+00
1.548022436298428062e+00,4.108671289050755057e-05,0.000000000000000000e+00,0.000000000000000000e+00
1.547828788257860744e+00,3.629902681214880033e-05,0.000000000000000000e+00,0.000000000000000000e+00
1.547635188659580052e+00,3.617666221631901267e-05,0.000000000000000000e+00,0.000000000000000000e+00
1.547441637485408972e+00,3.555538304955322510e-05,0.000000000000000000e+00,0.000000000000000000e+00
1.547248134717185586e+00,3.232716844680307315e-05,0.000000000000000000e+00,0.000000000000000000e+00
1.547054680336751087e+00,3.427022811192435110e-05,0.000000000000000000e+00,0.000000000000000000e+00
1.546861274325957991e+00,3.172001304722822960e-05,0.000000000000000000e+00,0.000000000000000000e+00
1.546667916666667475e+00,2.468459005888729929e-05,0.000000000000000000e+00,0.000000000000000000e+00
1.546474607340750262e+00,2.092999561181205790e-05,0.000000000000000000e+00,0.000000000000000000e+00
1.546281346330083739e+00,1.331576631713769299e-05,0.000000000000000000e+00,0.000000000000000000e+00
1.546088133616560389e+00,2.049125472257135473e-05,0.000000000000000000e+00,0.000000000000000000e+00
1.545894969182076029e+00,1.531003610251744718e-05,0.000000000000000000e+00,0.000000000000000000e+00
1.545701853008537130e+00,1.007430142478774352e-05,0.000000000000000000e+00,0.000000000000000000e+00
1.545508785077859493e+00,6.833515271393512773e-06,0.000000000000000000e+00,0.000000000000000000e+00
1.545315765371965799e+00,1.691269398525489971e-05,0.000000000000000000e+00,0.000000000000000000e+00
1.545122793872793832e+00,2.118331643716063082e-05,0.000000000000000000e+00,0.000000000000000000e+00
1.544929870562284258e+00,9.548033061035365605e-06,0.000000000000000000e+00,0.000000000000000000e+00
1.544736995422389070e+00,1.778856884530357046e-05,0.000000000000000000e+00,0.000000000000000000e+00
1.544544168435069365e+00,1.299777103936532782e-05,0.000000000000000000e+00,0.000000000000000000e+00
1.544351389582294454e+00,-4.354148909849328217e-06,0.000000000000000000e+00,0.000000000000000000e+00
1.544158658846041421e+00,-5.538212379014684043e-06,0.000000000000000000e+00,0.000000000000000000e+00
1.543965976208302227e+00,-1.059258984363392001e-06,0.000000000000000000e+00,0.000000000000000000e+00
1.543773341651071274e+00,1.048499212314498059e-05,0.000000000000000000e+00,0.000000000000000000e+00
1.543580755156354734e+00,7.903118156656790180e-06,0.000000000000000000e+00,0.000000000000000000e+00
1.543388216706166993e+00,-5.232356763389264202e-06,0.000000000000000000e+00,0.000000000000000000e+00
1.543195726282532210e+00,-2.393426622335329034e-05,0.000000000000000000e+00,0.000000000000000000e+00
1.543003283867481201e+00,-4.016755919140484752e-05,0.000000000000000000e+00,0.000000000000000000e+00
1.542810889443059219e+00,-3.952738033646135702e-05,0.000000000000000000e+00,0.000000000000000000e+00
1.542618542991314845e+00,-3.195194301102832063e-05,0.000000000000000000e+00,0.000000000000000000e+00
1.542426244494308207e+00,-1.785078381059187081e-05,0.000000000000000000e+00,0.000000000000000000e+00
1.542233993934107428e+00,-2.129222865560168087e-05,0.000000000000000000e+00,0.000000000000000000e+00
1.542041791292787956e+00,-2.165539695886853529e-05,0.000000000000000000e+00,0.000000000000000000e+00
1.541849636552440339e+00,-2.480875343108891783e-05,0.000000000000000000e+00,0.000000000000000000e+00
1.541657529695157569e+00,-2.475546233899955303e-05,0.000000000000000000e+00,0.000000000000000000e+00
1.541465470703044405e+00,-2.240557695163010715e-05,0.000000000000000000e+00,0.000000000000000000e+00
1.541273459558213821e+00,-1.855590504061966489e-05,0.000000000000000000e+00,0.000000000000000000e+00
1.541081496242787896e+00,-3.128112061879444010e-06,0.000000000000000000e+00,0.000000000000000000e+00
1.540889580738895592e+00,-4.894409704225268984e-06,0.000000000000000000e+00,0.000000000000000000e+00
1.540697713028680749e+00,-9.458486164009823408e-06,0.000000000000000000e+00,0.000000000000000000e+00
1.540505893094290091e+00,-7.491811250990741342e-06,0.000000000000000000e+00,0.000000000000000000e+00
1.540314120917881224e+00,-3.456966224033063487e-06,0.000000000000000000e+00,0.000000000000000000e+00
1.540122396481620859e+00,1.126800751143650168e-05,0.000000000000000000e+00,0.000000000000000000e+00
1.539930719767682588e+00,7.302926621776317448e-06,0.000000000000000000e+00,0.000000000000000000e+00
1.539739090758254436e+00,1.079600344728963695e-05,0.000000000000000000e+00,0.000000000000000000e+00
1.539547509435527539e+00,8.332484855664190788e-06,0.000000000000000000e+00,0.000000000000000000e+00
1.539355975781704133e+00,6.234067912309492095e-06,0.000000000000000000e+00,0.000000000000000000e+00
1.539164489778995115e+00,1.408687202720355306e-05,0.000000000000000000e+00,0.000000000000000000e+00
1.538973051409618042e+00,1.616652604168294493e-05,0.000000000000000000e+00,0.000000000000000000e+00
1.538781660655805350e+00,3.503216327431512862e-05,0.000000000000000000e+00,0.000000000000000000e+00
1.538590317499792803e+00,3.574263535379047785e-05,0.000000000000000000e+00,0.000000000000000000e+00
1.538399021923826382e+00,3.167735320990926629e-05,0.000000000000000000e+00,0.000000000000000000e+00
1.538207773910161391e+00,3.036714158882692846e-05,0.000000000000000000e+00,0.000000000000000000e+00
1.538016573441061796e+00,3.510584120944672867e-05,0.000000000000000000e+00,0.000000000000000000e+00
1.537825420498798001e+00,4.811008272667238045e-05,0.000000000000000000e+00,0.000000000000000000e+00
1.537634315065655732e+00,4.410333278112999866e-05,0.000000000000000000e+00,0.000000000000000000e+00
1.537443257123923379e+00,4.867407898455410140e-05,0.000000000000000000e+00,0.000000000000000000e+00
1.537252246655899990e+00,5.501005955393445997e-05,0.000000000000000000e+00,0.000000000000000000e+00
1.537061283643893272e+00,4.613380340432002725e-05,0.000000000000000000e+00,0.000000000000000000e+00
1.536870368070218484e+00,4.614146465608496162e-05,0.000000000000000000e+00,0.000000000000000000e+00
1.536679499917204650e+00,5.465735489351144453e-05,0.000000000000000000e+00,0.000000000000000000e+00
1.536488679167184124e+00,6.637952487454767004e-05,0.000000000000000000e+00,0.000000000000000000e+00
1.536297905802500141e+00,7.097606158332496647e-05,0.000000000000000000e+00,0.000000000000000000e+00
1.536107179805504597e+00,7.332923290822386444e-05,0.000000000000000000e+00,0.000000000000000000e+00
1.535916501158557823e+00,8.049544130358257882e-05,0.000000000000000000e+00,0.000000000000000000e+00
1.535725869844027480e+00,9.401615574966966067e-05,0.000000000000000000e+00,0.000000000000000000e+00
1.535535285844295439e+00,9.410394145893072890e-05,0.000000000000000000e+00,0.000000000000000000e+00
1.535344749141746457e+00,8.492304786763345444e-05,0.000000000000000000e+00,0.000000000000000000e+00
1.535154259718776393e+00,8.869407490152931639e-05,0.000000000000000000e+00,0.000000000000000000e+00
1.534963817557789323e+00,9.467968370798358598e-05,0.000000000000000000e+00,0.000000000000000000e+00
1.534773422641198648e+00,9.470660289251912238e-05,0.000000000000000000e+00,0.000000000000000000e+00
1.534583074951423765e+00,6.972563819040164881e-05,0.000000000000000000e+00,0.000000000000000000e+00
1.534392774470899390e+00,5.337805728104479206e-05,0.000000000000000000e+00,0.000000000000000000e+00
1.534202521182062684e+00,3.668310641921092817e-05,0.000000000000000000e+00,0.000000000000000000e+00
1.534012315067361687e+00,2.025029382173395599e-05,0.000000000000000000e+00,0.000000000000000000e+00
1.533822156109252877e+00,1.003583554480482094e-05,0.000000000000000000e+00,0.000000000000000000e+00
1.533632044290199614e+00,-1.268704877281038451e-05,0.000000000000000000e+00,0.000000000000000000e+00
1.533441979592679694e+00,-3.002173984617626922e-05,0.000000000000000000e+00,0.000000000000000000e+00
1.533251961999174018e+00,-5.847223312044705096e-05,0.000000000000000000e+00,0.000000000000000000e+00
1.533061991492174148e+00,-8.226934945804707539e-05,0.000000000000000000e+00,0.000000000000000000e+00
1.532872068054179859e+00,-9.877979885655383506e-05,0.000000000000000000e+00,0.000000000000000000e+00
1.532682191667700033e+00,-1.256488165347674404e-04,0.000000000000000000e+00,0.000000000000000000e+00
1.532492362315250212e+00,-1.488750857513928844e-04,0.000000000000000000e+00,0.000000000000000000e+00
1.532302579979360146e+00,-1.668231200958737552e-04,0.000000000000000000e+00,0.000000000000000000e+00
1.532112844642562699e+00,-1.928758791905664993e-04,0.000000000000000000e+00,0.000000000000000000e+00
1.531923156287401167e+00,-2.230301755111698718e-04,0.000000000000000000e+00,0.000000000000000000e+00
1.531733514896427506e+00,-2.347844757661600099e-04,0.000000000000000000e+00,0.000000000000000000e+00
1.531543920452200558e+00,-2.458052004517764701e-04,0.000000000000000000e+00,0.000000000000000000e+00
1.531354372937293373e+00,-2.635806035548328690e-04,0.000000000000000000e+00,0.000000000000000000e+00
1.531164872334282112e+00,-2.804344654572465088e-04,0.000000000000000000e+00,0.000000000000000000e+00
1.530975418625753148e+00,-2.970487732271608538e-04,0.000000000000000000e+00,0.000000000000000000e+00
1.530786011794301738e+00,-2.960700675371936682e-04,0.000000000000000000e+00,0.000000000000000000e+00
1.530596651822529353e+00,-2.960701982381953390e-04,0.000000000000000000e+00,0.000000000000000000e+00
1.530407338693052566e+00,-2.953794992230866084e-04,0.000000000000000000e+00,0.000000000000000000e+00
1.530218072388490391e+00,-2.776631687611898517e-04,0.000000000000000000e+00,0.000000000000000000e+00
1.530028852891472058e+00,-2.556649974784515724e-04,0.000000000000000000e+00,0.000000000000000000e+00
1.529839680184636341e+00,-2.518135432645415709e-04,0.000000000000000000e+00,0.000000000000000000e+00
1.529650554250629346e+00,-2.439130781187288325e-04,0.000000000000000000e+00,0.000000000000000000e+00
1.529461475072104948e+00,-2.237766003284457749e-04,0.000000000000000000e+00,0.000000000000000000e+00
1.529272442631730566e+00,-2.028460675462540877e-04,0.000000000000000000e+00,0.000000000000000000e+00
1.529083456912176731e+00,-1.741168456663627672e-04,0.000000000000000000e+00,0.000000000000000000e+00
1.528894517896124627e+00,-1.436310484081966890e-04,0.000000000000000000e+00,0.000000000000000000e+00
1.528705625566263882e+00,-1.166115669085011257e-04,0.000000000000000000e+00,0.000000000000000000e+00
1.528516779905290557e+00,-9.810552897882745312e-05,0.000000000000000000e+00,0.000000000000000000e+00
1.528327980895915150e+00,-8.649979944318501781e-05,0.000000000000000000e+00,0.000000000000000000e+00
1.528139228520851267e+00,-5.376205740172953313e-05,0.000000000000000000e+00,0.000000000000000000e+00
1.527950522762822283e+00,-1.440461952418003707e-05,0.000000000000000000e+00,0.000000000000000000e+00
1.527761863604560899e+00,1.032435857040359855e-05,0.000000000000000000e+00,0.000000000000000000e+00
1.527573251028807588e+00,2.316811529938153907e-05,0.000000000000000000e+00,0.000000000000000000e+00
1.527384685018309929e+00,4.822482992963307829e-05,0.000000000000000000e+00,0.000000000000000000e+00
1.527196165555829710e+00,8.198597592697537710e-05,0.000000000000000000e+00,0.000000000000000000e+00
1.527007692624131163e+00,1.075668275076177875e-04,0.000000000000000000e+00,0.000000000000000000e+00
1.526819266205989178e+00,1.249710377165280141e-04,0.000000000000000000e+00,0.000000000000000000e+00
1.526630886284187305e+00,1.363210921180004680e-04,0.000000000000000000e+00,0.000000000000000000e+00
1.526442552841517530e+00,1.601827759902186752e-04,0.000000000000000000e+00,0.000000000000000000e+00
1.526254265860778281e+00,1.695937257331736440e-04,0.000000000000000000e+00,0.000000000000000000e+00
1.526066025324781972e+00,1.710083008103682864e-04,0.000000000000000000e+00,0.000000000000000000e+00
1.525877831216344127e+00,1.837361717561930531e-04,0.000000000000000000e+00,0.000000000000000000e+00
1.525689683518290707e+00,1.883346107653190605e-04,0.000000000000000000e+00,0.000000000000000000e+00
1.525501582213455887e+00,1.782224179306369995e-04,0.000000000000000000e+00,0.000000000000000000e+00
1.525313527284680504e+00,1.883740140586737902e-04,0.000000000000000000e+00,0.000000000000000000e+00
1.525125518714819384e+00,2.196312827045319559e-04,0.000000000000000000e+00,0.000000000000000000e+00
1.524937556486730683e+00,2.258079482587677740e-04,0.000000000000000000e+00,0.000000000000000000e+00
1.524749640583282329e+00,2.154128721055442784e-04,0.000000000000000000e+00,0.000000000000000000e+00
1.524561770987350684e+00,2.113723414545114838e-04,0.000000000000000000e+00,0.000000000000000000e+00
1.524373947681821218e+00,2.049359727610927076e-04,0.000000000000000000e+00,0.000000000000000000e+00
1.524186170649584726e+00,1.921736466627202975e-04,0.000000000000000000e+00,0.000000000000000000e+00
1.523998439873547550e+00,1.784242294169927252e-04,0.000000000000000000e+00,0.000000000000000000e+00
1.523810755336617584e+00,1.715335013164561199e-04,0.000000000000000000e+00,0.000000000000000000e+00
1.523623117021713602e+00,1.663161718946794916e-04,0.000000000000000000e+00,0.000000000000000000e+00
1.523435524911763039e+00,1.556593448860140567e-04,0.000000000000000000e+00,0.000000000000000000e+00
1.523247978989699325e+00,1.440612131389577518e-04,0.000000000000000000e+00,0.000000000000000000e+00
1.523060479238470100e+00,1.370734644866710024e-04,0.000000000000000000e+00,0.000000000000000000e+00
1.522873025641025668e+00,1.244724072763276365e-04,0.000000000000000000e+00,0.000000000000000000e+00
1.522685618180326772e+00,1.048048254514249132e-04,0.000000000000000000e+00,0.000000000000000000e+00
1.522498256839342812e+00,1.064953954946038254e-04,0.000000000000000000e+00,0.000000000000000000e+00
1.522310941601048961e+00,8.983264763780913435e-05,0.000000000000000000e+00,0.000000000000000000e+00
1.522123672448435272e+00,7.275190582758207314e-05,0.000000000000000000e+00,0.000000000000000000e+00
1.521936449364493571e+00,6.899567521333175202e-05,0.000000000000000000e+00,0.000000000000000000e+00
1.521749272332226566e+00,5.512860018326722587e-05,0.000000000000000000e+00,0.000000000000000000e+00
1.521562141334645402e+00,5.127277885211745014e-05,0.000000000000000000e+00,0.000000000000000000e+00
1.521375056354769439e+00,3.999749285022520702e-05,0.000000000000000000e+00,0.000000000000000000e+00
1.521188017375624257e+00,1.922759869796140291e-05,0.000000000000000000e+00,0.000000000000000000e+00
1.521001024380249644e+00,7.594611474415300257e-06,0.000000000000000000e+00,0.000000000000000000e+00
1.520814077351688054e+00,6.838385119492995570e-06,0.000000000000000000e+00,0.000000000000000000e+00
1.520627176272992154e+00,-7.437343849826165507e-06,0.000000000000000000e+00,0.000000000000000000e+00
1.520440321127222827e+00,-1.216091930129290519e-05,0.000000000000000000e+00,0.000000000000000000e+00
1.520253511897447618e+00,-1.021479368467812735e-05,0.000000000000000000e+00,0.000000000000000000e+00
1.520066748566747838e+00,-1.689885832295491986e-05,0.000000000000000000e+00,0.000000000000000000e+00
1.519880031118207908e+00,-2.680766802344727124e-05,0.000000000000000000e+00,0.000000000000000000e+00
1.519693359534922017e+00,-3.281729999469155815e-05,0.000000000000000000e+00,0.000000000000000000e+00
1.519506733799992348e+00,-3.435860859563510863e-05,0.000000000000000000e+00,0.000000000000000000e+00
1.519320153896529968e+00,-4.000601802298412932e-05,0.000000000000000000e+00,0.000000000000000000e+00
1.519133619807652158e+00,-4.385156867087072578e-05,0.000000000000000000e+00,0.000000000000000000e+00
1.518947131516490412e+00,-3.956151961039200892e-05,0.000000000000000000e+00,0.000000000000000000e+00
1.518760689006178222e+00,-3.638392435968262201e-05,0.000000000000000000e+00,0.000000000000000000e+00
1.518574292259859515e+00,-3.994109910147923635e-05,0.000000000000000000e+00,0.000000000000000000e+00
1.518387941260686880e+00,-4.963284383097354936e-05,0.000000000000000000e+00,0.000000000000000000e+00
1.518201635991820897e+00,-4.809046879373585432e-05,0.000000000000000000e+00,0.000000000000000000e+00
1.518015376436428365e+00,-3.983582694368410261e-05,0.000000000000000000e+00,0.000000000000000000e+00
1.517829162577690294e+00,-4.237942775318844250e-05,0.000000000000000000e+00,0.000000000000000000e+00
1.517642994398789913e+00,-5.110008844777720084e-05,0.000000000000000000e+00,0.000000000000000000e+00
1.517456871882920888e+00,-5.970093969863968968e-05,0.000000000000000000e+00,0.000000000000000000e+00
1.517270795013285101e+00,-5.240328570648827280e-05,0.000000000000000000e+00,0.000000000000000000e+00
1.517084763773090650e+00,-6.019426876903069936e-05,0.000000000000000000e+00,0.000000000000000000e+00
1.516898778145559623e+00,-6.776069780829209466e-05,0.000000000000000000e+00,0.000000000000000000e+00
1.516712838113916550e+00,-5.711737615038192184e-05,0.000000000000000000e+00,0.000000000000000000e+00
1.516526943661396620e+00,-5.242611499275235624e-05,0.000000000000000000e+00,0.000000000000000000e+00
1.516341094771242348e+00,-5.095227876077091864e-05,0.000000000000000000e+00,0.000000000000000000e+00
1.516155291426705132e+00,-5.229082366760317343e-05,0.000000000000000000e+00,0.000000000000000000e+00
1.515969533611042364e+00,-4.103970943675173347e-05,0.000000000000000000e+00,0.000000000000000000e+00
1.515783821307525647e+00,-4.079227080346786456e-05,0.000000000000000000e+00,0.000000000000000000e+00
1.515598154499428585e+00,-2.734806479648952716e-05,0.000000000000000000e+00,0.000000000000000000e+00
1.515412533170034992e+00,-4.165755940268878752e-05,0.000000000000000000e+00,0.000000000000000000e+00
1.515226957302637567e+00,-6.061015999689063193e-05,0.000000000000000000e+00,0.000000000000000000e+00
1.515041426880534559e+00,-5.741945788363201145e-05,0.000000000000000000e+00,0.000000000000000000e+00
1.514855941887038426e+00,-5.926468165343796654e-05,0.000000000000000000e+00,0.000000000000000000e+00
1.514670502305463629e+00,-5.987043379810231929e-05,0.000000000000000000e+00,0.000000000000000000e+00
1.514485108119135282e+00,-4.870127870355251223e-05,0.000000000000000000e+00,0.000000000000000000e+00
1.514299759311386495e+00,-3.808630303993914483e-05,0.000000000000000000e+00,0.000000000000000000e+00
1.514114455865556375e+00,-3.148542263048213904e-05,0.000000000000000000e+00,0.000000000000000000e+00
1.513929197764998014e+00,-2.865770542443416479e-05,0.000000000000000000e+00,0.000000000000000000e+00
1.513743984993066949e+00,-2.477666392227675582e-05,0.000000000000000000e+00,0.000000000000000000e+00
1.513558817533129375e+00,-4.137005695336112713e-05,0.000000000000000000e+00,0.000000000000000000e+00
1.513373695368558813e+00,-4.649186066447394709e-05,0.000000000000000000e+00,0.000000000000000000e+00
1.513188618482736780e+00,-2.857168975179809832e-05,0.000000000000000000e+00,0.000000000000000000e+00
1.513003586859051897e+00,-8.596441480645237608e-06,0.000000000000000000e+00,0.000000000000000000e+00
1.512818600480905884e+00,-6.430673455725299976e-06,0.000000000000000000e+00,0.000000000000000000e+00
1.512633659331703351e+00,-1.897097610168698920e-05,0.000000000000000000e+00,0.000000000000000000e+00
1.512448763394858231e+00,-2.070598300710663501e-06,0.000000000000000000e+00,0.000000000000000000e+00
1.512263912653793341e+00,1.591321433048773306e-05,0.000000000000000000e+00,0.000000000000000000e+00
1.512079107091939267e+00,2.753589470533889601e-05,0.000000000000000000e+00,0.000000000000000000e+00
1.511894346692733038e+00,3.162431028172675183e-05,0.000000000000000000e+00,0.000000000000000000e+00
1.511709631439625001e+00,5.266477576011601249e-05,0.000000000000000000e+00,0.000000000000000000e+00
1.511524961316068172e+00,6.413058425458774132e-05,0.000000000000000000e+00,0.000000000000000000e+00
1.511340336305525334e+00,7.801688634517835717e-05,0.000000000000000000e+00,0.000000000000000000e+00
1.511155756391467930e+00,1.034045791810619442e-04,0.000000000000000000e+00,0.000000000000000000e+00
1.510971221557372957e+00,9.269365083663789443e-05,0.000000000000000000e+00,0.000000000000000000e+00
1.510786731786731396e+00,1.047278443142967157e-04,0.000000000000000000e+00,0.000000000000000000e+00
1.510602287063036453e+00,1.135314873928127219e-04,0.000000000000000000e+00,0.000000000000000000e+00
1.510417887369791767e+00,1.348800268270904990e-04,0.000000000000000000e+00,0.000000000000000000e+00
1.510233532690508529e+00,1.370868228597543152e-04,0.000000000000000000e+00,0.000000000000000000e+00
1.510049223008706365e+00,1.296810196994620126e-04,0.000000000000000000e+00,0.000000000000000000e+00
1.509864958307910676e+00,1.342786260784925882e-04,0.000000000000000000e+00,0.000000000000000000e+00
1.509680738571660630e+00,1.182325036275904664e-04,0.000000000000000000e+00,0.000000000000000000e+00
1.509496563783498058e+00,1.120020636326402432e-04,0.000000000000000000e+00,0.000000000000000000e+00
1.509312433926974339e+00,1.107318079693618470e-04,0.000000000000000000e+00,0.000000000000000000e+00
1.509128348985649293e+00,1.194998457446912692e-04,0.000000000000000000e+00,0.000000000000000000e+00
1.508944308943088730e+00,1.145633225495600803e-04,0.000000000000000000e+00,0.000000000000000000e+00
1.508760313782871343e+00,6.799574166399584502e-05,0.000000000000000000e+00,0.000000000000000000e+00
1.508576363488579819e+00,7.877260304621689605e-05,0.000000000000000000e+00,0.000000000000000000e+00
1.508392458043805284e+00,6.217765414829744437e-05,0.000000000000000000e+00,0.000000000000000000e+00
1.508208597432147302e+00,6.652066624474687879e-05,0.000000000000000000e+00,0.000000000000000000e+00
1.508024781637213874e+00,4.146152048184782181e-05,0.000000000000000000e+00,0.000000000000000000e+00
1.507841010642618551e+00,2.439115974102776902e-05,0.000000000000000000e+00,0.000000000000000000e+00
1.507657284431988653e+00,2.846838628889583503e-05,0.000000000000000000e+00,0.000000000000000000e+00
1.507473602988953942e+00,5.245781166200350716e-06,0.000000000000000000e+00,0.000000000000000000e+00
1.507289966297153727e+00,-9.023041663895842255e-07,0.000000000000000000e+00,0.000000000000000000e+00
1.507106374340235977e+00,-1.969193497403275085e-05,0.000000000000000000e+00,0.000000000000000000e+00
1.506922827101854212e+00,-2.534030688907006252e-05,0.000000000000000000e+00,0.000000000000000000e+00
1.506739324565675719e+00,-4.311761278712457845e-05,0.000000000000000000e+00,0.000000000000000000e+00
1.506555866715369785e+00,-4.757090468731186086e-05,0.000000000000000000e+00,0.000000000000000000e+00
1.506372453534615907e+00,-3.260178932385049779e-05,0.000000000000000000e+00,0.000000000000000000e+00
1.506189085007101358e+00,-4.198176241827767090e-05,0.000000000000000000e+00,0.000000000000000000e+00
1.506005761116519626e+00,-5.423140594533891099e-05,0.000000000000000000e+00,0.000000000000000000e+00
1.505822481846577521e+00,-7.183932387451989624e-05,0.000000000000000000e+00,0.000000000000000000e+00
1.505639247180984297e+00,-7.039810713664159856e-05,0.000000000000000000e+00,0.000000000000000000e+00
1.505456057103459422e+00,-7.242366509001551276e-05,0.000000000000000000e+00,0.000000000000000000e+00
1.505272911597729246e+00,-9.011547475309863693e-05,0.000000000000000000e+00,0.000000000000000000e+00
1.505089810647529225e+00,-8.745850679907430703e-05,0.000000000000000000e+00,0.000000000000000000e+00
1.504906754236600142e+00,-6.814719185949325497e-05,0.000000000000000000e+00,0.000000000000000000e+00
1.504723742348696103e+00,-6.989087193430706078e-05,0.000000000000000000e+00,0.000000000000000000e+00
1.504540774967574324e+00,-9.178654299858306003e-05,0.000000000000000000e+00,0.000000000000000000e+00
1.504357852077001123e+00,-7.386593726011687401e-05,0.000000000000000000e+00,0.000000000000000000e+00
1.504174973660750814e+00,-7.300899014167031714e-05,0.000000000000000000e+00,0.000000000000000000e+00
1.503992139702605924e+00,-4.862015565471254045e-05,0.000000000000000000e+00,0.000000000000000000e+00
1.503809350186354754e+00,-5.771836036874537518e-05,0.000000000000000000e+00,0.000000000000000000e+00
1.503626605095798929e+00,-4.000912836455222600e-05,0.000000000000000000e+00,0.000000000000000000e+00
1.503443904414742738e+00,-5.051884835790673082e-05,0.000000000000000000e+00,0.000000000000000000e+00
1.503261248126999794e+00,-6.396701035320779909e-05,0.000000000000000000e+00,0.000000000000000000e+00
1.503078636216391928e+00,-4.945562480923042952e-05,0.000000000000000000e+00,0.000000000000000000e+00
1.502896068666746743e+00,-5.813430835054176488e-05,0.000000000000000000e+00,0.000000000000000000e+00
1.502713545461905387e+00,-3.324440844967995758e-05,0.000000000000000000e+00,0.000000000000000000e+00
1.502531066585711006e+00,-5.263009046511829569e-05,0.000000000000000000e+00,0.000000000000000000e+00
1.502348632022017183e+00,-5.546562351248571351e-05,0.000000000000000000e+00,0.000000000000000000e+00
1.502166241754684384e+00,-2.640094035139198682e-05,0.000000000000000000e+00,0.000000000000000000e+00
1.501983895767581734e+00,-4.876132262053613762e-05,0.000000000000000000e+00,0.000000000000000000e+00
1.501801594044583910e+00,-2.687640452059939541e-05,0.000000000000000000e+00,0.000000000000000000e+00
1.501619336569578911e+00,-3.293598005621686830e-05,0.000000000000000000e+00,0.000000000000000000e+00
1.501437123326456957e+00,-2.381019553790100643e-05,0.000000000000000000e+00,0.000000000000000000e+00
1.501254954299118705e+00,-2.815356191121794042e-05,0.000000000000000000e+00,0.000000000000000000e+00
1.501072829471471248e+00,-5.057067873821314728e-05,0.000000000000000000e+00,0.000000000000000000e+00
1.500890748827429011e+00,-3.596968497872942501e-05,0.000000000000000000e+00,0.000000000000000000e+00
1.500708712350919072e+00,-2.848848254255803764e-05,0.000000000000000000e+00,0.000000000000000000e+00
1.500526720025870731e+00,-3.351642889571432250e-05,0.000000000000000000e+00,0.000000000000000000e+00
1.500344771836223279e+00,-1.605975132455383079e-05,0.000000000000000000e+00,0.000000000000000000e+00
1.500162867765923336e+00,-3.127397623352568261e-05,0.000000000000000000e+00,0.000000000000000000e+00
1.499981007798925736e+00,-2.979250946929247977e-05,0.000000000000000000e+00,0.000000000000000000e+00
1.499799191919191088e+00,-1.883008353258672565e-05,0.000000000000000000e+00,0.000000000000000000e+00
1.499617420110693322e+00,-2.383675845246854797e-05,0.000000000000000000e+00,0.000000000000000000e+00
1.499435692357407923e+00,-2.534709609471727976e-05,0.000000000000000000e+00,0.000000000000000000e+00
1.499254008643321701e+00,-3.688289340702677473e-05,0.000000000000000000e+00,0.000000000000000000e+00
1.499072368952427459e+00,-2.105038625359182455e-05,0.000000000000000000e+00,0.000000000000000000e+00
1.498890773268724885e+00,8.681614183185355706e-06,0.000000000000000000e+00,0.000000000000000000e+00
1.498709221576226769e+00,-5.885651305284473581e-06,0.000000000000000000e+00,0.000000000000000000e+00
1.498527713858947674e+00,-1.157825890433747293e-05,0.000000000000000000e+00,0.000000000000000000e+00
1.498346250100912158e+00,-2.633439201013980559e-05,0.000000000000000000e+00,0.000000000000000000e+00
1.498164830286152771e+00,-3.302618011103973538e-05,0.000000000000000000e+00,0.000000000000000000e+00
1.497983454398707615e+00,-2.930721399757006018e-05,0.000000000000000000e+00,0.000000000000000000e+00
1.497802122422627669e+00,-2.672993270727103428e-05,0.000000000000000000e+00,0.000000000000000000e+00
1.497620834341966578e+00,-1.928297791549000973e-05,0.000000000000000000e+00,0.000000000000000000e+00
1.497439590140787979e+00,6.812730541922272921e-06,0.000000000000000000e+00,0.000000000000000000e+00
1.497258389803162393e+00,-1.926935290017968145e-05,0.000000000000000000e+00,0.000000000000000000e+00
1.497077233313168332e+00,5.161593137564593877e-06,0.000000000000000000e+00,0.000000000000000000e+00
1.496896120654890527e+00,-7.530363837123888669e-06,0.000000000000000000e+00,0.000000000000000000e+00
1.496715051812426145e+00,5.280337535461762947e-06,0.000000000000000000e+00,0.000000000000000000e+00
1.496534026769875458e+00,2.458058909752783739e-06,0.000000000000000000e+00,0.000000000000000000e+00
1.496353045511347402e+00,-8.010922630643156313e-06,0.000000000000000000e+00,0.000000000000000000e+00
1.496172108020959568e+00,-2.259667678086247017e-06,0.000000000000000000e+00,0.000000000000000000e+00
1.495991214282836212e+00,-1.778369113971963562e-05,0.000000000000000000e+00,0.000000000000000000e+00
1.495810364281108029e+00,-2.952309809883403688e-06,0.000000000000000000e+00,0.000000000000000000e+00
1.495629557999918813e+00,-1.220349815551082472e-05,0.000000000000000000e+00,0.000000000000000000e+00
1.495448795423414579e+00,-1.927382686054082846e-05,0.000000000000000000e+00,0.000000000000000000e+00
1.495268076535750446e+00,1.129277564593325091e-05,0.000000000000000000e+00,0.000000000000000000e+00
1.495087401321089526e+00,6.502651101067050262e-06,0.000000000000000000e+00,0.000000000000000000e+00
1.494906769763600929e+00,8.265256127342401286e-06,0.000000000000000000e+00,0.000000000000000000e+00
1.494726181847466639e+00,6.379413976956651872e-06,0.000000000000000000e+00,0.000000000000000000e+00
1.494545637556870199e+00,2.680868083520363573e-05,0.000000000000000000e+00,0.000000000000000000e+00
1.494365136876006250e+00,8.025269286402575940e-07,0.000000000000000000e+00,0.000000000000000000e+00
1.494184679789075654e+00,-7.192872706707567360e-07,0.000000000000000000e+00,0.000000000000000000e+00
1.494004266280287041e+00,-1.620701461713344748e-05,0.000000000000000000e+00,0.000000000000000000e+00
1.493823896333855483e+00,-7.021248309206380017e-06,0.000000000000000000e+00,0.000000000000000000e+00
1.493643569934008708e+00,-1.153803699793814379e-05,0.000000000000000000e+00,0.000000000000000000e+00
1.493463287064976663e+00,-1.407540569200286282e-05,0.000000000000000000e+00,0.000000000000000000e+00
1.493283047710998623e+00,3.124456618368740501e-05,0.000000000000000000e+00,0.000000000000000000e+00
1.493102851856321411e+00,1.259190911684007893e-05,0.000000000000000000e+00,0.000000000000000000e+00
1.492922699485198290e+00,2.164884376835155477e-05,0.000000000000000000e+00,0.000000000000000000e+00
1.492742590581894957e+00,2.775514177631374646e-05,0.000000000000000000e+00,0.000000000000000000e+00
1.492562525130679107e+00,3.298833313068716931e-06,0.000000000000000000e+00,0.000000000000000000e+00
1.492382503115828207e+00,1.230535148737463150e-05,0.000000000000000000e+00,0.000000000000000000e+00
1.492202524521627494e+00,-1.438304989384971361e-05,0.000000000000000000e+00,0.000000000000000000e+00
1.492022589332369309e+00,-1.795244053429616944e-05,0.000000000000000000e+00,0.000000000000000000e+00
1.491842697532351769e+00,2.525016784657614644e-05,0.000000000000000000e+00,0.000000000000000000e+00
1.491662849105886535e+00,-4.993225372331593949e-06,0.000000000000000000e+00,0.000000000000000000e+00
1.491483044037286598e+00,1.504557124132370948e-05,0.000000000000000000e+00,0.000000000000000000e+00
1.491303282310875389e+00,-5.962285307772885196e-06,0.000000000000000000e+00,0.000000000000000000e+00
1.491123563910982996e+00,2.177517721210135791e-05,0.000000000000000000e+00,0.000000000000000000e+00
1.490943888821945285e+00,2.282704615559551665e-05,0.000000000000000000e+00,0.000000000000000000e+00
1.490764257028111661e+00,4.681801626747869507e-06,0.000000000000000000e+00,0.000000000000000000e+00
1.490584668513833311e+00,-1.511461141431348371e-06,0.000000000000000000e+00,0.000000000000000000e+00
1.490405123263470522e+00,1.782890898025505820e-05,0.000000000000000000e+00,0.000000000000000000e+00
1.490225621261391797e+00,1.281721831256001521e-05,0.000000000000000000e+00,0.000000000000000000e+00
1.490046162491970527e+00,-3.721827914129438412e-06,0.000000000000000000e+00,0.000000000000000000e+00
1.489866746939593645e+00,1.497728228787103232e-06,0.000000000000000000e+00,0.000000000000000000e+00
1.489687374588650082e+00,4.190453472545266171e-06,0.000000000000000000e+00,0.000000000000000000e+00
1.489508045423538096e+00,6.506982495660439472e-06,0.000000000000000000e+00,0.000000000000000000e+00
1.489328759428663052e+00,-5.579014070324300831e-06,0.000000000000000000e+00,0.000000000000000000e+00
1.489149516588438527e+00,-1.816200114125251803e-05,0.000000000000000000e+00,0.000000000000000000e+00
1.488970316887283207e+00,4.009263294788934038e-05,0.000000000000000000e+00,0.000000000000000000e+00
1.488791160309629102e+00,-1.301619305563617331e-05,0.000000000000000000e+00,0.000000000000000000e+00
1.488612046839909775e+00,6.033668781778344162e-06,0.000000000000000000e+00,0.000000000000000000e+00
1.488432976462568336e+00,1.169034907568368767e-05,0.000000000000000000e+00,0.000000000000000000e+00
1.488253949162056111e+00,1.981412641950057018e-05,0.000000000000000000e+00,0.000000000000000000e+00
1.488074964922830645e+00,3.434266827777678922e-05,0.000000000000000000e+00,0.000000000000000000e+00
1.487896023729355921e+00,-1.270926593288873672e-05,0.000000000000000000e+00,0.000000000000000000e+00
1.487717125566108800e+00,2.605989774114296931e-05,0.000000000000000000e+00,0.000000000000000000e+00
1.487538270417567920e+00,1.877845469677372463e-05,0.000000000000000000e+00,0.000000000000000000e+00
1.487359458268221468e+00,1.772371434115944597e-05,0.000000000000000000e+00,0.000000000000000000e+00
1.487180689102564513e+00,1.666511979915151920e-05,0.000000000000000000e+00,0.000000000000000000e+00
1.487001962905098340e+00,1.150337381732252987e-06,0.000000000000000000e+00,0.000000000000000000e+00
1.486823279660337116e+00,-2.740712825869285468e-06,0.000000000000000000e+00,0.000000000000000000e+00
1.486644639352796782e+00,1.640658096486199806e-05,0.000000000000000000e+00,0.000000000000000000e+00
1.486466041967002827e+00,2.996181148664242913e-05,0.000000000000000000e+00,0.000000000000000000e+00
1.486287487487487624e+00,4.511356353220565430e-05,0.000000000000000000e+00,0.000000000000000000e+00
1.486108975898791318e+00,2.039423392505355752e-05,0.000000000000000000e+00,0.000000000000000000e+00
1.485930507185460048e+00,4.071952340366528575e-05,0.000000000000000000e+00,0.000000000000000000e+00
1.485752081332051944e+00,1.213331030144979179e-05,0.000000000000000000e+00,0.000000000000000000e+00
1.485573698323127800e+00,-4.343246334481752451e-06,0.000000000000000000e+00,0.000000000000000000e+00
1.485395358143257072e+00,4.245981696132195091e-05,0.000000000000000000e+00,0.000000000000000000e+00
1.485217060777017650e+00,-1.661052918257917722e-05,0.000000000000000000e+00,0.000000000000000000e+00
1.485038806208992090e+00,2.639758057137162918e-05,0.000000000000000000e+00,0.000000000000000000e+00
1.484860594423776048e+00,-1.296092379378973973e-05,0.000000000000000000e+00,0.000000000000000000e+00
1.484682425405966955e+00,7.758447996681488990e-06,0.000000000000000000e+00,0.000000000000000000e+00
1.484504299140171790e+00,8.176813592400736762e-06,0.000000000000000000e+00,0.000000000000000000e+00
1.484326215611004640e+00,-1.434341275108992012e-05,0.000000000000000000e+00,0.000000000000000000e+00
1.484148174803087139e+00,4.761395482556394446e-05,0.000000000000000000e+00,0.000000000000000000e+00
1.483970176701046473e+00,-9.648888055558573797e-06,0.000000000000000000e+00,0.000000000000000000e+00
1.483792221289522484e+00,4.267305320078060293e-05,0.000000000000000000e+00,0.000000000000000000e+00
1.483614308553157013e+00,-2.432161088705242329e-05,0.000000000000000000e+00,0.000000000000000000e+00
1.483436438476601449e+00,2.850675944046806003e-05,0.000000000000000000e+00,0.000000000000000000e+00
1.483258611044513842e+00,1.190227508479049963e-05,0.000000000000000000e+00,0.000000000000000000e+00
1.483080826241558459e+00,-4.207346200015753355e-05,0.000000000000000000e+00,0.000000000000000000e+00
1.482903084052412002e+00,5.204137819565975154e-05,0.000000000000000000e+00,0.000000000000000000e+00
1.482725384461752949e+00,-1.707428548782365454e-05,0.000000000000000000e+00,0.000000000000000000e+00
1.482547727454269326e+00,4.789096337336153000e-05,0.000000000000000000e+00,0.000000000000000000e+00
1.482370113014655821e+00,3.076141390541821223e-05,0.000000000000000000e+00,0.000000000000000000e+00
1.482192541127615781e+00,7.203362913961366271e-06,0.000000000000000000e+00,0.000000000000000000e+00
1.482015011777856550e+00,8.197034097473813920e-05,0.000000000000000000e+00,0.000000000000000000e+00
1.481837524950099017e+00,2.654706352521918507e-05,0.000000000000000000e+00,0.000000000000000000e+00
1.481660080629065845e+00,3.699550447789289823e-05,0.000000000000000000e+00,0.000000000000000000e+00
1.481482678799489028e+00,-5.853597861679542269e-06,0.000000000000000000e+00,0.000000000000000000e+00
1.481305319446107438e+00,2.264967891036338572e-05,0.000000000000000000e+00,0.000000000000000000e+00
1.481128002553665723e+00,-1.220071190416970042e-05,0.000000000000000000e+00,0.000000000000000000e+00
1.480950728106921188e+00,-1.975051219251953635e-05,0.000000000000000000e+00,0.000000000000000000e+00
1.480773496090632912e+00,3.893100454822689092e-05,0.000000000000000000e+00,0.000000000000000000e+00
1.480596306489569303e+00,-5.009340195116481279e-06,0.000000000000000000e+00,0.000000000000000000e+00
1.480419159288506092e+00,3.783797714860593665e-05,0.000000000000000000e+00,0.000000000000000000e+00
1.480242054472225899e+00,1.949575115910845424e-06,0.000000000000000000e+00,0.000000000000000000e+00
1.480064992025517112e+00,1.693175256501982737e-05,0.000000000000000000e+00,0.000000000000000000e+00
1.479887971933181001e+00,-2.614431058791917908e-06,0.000000000000000000e+00,0.000000000000000000e+00
1.479710994180020389e+00,1.009595118369246980e-06,0.000000000000000000e+00,0.000000000000000000e+00
1.479534058750846981e+00,3.795426581861146252e-05,0.000000000000000000e+00,0.000000000000000000e+00
1.479357165630480031e+00,-3.260823226332526872e-06,0.000000000000000000e+00,0.000000000000000000e+00
1.479180314803744567e+00,9.091668339620108744e-06,0.000000000000000000e+00,0.000000000000000000e+00
1.479003506255477385e+00,-3.265261703527984338e-05,0.000000000000000000e+00,0.000000000000000000e+00
1.478826739970518389e+00,-7.399624982165359938e-06,0.000000000000000000e+00,0.000000000000000000e+00
1.478650015933715478e+00,-1.063671296521297507e-05,0.000000000000000000e+00,0.000000000000000000e+00
1.478473334129923877e+00,-1.360250656168532184e-05,0.000000000000000000e+00,0.000000000000000000e+00
1.478296694544006806e+00,-3.875321160067999801e-05,0.000000000000000000e+00,0.000000000000000000e+00
1.478120097160831925e+00,-5.100565019381829088e-06,0.000000000000000000e+00,0.000000000000000000e+00
1.477943541965280438e+00,-2.225822267267678171e-05,0.000000000000000000e+00,0.000000000000000000e+00
1.477767028942234662e+00,-6.272431826766580731e-05,0.000000000000000000e+00,0.000000000000000000e+00
1.477590558076586014e+00,-1.023620118226035991e-06,0.000000000000000000e+00,0.000000000000000000e+00
1.477414129353233907e+00,2.433811439977095689e-06,0.000000000000000000e+00,0.000000000000000000e+00
1.477237742757082417e+00,2.228937394577797798e-05,0.000000000000000000e+00,0.000000000000000000e+00
1.477061398273048276e+00,1.314730287778494676e-05,0.000000000000000000e+00,0.000000000000000000e+00
1.476885095886049992e+00,-1.817632437936468788e-05,0.000000000000000000e+00,0.000000000000000000e+00
1.476708835581015622e+00,-2.163865553770683882e-05,0.000000000000000000e+00,0.000000000000000000e+00
1.476532617342879883e+00,-4.809858445259601947e-05,0.000000000000000000e+00,0.000000000000000000e+00
1.476356441156584598e+00,-2.135038596717906551e-05,0.000000000000000000e+00,0.000000000000000000e+00
1.476180307007077586e+00,-2.532241041613069940e-05,0.000000000000000000e+00,0.000000000000000000e+00
1.476004214879318432e+00,-1.412519315472575247e-05,0.000000000000000000e+00,0.000000000000000000e+00
1.475828164758269168e+00,-5.714116400686833526e-05,0.000000000000000000e+00,0.000000000000000000e+00
1.475652156628900480e+00,-3.343029717365339840e-06,0.000000000000000000e+00,0.000000000000000000e+00
1.475476190476190608e+00,4.217869034165615608e-05,0.000000000000000000e+00,0.000000000000000000e+00
