1.588770670426868481e+00,3.816421341710650623e-05,0.000000000000000000e+00,0.000000000000000000e+00
1.588567034093822050e+00,4.102183863800693865e-05,0.000000000000000000e+00,0.000000000000000000e+00
1.588363449955145557e+00,3.653763404731801868e-05,0.000000000000000000e+00,0.000000000000000000e+00
1.588159917990774161e+00,4.392996444746422556e-05,0.000000000000000000e+00,0.000000000000000000e+00
1.587956438180653462e+00,2.532288279389358163e-05,0.000000000000000000e+00,0.000000000000000000e+00
1.587753010504739937e+00,4.613761827048496172e-05,0.000000000000000000e+00,0.000000000000000000e+00
1.587549634942999832e+00,2.109359665548123011e-05,0.000000000000000000e+00,0.000000000000000000e+00
1.587346311475410054e+00,-1.652478924835988367e-05,0.000000000000000000e+00,0.000000000000000000e+00
1.587143040081956835e+00,-2.804215391377607933e-06,0.000000000000000000e+00,0.000000000000000000e+00
1.586939820742637730e+00,-1.460429936135307361e-06,0.000000000000000000e+00,0.000000000000000000e+00
1.586736653437460065e+00,2.092741609589039362e-06,0.000000000000000000e+00,0.000000000000000000e+00
1.586533538146441380e+00,-1.338526086269709297e-05,0.000000000000000000e+00,0.000000000000000000e+00
1.586330474849609873e+00,-5.010167635753322649e-06,0.000000000000000000e+00,0.000000000000000000e+00
1.586127463527003068e+00,-3.225177330743985230e-06,0.000000000000000000e+00,0.000000000000000000e+00
1.585924504158669368e+00,-6.145333547746649472e-06,0.000000000000000000e+00,0.000000000000000000e+00
1.585721596724667393e+00,-1.184724682514565978e-05,0.000000000000000000e+00,0.000000000000000000e+00
1.585518741205065973e+00,-6.377965610610577922e-06,0.000000000000000000e+00,0.000000000000000000e+00
1.585315937579943935e+00,-1.964133245488993568e-06,0.000000000000000000e+00,0.000000000000000000e+00
1.585113185829390092e+00,-3.582094320917850530e-07,0.000000000000000000e+00,0.000000000000000000e+00
1.584910485933503921e+00,5.140192225541197722e-06,0.000000000000000000e+00,0.000000000000000000e+00
1.584707837872394887e+00,-1.793168808505410557e-06,0.000000000000000000e+00,0.000000000000000000e+00
1.584505241626182670e+00,-1.027983170788916538e-05,0.000000000000000000e+00,0.000000000000000000e+00
1.584302697174996943e+00,-1.667199174274955863e-06,0.000000000000000000e+00,0.000000000000000000e+00
1.584100204498977593e+00,-4.058928038445713468e-06,0.000000000000000000e+00,0.000000000000000000e+00
1.583897763578274942e+00,5.213890028837962071e-07,0.000000000000000000e+00,0.000000000000000000e+00
1.583695374393048860e+00,6.664729202182986811e-06,0.000000000000000000e+00,0.000000000000000000e+00
1.583493036923470099e+00,1.835566535339559855e-05,0.000000000000000000e+00,0.000000000000000000e+00
1.583290751149719178e+00,1.181782197650596989e-05,0.000000000000000000e+00,0.000000000000000000e+00
1.583088517051986388e+00,4.848696851599216054e-06,0.000000000000000000e+00,0.000000000000000000e+00
1.582886334610472678e+00,3.304063008509956940e-06,0.000000000000000000e+00,0.000000000000000000e+00
1.582684203805388989e+00,8.609605562291851311e-06,0.000000000000000000e+00,0.000000000000000000e+00
1.582482124616956032e+00,1.754311101733255218e-05,0.000000000000000000e+00,0.000000000000000000e+00
1.582280097025405619e+00,2.178650782979664469e-05,0.000000000000000000e+00,0.000000000000000000e+00
1.582078121010978000e+00,8.488918631520316754e-06,0.000000000000000000e+00,0.000000000000000000e+00
1.581876196553924752e+00,1.960419661938515856e-05,0.000000000000000000e+00,0.000000000000000000e+00
1.581674323634507440e+00,2.637648118365188993e-05,0.000000000000000000e+00,0.000000000000000000e+00
1.581472502232997401e+00,2.242863389147144084e-05,0.000000000000000000e+00,0.000000000000000000e+00
1.581270732329676187e+00,2.865699480792001895e-05,0.000000000000000000e+00,0.000000000000000000e+00
1.581069013904834897e+00,4.194657513042544285e-05,0.000000000000000000e+00,0.000000000000000000e+00
1.580867346938775730e+00,1.683858873577912581e-05,0.000000000000000000e+00,0.000000000000000000e+00
1.580665731411809771e+00,1.784699423515911845e-05,0.000000000000000000e+00,0.000000000000000000e+00
1.580464167304259204e+00,2.149489859271927136e-05,0.000000000000000000e+00,0.000000000000000000e+00
1.580262654596455540e+00,3.486543744808602747e-05,0.000000000000000000e+00,0.000000000000000000e+00
1.580061193268740505e+00,9.815038247976983453e-06,0.000000000000000000e+00,0.000000000000000000e+00
1.579859783301466036e+00,2.586442151114858468e-05,0.000000000000000000e+00,0.000000000000000000e+00
1.579658424674993622e+00,2.458840254220700811e-05,0.000000000000000000e+00,0.000000000000000000e+00
1.579457117369695407e+00,2.435332043166022527e-05,0.000000000000000000e+00,0.000000000000000000e+00
1.579255861365953306e+00,1.500404416818039172e-05,0.000000000000000000e+00,0.000000000000000000e+00
1.579054656644158561e+00,1.149390150192856116e-05,0.000000000000000000e+00,0.000000000000000000e+00
1.578853503184713514e+00,2.205256344860770205e-05,0.000000000000000000e+00,0.000000000000000000e+00
1.578652400968029612e+00,2.457639663862060554e-05,0.000000000000000000e+00,0.000000000000000000e+00
1.578451349974528739e+00,3.166692458608615091e-05,0.000000000000000000e+00,0.000000000000000000e+00
1.578250350184642992e+00,2.513689561252612902e-05,0.000000000000000000e+00,0.000000000000000000e+00
1.578049401578813571e+00,3.075842111617836574e-05,0.000000000000000000e+00,0.000000000000000000e+00
1.577848504137492114e+00,2.675950742986625205e-05,0.000000000000000000e+00,0.000000000000000000e+00
1.577647657841140694e+00,1.978189869824783804e-05,0.000000000000000000e+00,0.000000000000000000e+00
1.577446862670230487e+00,-2.365146954874859132e-06,0.000000000000000000e+00,0.000000000000000000e+00
1.577246118605243330e+00,9.838191646948605401e-06,0.000000000000000000e+00,0.000000000000000000e+00
1.577045425626670161e+00,1.547347604218289249e-05,0.000000000000000000e+00,0.000000000000000000e+00
1.576844783715012799e+00,2.560781447465880576e-05,0.000000000000000000e+00,0.000000000000000000e+00
1.576644192850782389e+00,1.843111590564463359e-05,0.000000000000000000e+00,0.000000000000000000e+00
1.576443653014500068e+00,7.793424886070958978e-06,0.000000000000000000e+00,0.000000000000000000e+00
1.576243164186697410e+00,3.511042191439576240e-05,0.000000000000000000e+00,0.000000000000000000e+00
1.576042726347914646e+00,1.394632107923853264e-05,0.000000000000000000e+00,0.000000000000000000e+00
1.575842339478703336e+00,1.469571408300356444e-05,0.000000000000000000e+00,0.000000000000000000e+00
1.575642003559623694e+00,1.465761731582915662e-05,0.000000000000000000e+00,0.000000000000000000e+00
1.575441718571247041e+00,1.890816617282906672e-05,0.000000000000000000e+00,0.000000000000000000e+00
1.575241484494153799e+00,8.296143760918076558e-06,0.000000000000000000e+00,0.000000000000000000e+00
1.575041301308933939e+00,1.284224574011694556e-05,0.000000000000000000e+00,0.000000000000000000e+00
1.574841168996188090e+00,7.631915825011877791e-06,0.000000000000000000e+00,0.000000000000000000e+00
1.574641087536526651e+00,-3.060259589494473270e-07,0.000000000000000000e+00,0.000000000000000000e+00
1.574441056910569126e+00,-4.044081186112334463e-06,0.000000000000000000e+00,0.000000000000000000e+00
1.574241077098945896e+00,1.590252281901923578e-05,0.000000000000000000e+00,0.000000000000000000e+00
1.574041148082296226e+00,2.236912018081934576e-05,0.000000000000000000e+00,0.000000000000000000e+00
1.573841269841270041e+00,-9.603295654597113901e-07,0.000000000000000000e+00,0.000000000000000000e+00
1.573641442356526143e+00,2.065727724066758648e-06,0.000000000000000000e+00,0.000000000000000000e+00
1.573441665608734219e+00,1.012608136900837799e-05,0.000000000000000000e+00,0.000000000000000000e+00
1.573241939578573501e+00,2.705678228454521349e-05,0.000000000000000000e+00,0.000000000000000000e+00
1.573042264246731881e+00,7.973792877272287312e-06,0.000000000000000000e+00,0.000000000000000000e+00
1.572842639593908798e+00,1.381890228904699433e-05,0.000000000000000000e+00,0.000000000000000000e+00
1.572643065600812129e+00,8.256152091919675973e-06,0.000000000000000000e+00,0.000000000000000000e+00
1.572443542248160409e+00,4.198177049999569140e-06,0.000000000000000000e+00,0.000000000000000000e+00
1.572244069516681719e+00,2.301424115851906458e-05,0.000000000000000000e+00,0.000000000000000000e+00
1.572044647387113248e+00,1.909435278194345940e-05,0.000000000000000000e+00,0.000000000000000000e+00
1.571845275840203060e+00,5.684224699234474449e-06,0.000000000000000000e+00,0.000000000000000000e+00
1.571645954856708105e+00,2.519143779451432814e-05,0.000000000000000000e+00,0.000000000000000000e+00
1.571446684417395767e+00,1.857583216031228820e-05,0.000000000000000000e+00,0.000000000000000000e+00
1.571247464503042757e+00,1.828983909235202491e-05,0.000000000000000000e+00,0.000000000000000000e+00
1.571048295094435554e+00,1.636478719246588307e-05,0.000000000000000000e+00,0.000000000000000000e+00
1.570849176172370187e+00,1.335861193782120595e-05,0.000000000000000000e+00,0.000000000000000000e+00
1.570650107717653121e+00,3.442054634773328899e-05,0.000000000000000000e+00,0.000000000000000000e+00
1.570451089711099923e+00,1.893578173942078984e-05,0.000000000000000000e+00,0.000000000000000000e+00
1.570252122133536155e+00,2.000059033896174057e-05,0.000000000000000000e+00,0.000000000000000000e+00
1.570053204965796922e+00,3.121620650350242923e-05,0.000000000000000000e+00,0.000000000000000000e+00
1.569854338188727105e+00,2.169732558465747993e-05,0.000000000000000000e+00,0.000000000000000000e+00
1.569655521783181351e+00,1.148976485730704477e-05,0.000000000000000000e+00,0.000000000000000000e+00
1.569456755730024078e+00,2.843878301878369728e-05,0.000000000000000000e+00,0.000000000000000000e+00
1.569258040010129251e+00,2.187917359894911125e-05,0.000000000000000000e+00,0.000000000000000000e+00
1.569059374604380386e+00,1.519101248835671384e-05,0.000000000000000000e+00,0.000000000000000000e+00
1.568860759493670987e+00,1.197053760276908709e-05,0.000000000000000000e+00,0.000000000000000000e+00
1.568662194658904108e+00,8.419863758559050729e-06,0.000000000000000000e+00,0.000000000000000000e+00
1.568463680080992129e+00,4.883923388512585034e-06,0.000000000000000000e+00,0.000000000000000000e+00
1.568265215740858087e+00,1.019858329820075554e-05,0.000000000000000000e+00,0.000000000000000000e+00
1.568066801619433459e+00,1.313623207193975392e-05,0.000000000000000000e+00,0.000000000000000000e+00
1.567868437697659934e+00,1.503113636135399713e-05,0.000000000000000000e+00,0.000000000000000000e+00
1.567670123956488748e+00,-1.706449103865885584e-06,0.000000000000000000e+00,0.000000000000000000e+00
1.567471860376881354e+00,-8.554290083281370066e-06,0.000000000000000000e+00,0.000000000000000000e+00
1.567273646939808085e+00,-6.736082391541639396e-07,0.000000000000000000e+00,0.000000000000000000e+00
1.567075483626248822e+00,-1.174452061694555155e-06,0.000000000000000000e+00,0.000000000000000000e+00
1.566877370417193438e+00,-1.734057115651641695e-05,0.000000000000000000e+00,0.000000000000000000e+00
1.566679307293641799e+00,-1.843930672403655460e-05,0.000000000000000000e+00,0.000000000000000000e+00
1.566481294236602650e+00,-1.640141561952098478e-05,0.000000000000000000e+00,0.000000000000000000e+00
1.566283331227094955e+00,-6.416530849798717222e-06,0.000000000000000000e+00,0.000000000000000000e+00
1.566085418246146332e+00,-1.439450388993762653e-05,0.000000000000000000e+00,0.000000000000000000e+00
1.565887555274794840e+00,-2.054326714079530731e-05,0.000000000000000000e+00,0.000000000000000000e+00
1.565689742294088083e+00,-2.576993425925603459e-05,0.000000000000000000e+00,0.000000000000000000e+00
1.565491979285082769e+00,-2.853919654054442451e-06,0.000000000000000000e+00,0.000000000000000000e+00
1.565294266228845821e+00,-1.057411289035370579e-05,0.000000000000000000e+00,0.000000000000000000e+00
1.565096603106453044e+00,1.048607637857190472e-05,0.000000000000000000e+00,0.000000000000000000e+00
1.564898989898990012e+00,9.893373713188346932e-06,0.000000000000000000e+00,0.000000000000000000e+00
1.564701426587552069e+00,-1.920213259447002769e-05,0.000000000000000000e+00,0.000000000000000000e+00
1.564503913153244108e+00,-2.010280376219788969e-06,0.000000000000000000e+00,0.000000000000000000e+00
1.564306449577180569e+00,-5.906652627858948075e-06,0.000000000000000000e+00,0.000000000000000000e+00
1.564109035840484774e+00,-3.565493388394780187e-06,0.000000000000000000e+00,0.000000000000000000e+00
1.563911671924290259e+00,7.217189949578373554e-06,0.000000000000000000e+00,0.000000000000000000e+00
1.563714357809740108e+00,8.328702632560795738e-07,0.000000000000000000e+00,0.000000000000000000e+00
1.563517093477986730e+00,4.650708306704553173e-06,0.000000000000000000e+00,0.000000000000000000e+00
1.563319878910191862e+00,1.054998403360270015e-05,0.000000000000000000e+00,0.000000000000000000e+00
1.563122714087527010e+00,7.759820301457868389e-06,0.000000000000000000e+00,0.000000000000000000e+00
1.562925598991172782e+00,4.928344933734533570e-06,0.000000000000000000e+00,0.000000000000000000e+00
1.562728533602320002e+00,1.860255285670442274e-05,0.000000000000000000e+00,0.000000000000000000e+00
1.562531517902168376e+00,5.505846386700467658e-06,0.000000000000000000e+00,0.000000000000000000e+00
1.562334551871927601e+00,-4.454236787003722914e-07,0.000000000000000000e+00,0.000000000000000000e+00
1.562137635492815813e+00,2.821919974070575491e-06,0.000000000000000000e+00,0.000000000000000000e+00
1.561940768746061803e+00,1.961963922569994953e-08,0.000000000000000000e+00,0.000000000000000000e+00
1.561743951612903247e+00,1.128139232438156187e-05,0.000000000000000000e+00,0.000000000000000000e+00
1.561547184074587369e+00,-4.169325392719760992e-07,0.000000000000000000e+00,0.000000000000000000e+00
1.561350466112371160e+00,-4.415300026887033005e-06,0.000000000000000000e+00,0.000000000000000000e+00
1.561153797707520052e+00,1.127115828017334533e-05,0.000000000000000000e+00,0.000000000000000000e+00
1.560957178841309911e+00,-4.223422654081035107e-07,0.000000000000000000e+00,0.000000000000000000e+00
1.560760609495025930e+00,9.071370275828588743e-06,0.000000000000000000e+00,0.000000000000000000e+00
1.560564089649962183e+00,1.225390945936561098e-05,0.000000000000000000e+00,0.000000000000000000e+00
1.560367619287423180e+00,1.151592791620928424e-07,0.000000000000000000e+00,0.000000000000000000e+00
1.560171198388721203e+00,8.936889223654857599e-06,0.000000000000000000e+00,0.000000000000000000e+00
1.559974826935179415e+00,1.692415910668033452e-05,0.000000000000000000e+00,0.000000000000000000e+00
1.559778504908129859e+00,5.373043055793499684e-06,0.000000000000000000e+00,0.000000000000000000e+00
1.559582232288914128e+00,4.842691119431017689e-06,0.000000000000000000e+00,0.000000000000000000e+00
1.559386009058882916e+00,8.353957270802617272e-06,0.000000000000000000e+00,0.000000000000000000e+00
1.559189835199396246e+00,1.309160085389752095e-05,0.000000000000000000e+00,0.000000000000000000e+00
1.558993710691823908e+00,1.854437755236833371e-05,0.000000000000000000e+00,0.000000000000000000e+00
1.558797635517545022e+00,1.759489726467240028e-05,0.000000000000000000e+00,0.000000000000000000e+00
1.558601609657947806e+00,1.520484333855296171e-05,0.000000000000000000e+00,0.000000000000000000e+00
1.558405633094430032e+00,1.818572641840870453e-05,0.000000000000000000e+00,0.000000000000000000e+00
1.558209705808398349e+00,9.833736685073131509e-06,0.000000000000000000e+00,0.000000000000000000e+00
1.558013827781269844e+00,2.588690704882746184e-05,0.000000000000000000e+00,0.000000000000000000e+00
1.557817998994469599e+00,4.976788996825624867e-06,0.000000000000000000e+00,0.000000000000000000e+00
1.557622219429433130e+00,8.523742625515307904e-06,0.000000000000000000e+00,0.000000000000000000e+00
1.557426489067605058e+00,1.660597172585147113e-05,0.000000000000000000e+00,0.000000000000000000e+00
1.557230807890438662e+00,4.308837516984976787e-06,0.000000000000000000e+00,0.000000000000000000e+00
1.557035175879396993e+00,6.978937398114737952e-06,0.000000000000000000e+00,0.000000000000000000e+00
1.556839593015952872e+00,1.833697637958984486e-05,0.000000000000000000e+00,0.000000000000000000e+00
1.556644059281587555e+00,8.161040202753796872e-06,0.000000000000000000e+00,0.000000000000000000e+00
1.556448574657792516e+00,1.029209759201917158e-06,0.000000000000000000e+00,0.000000000000000000e+00
1.556253139126067442e+00,-8.317089098930309423e-06,0.000000000000000000e+00,0.000000000000000000e+00
1.556057752667922234e+00,5.907493204169327917e-07,0.000000000000000000e+00,0.000000000000000000e+00
1.555862415264875898e+00,-1.676803885789412887e-06,0.000000000000000000e+00,0.000000000000000000e+00
1.555667126898456099e+00,5.731277104086397820e-06,0.000000000000000000e+00,0.000000000000000000e+00
1.555471887550200938e+00,-3.711321359952692283e-06,0.000000000000000000e+00,0.000000000000000000e+00
1.555276697201656511e+00,9.778982788793218108e-06,0.000000000000000000e+00,0.000000000000000000e+00
1.555081555834379126e+00,1.275046214405881886e-05,0.000000000000000000e+00,0.000000000000000000e+00
1.554886463429933530e+00,-1.100664432378837057e-05,0.000000000000000000e+00,0.000000000000000000e+00
1.554691419969894683e+00,-9.257533995585579770e-06,0.000000000000000000e+00,0.000000000000000000e+00
1.554496425435846207e+00,1.684403166910802678e-05,0.000000000000000000e+00,0.000000000000000000e+00
1.554301479809380604e+00,1.473596462892942812e-05,0.000000000000000000e+00,0.000000000000000000e+00
1.554106583072100367e+00,2.530558303159044335e-05,0.000000000000000000e+00,0.000000000000000000e+00
1.553911735205616873e+00,4.478177656074209243e-05,0.000000000000000000e+00,0.000000000000000000e+00
1.553716936191550824e+00,3.603782550304078275e-05,0.000000000000000000e+00,0.000000000000000000e+00
1.553522186011532025e+00,3.608682448121472539e-05,0.000000000000000000e+00,0.000000000000000000e+00
1.553327484647199164e+00,4.454978278073065288e-05,0.000000000000000000e+00,0.000000000000000000e+00
1.553132832080200698e+00,5.862756908642005713e-05,0.000000000000000000e+00,0.000000000000000000e+00
1.552938228292193967e+00,5.980848600454941066e-05,0.000000000000000000e+00,0.000000000000000000e+00
1.552743673264845858e+00,5.728838385603930499e-05,0.000000000000000000e+00,0.000000000000000000e+00
1.552549166979832362e+00,6.859847832459589731e-05,0.000000000000000000e+00,0.000000000000000000e+00
1.552354709418837908e+00,6.823160746312383410e-05,0.000000000000000000e+00,0.000000000000000000e+00
1.552160300563556694e+00,4.832357085474234693e-05,0.000000000000000000e+00,0.000000000000000000e+00
1.551965940395692467e+00,7.244783622813136975e-05,0.000000000000000000e+00,0.000000000000000000e+00
1.551771628896957633e+00,4.865533064236801869e-05,0.000000000000000000e+00,0.000000000000000000e+00
1.551577366049073703e+00,5.876120091158083120e-05,0.000000000000000000e+00,0.000000000000000000e+00
1.551383151833771512e+00,3.814597664398894274e-05,0.000000000000000000e+00,0.000000000000000000e+00
1.551188986232791001e+00,4.756250507423719748e-05,0.000000000000000000e+00,0.000000000000000000e+00
1.550994869227881434e+00,3.506921421951434597e-05,0.000000000000000000e+00,0.000000000000000000e+00
1.550800800800800738e+00,3.565193179233276037e-05,0.000000000000000000e+00,0.000000000000000000e+00
1.550606780933316831e+00,5.727038873184467273e-05,0.000000000000000000e+00,0.000000000000000000e+00
1.550412809607205622e+00,2.812253952310549881e-05,0.000000000000000000e+00,0.000000000000000000e+00
1.550218886804252794e+00,1.033498212033449382e-05,0.000000000000000000e+00,0.000000000000000000e+00
1.550025012506253130e+00,2.663972328332563414e-05,0.000000000000000000e+00,0.000000000000000000e+00
1.549831186695010743e+00,2.945790646342617012e-05,0.000000000000000000e+00,0.000000000000000000e+00
1.549637409352338180e+00,-3.600120297947743356e-06,0.000000000000000000e+00,0.000000000000000000e+00
1.549443680460057760e+00,5.675892269923219283e-07,0.000000000000000000e+00,0.000000000000000000e+00
1.549250000000000016e+00,8.276399060130250427e-06,0.000000000000000000e+00,0.000000000000000000e+00
1.549056367954005919e+00,-1.563959710854047249e-05,0.000000000000000000e+00,0.000000000000000000e+00
1.548862784303923990e+00,7.072922476719688614e-06,0.000000000000000000e+00,0.000000000000000000e+00
1.548669249031613404e+00,5.038160772608403330e-06,0.000000000000000000e+00,0.000000000000000000e+00
1.548475762118940668e+00,2.618855851919412413e-06,0.000000000000000000e+00,0.000000000000000000e+00
1.548282323547782724e+00,2.116794012307749947e-05,0.000000000000000000e+00,0.000000000000000000e+00
1.548088933300024950e+00,1.595197349224064618e-05,0.000000000000000000e+00,0.000000000000000000e+00
1.547895591357562051e+00,9.567855835772732381e-06,0.000000000000000000e+00,0.000000000000000000e+00
1.547702297702297836e+00,1.920288417083510879e-05,0.000000000000000000e+00,0.000000000000000000e+00
1.547509052316144551e+00,-1.104995729994478169e-06,0.000000000000000000e+00,0.000000000000000000e+00
1.547315855181023769e+00,1.838988029060240493e-05,0.000000000000000000e+00,0.000000000000000000e+00
1.547122706278866611e+00,5.072703737144359029e-06,0.000000000000000000e+00,0.000000000000000000e+00
1.546929605591612633e+00,1.019485951528245182e-05,0.000000000000000000e+00,0.000000000000000000e+00
1.546736553101210720e+00,-1.219005344588430491e-05,0.000000000000000000e+00,0.000000000000000000e+00
1.546543548789618416e+00,-8.112787437169051387e-06,0.000000000000000000e+00,0.000000000000000000e+00
1.546350592638802368e+00,-9.925624093318213695e-06,0.000000000000000000e+00,0.000000000000000000e+00
1.546157684630738549e+00,1.721617308943513831e-05,0.000000000000000000e+00,0.000000000000000000e+00
1.545964824747411814e+00,4.826628014667488920e-06,0.000000000000000000e+00,0.000000000000000000e+00
1.545772012970815901e+00,-1.321539985556468948e-06,0.000000000000000000e+00,0.000000000000000000e+00
1.545579249282953205e+00,6.601267846528525952e-06,0.000000000000000000e+00,0.000000000000000000e+00
1.545386533665835449e+00,-3.366333677345744813e-06,0.000000000000000000e+00,0.000000000000000000e+00
1.545193866101483682e+00,1.364864699312102721e-05,0.000000000000000000e+00,0.000000000000000000e+00
1.545001246571927167e+00,-2.830558670290040865e-07,0.000000000000000000e+00,0.000000000000000000e+00
1.544808675059204939e+00,5.369984834096620287e-06,0.000000000000000000e+00,0.000000000000000000e+00
1.544616151545364024e+00,1.681050214078562725e-05,0.000000000000000000e+00,0.000000000000000000e+00
1.544423676012461222e+00,2.453252198943948071e-05,0.000000000000000000e+00,0.000000000000000000e+00
1.544231248442561766e+00,3.196113798065904478e-05,0.000000000000000000e+00,0.000000000000000000e+00
1.544038868817740218e+00,3.912355403899554708e-05,0.000000000000000000e+00,0.000000000000000000e+00
1.543846537120080020e+00,8.493917428567704408e-05,0.000000000000000000e+00,0.000000000000000000e+00
1.543654253331672832e+00,7.060972253774069896e-05,0.000000000000000000e+00,0.000000000000000000e+00
1.543462017434620304e+00,8.181647823538527040e-05,0.000000000000000000e+00,0.000000000000000000e+00
1.543269829411032301e+00,9.422145466434101184e-05,0.000000000000000000e+00,0.000000000000000000e+00
1.543077689243028017e+00,7.416411794248472091e-05,0.000000000000000000e+00,0.000000000000000000e+00
1.542885596912735080e+00,1.042238690618310117e-04,0.000000000000000000e+00,0.000000000000000000e+00
1.542693552402290447e+00,1.076422221912931121e-04,0.000000000000000000e+00,0.000000000000000000e+00
1.542501555693839510e+00,9.946130143860841067e-05,0.000000000000000000e+00,0.000000000000000000e+00
1.542309606769537211e+00,8.262761870129816809e-05,0.000000000000000000e+00,0.000000000000000000e+00
1.542117705611546707e+00,9.394637056257217533e-05,0.000000000000000000e+00,0.000000000000000000e+00
1.541925852202040481e+00,9.899876000138161454e-05,0.000000000000000000e+00,0.000000000000000000e+00
1.541734046523199453e+00,1.124418291427680918e-04,0.000000000000000000e+00,0.000000000000000000e+00
1.541542288557214091e+00,9.672220190993354252e-05,0.000000000000000000e+00,0.000000000000000000e+00
1.541350578286282857e+00,8.756170729485228215e-05,0.000000000000000000e+00,0.000000000000000000e+00
1.541158915692613762e+00,8.729463181772821698e-05,0.000000000000000000e+00,0.000000000000000000e+00
1.540967300758423697e+00,8.755484126481987328e-05,0.000000000000000000e+00,0.000000000000000000e+00
1.540775733465937547e+00,8.022823443065321247e-05,0.000000000000000000e+00,0.000000000000000000e+00
1.540584213797389745e+00,8.669434087216252129e-05,0.000000000000000000e+00,0.000000000000000000e+00
1.540392741735023607e+00,7.615651068596268234e-05,0.000000000000000000e+00,0.000000000000000000e+00
1.540201317261091107e+00,7.839074594093097220e-05,0.000000000000000000e+00,0.000000000000000000e+00
1.540009940357853102e+00,6.699434516480915858e-05,0.000000000000000000e+00,0.000000000000000000e+00
1.539818611007578664e+00,8.185076705252023941e-05,0.000000000000000000e+00,0.000000000000000000e+00
1.539627329192546634e+00,6.775114153383778655e-05,0.000000000000000000e+00,0.000000000000000000e+00
1.539436094895044072e+00,7.660558421709566935e-05,0.000000000000000000e+00,0.000000000000000000e+00
1.539244908097367137e+00,7.077080416801755135e-05,0.000000000000000000e+00,0.000000000000000000e+00
1.539053768781820652e+00,8.997752554971494895e-05,0.000000000000000000e+00,0.000000000000000000e+00
1.538862676930717877e+00,1.029046477888080304e-04,0.000000000000000000e+00,0.000000000000000000e+00
1.538671632526381172e+00,1.147956204560497256e-04,0.000000000000000000e+00,0.000000000000000000e+00
1.538480635551142006e+00,1.195611143941284769e-04,0.000000000000000000e+00,0.000000000000000000e+00
1.538289685987340283e+00,1.234008981109821403e-04,0.000000000000000000e+00,0.000000000000000000e+00
1.538098783817324566e+00,1.375746181215269526e-04,0.000000000000000000e+00,0.000000000000000000e+00
1.537907929023452303e+00,1.478375116744187919e-04,0.000000000000000000e+00,0.000000000000000000e+00
1.537717121588089375e+00,1.489651143092050401e-04,0.000000000000000000e+00,0.000000000000000000e+00
1.537526361493611216e+00,1.991842785177695392e-04,0.000000000000000000e+00,0.000000000000000000e+00
1.537335648722401471e+00,2.084213016932570217e-04,0.000000000000000000e+00,0.000000000000000000e+00
1.537144983256852449e+00,2.366078903899388689e-04,0.000000000000000000e+00,0.000000000000000000e+00
1.536954365079365337e+00,2.333683350719665574e-04,0.000000000000000000e+00,0.000000000000000000e+00
1.536763794172349762e+00,2.479699498328930126e-04,0.000000000000000000e+00,0.000000000000000000e+00
1.536573270518224676e+00,2.525043318606915626e-04,0.000000000000000000e+00,0.000000000000000000e+00
1.536382794099417470e+00,2.616454443324131682e-04,0.000000000000000000e+00,0.000000000000000000e+00
1.536192364898364193e+00,2.601025951014385162e-04,0.000000000000000000e+00,0.000000000000000000e+00
1.536001982897509111e+00,2.763317336076148625e-04,0.000000000000000000e+00,0.000000000000000000e+00
1.535811648079306257e+00,2.464440933174788669e-04,0.000000000000000000e+00,0.000000000000000000e+00
1.535621360426217441e+00,2.300764671213287706e-04,0.000000000000000000e+00,0.000000000000000000e+00
1.535431119920713572e+00,1.723501780593423508e-04,0.000000000000000000e+00,0.000000000000000000e+00
1.535240926545274665e+00,1.750693488305299188e-04,0.000000000000000000e+00,0.000000000000000000e+00
1.535050780282388061e+00,1.338438972746943496e-04,0.000000000000000000e+00,0.000000000000000000e+00
1.534860681114551095e+00,1.106982213400138794e-04,0.000000000000000000e+00,0.000000000000000000e+00
1.534670629024269539e+00,6.653547356918512702e-05,0.000000000000000000e+00,0.000000000000000000e+00
1.534480623994057158e+00,4.094415460772398221e-05,0.000000000000000000e+00,0.000000000000000000e+00
1.534290666006437487e+00,1.070373564869285033e-05,0.000000000000000000e+00,0.000000000000000000e+00
1.534100755043941167e+00,-6.449175765284060214e-06,0.000000000000000000e+00,0.000000000000000000e+00
1.533910891089109052e+00,-2.368962908419800601e-05,0.000000000000000000e+00,0.000000000000000000e+00
1.533721074124489547e+00,-8.367331001775255494e-05,0.000000000000000000e+00,0.000000000000000000e+00
1.533531304132640383e+00,-5.300614377275585380e-05,0.000000000000000000e+00,0.000000000000000000e+00
1.533341581096127948e+00,-9.215551997737830825e-05,0.000000000000000000e+00,0.000000000000000000e+00
1.533151904997526183e+00,-8.834757174664385759e-05,0.000000000000000000e+00,0.000000000000000000e+00
1.532962275819418796e+00,-1.335860105791816192e-04,0.000000000000000000e+00,0.000000000000000000e+00
1.532772693544397713e+00,-8.619034493704950430e-05,0.000000000000000000e+00,0.000000000000000000e+00
1.532583158155063741e+00,-1.032203359131239270e-04,0.000000000000000000e+00,0.000000000000000000e+00
1.532393669634025901e+00,-1.008243778621024293e-04,0.000000000000000000e+00,0.000000000000000000e+00
1.532204227963901655e+00,-9.339353062327670043e-05,0.000000000000000000e+00,0.000000000000000000e+00
1.532014833127317788e+00,-1.071258129250919492e-04,0.000000000000000000e+00,0.000000000000000000e+00
1.531825485106909079e+00,-1.059617291279765392e-04,0.000000000000000000e+00,0.000000000000000000e+00
1.531636183885318969e+00,-8.161984351676292745e-05,0.000000000000000000e+00,0.000000000000000000e+00
1.531446929445199778e+00,-7.501761685035663197e-05,0.000000000000000000e+00,0.000000000000000000e+00
1.531257721769211821e+00,-3.780671154559423841e-05,0.000000000000000000e+00,0.000000000000000000e+00
1.531068560840024739e+00,-2.891585335679081980e-05,0.000000000000000000e+00,0.000000000000000000e+00
1.530879446640316166e+00,-2.198708475124731181e-05,0.000000000000000000e+00,0.000000000000000000e+00
1.530690379152772618e+00,2.304705856660456702e-05,0.000000000000000000e+00,0.000000000000000000e+00
1.530501358360089048e+00,5.830729624295209431e-05,0.000000000000000000e+00,0.000000000000000000e+00
1.530312384244968626e+00,6.877566998248412855e-05,0.000000000000000000e+00,0.000000000000000000e+00
1.530123456790123626e+00,8.410846191482700064e-05,0.000000000000000000e+00,0.000000000000000000e+00
1.529934575978274314e+00,8.605160697473155068e-05,0.000000000000000000e+00,0.000000000000000000e+00
1.529745741792150060e+00,9.943816148730339366e-05,0.000000000000000000e+00,0.000000000000000000e+00
1.529556954214488673e+00,1.212766508393696440e-04,0.000000000000000000e+00,0.000000000000000000e+00
1.529368213228035733e+00,1.237766961724219583e-04,0.000000000000000000e+00,0.000000000000000000e+00
1.529179518815546146e+00,1.302091870050073449e-04,0.000000000000000000e+00,0.000000000000000000e+00
1.528990870959783033e+00,1.154452342423391113e-04,0.000000000000000000e+00,0.000000000000000000e+00
1.528802269643517953e+00,8.949669495385154387e-05,0.000000000000000000e+00,0.000000000000000000e+00
1.528613714849531569e+00,1.120624600837087599e-04,0.000000000000000000e+00,0.000000000000000000e+00
1.528425206560611871e+00,1.218778015534022912e-04,0.000000000000000000e+00,0.000000000000000000e+00
1.528236744759556176e+00,1.285173908710437324e-04,0.000000000000000000e+00,0.000000000000000000e+00
1.528048329429170238e+00,1.094622384288619979e-04,0.000000000000000000e+00,0.000000000000000000e+00
1.527859960552268248e+00,1.498461303283942913e-04,0.000000000000000000e+00,0.000000000000000000e+00
1.527671638111672836e+00,1.121907918443416512e-04,0.000000000000000000e+00,0.000000000000000000e+00
1.527483362090214625e+00,1.267534188092322056e-04,0.000000000000000000e+00,0.000000000000000000e+00
1.527295132470733341e+00,1.193531510352087611e-04,0.000000000000000000e+00,0.000000000000000000e+00
1.527106949236076927e+00,1.317481458421436457e-04,0.000000000000000000e+00,0.000000000000000000e+00
1.526918812369101985e+00,1.108462366892871905e-04,0.000000000000000000e+00,0.000000000000000000e+00
1.526730721852673334e+00,1.288240829619777402e-04,0.000000000000000000e+00,0.000000000000000000e+00
1.526542677669664005e+00,1.126884331979589659e-04,0.000000000000000000e+00,0.000000000000000000e+00
1.526354679802955694e+00,1.116760130786993439e-04,0.000000000000000000e+00,0.000000000000000000e+00
1.526166728235438974e+00,1.095784894120568204e-04,0.000000000000000000e+00,0.000000000000000000e+00
1.525978822950012415e+00,1.226513079288642260e-04,0.000000000000000000e+00,0.000000000000000000e+00
1.525790963929582800e+00,1.346339991201722804e-04,0.000000000000000000e+00,0.000000000000000000e+00
1.525603151157065573e+00,1.132364356292008011e-04,0.000000000000000000e+00,0.000000000000000000e+00
1.525415384615384617e+00,1.090348951709027765e-04,0.000000000000000000e+00,0.000000000000000000e+00
1.525227664287472473e+00,1.270534816456266665e-04,0.000000000000000000e+00,0.000000000000000000e+00
1.525039990156269232e+00,9.930232959837211981e-05,0.000000000000000000e+00,0.000000000000000000e+00
1.524852362204724532e+00,1.021900062953988225e-04,0.000000000000000000e+00,0.000000000000000000e+00
1.524664780415795562e+00,1.149134225341466440e-04,0.000000000000000000e+00,0.000000000000000000e+00
1.524477244772447726e+00,1.005745047736653877e-04,0.000000000000000000e+00,0.000000000000000000e+00
1.524289755257655976e+00,1.165292702580019671e-04,0.000000000000000000e+00,0.000000000000000000e+00
1.524102311854402370e+00,1.091707045844001421e-04,0.000000000000000000e+00,0.000000000000000000e+00
1.523914914545678290e+00,9.656253803523847453e-05,0.000000000000000000e+00,0.000000000000000000e+00
1.523727563314482669e+00,9.537955709066419058e-05,0.000000000000000000e+00,0.000000000000000000e+00
1.523540258143823101e+00,8.181321584539254157e-05,0.000000000000000000e+00,0.000000000000000000e+00
1.523352999016715836e+00,8.284008683057384511e-05,0.000000000000000000e+00,0.000000000000000000e+00
1.523165785916185344e+00,1.030957366023372462e-04,0.000000000000000000e+00,0.000000000000000000e+00
1.522978618825264308e+00,1.081937748142632039e-04,0.000000000000000000e+00,0.000000000000000000e+00
1.522791497726993626e+00,9.563264179926367239e-05,0.000000000000000000e+00,0.000000000000000000e+00
1.522604422604422636e+00,8.484122733038782752e-05,0.000000000000000000e+00,0.000000000000000000e+00
1.522417393440609334e+00,1.156187950026772184e-04,0.000000000000000000e+00,0.000000000000000000e+00
1.522230410218619490e+00,1.213792432481207336e-04,0.000000000000000000e+00,0.000000000000000000e+00
1.522043472921527973e+00,8.389614960021007939e-05,0.000000000000000000e+00,0.000000000000000000e+00
1.521856581532416763e+00,7.549332819884995035e-05,0.000000000000000000e+00,0.000000000000000000e+00
1.521669736034376941e+00,5.852173634211593409e-05,0.000000000000000000e+00,0.000000000000000000e+00
1.521482936410508247e+00,5.356614313720614367e-05,0.000000000000000000e+00,0.000000000000000000e+00
1.521296182643917971e+00,7.196930944727432497e-05,0.000000000000000000e+00,0.000000000000000000e+00
1.521109474717722287e+00,3.848252906404686039e-05,0.000000000000000000e+00,0.000000000000000000e+00
1.520922812615044917e+00,7.475385617619509327e-05,0.000000000000000000e+00,0.000000000000000000e+00
1.520736196319018463e+00,8.814843623857951784e-05,0.000000000000000000e+00,0.000000000000000000e+00
1.520549625812783745e+00,2.330198471109878010e-05,0.000000000000000000e+00,0.000000000000000000e+00
1.520363101079489798e+00,5.024929452728264844e-05,0.000000000000000000e+00,0.000000000000000000e+00
1.520176622102293873e+00,6.281992610913478357e-05,0.000000000000000000e+00,0.000000000000000000e+00
1.519990188864361214e+00,7.590189490136182624e-05,0.000000000000000000e+00,0.000000000000000000e+00
1.519803801348865946e+00,5.435894627299012465e-05,0.000000000000000000e+00,0.000000000000000000e+00
1.519617459538989745e+00,6.653331259921590286e-05,0.000000000000000000e+00,0.000000000000000000e+00
1.519431163417923392e+00,7.441314238609592242e-05,0.000000000000000000e+00,0.000000000000000000e+00
1.519244912968865213e+00,5.094407083013730670e-05,0.000000000000000000e+00,0.000000000000000000e+00
1.519058708175021533e+00,6.492137512926907583e-05,0.000000000000000000e+00,0.000000000000000000e+00
1.518872549019607998e+00,3.315118166303645587e-05,0.000000000000000000e+00,0.000000000000000000e+00
1.518686435485847364e+00,5.534353254008523302e-05,0.000000000000000000e+00,0.000000000000000000e+00
1.518500367556971264e+00,3.981671238256260744e-05,0.000000000000000000e+00,0.000000000000000000e+00
1.518314345216219774e+00,3.991578030403900718e-05,0.000000000000000000e+00,0.000000000000000000e+00
1.518128368446839849e+00,3.025436776354250472e-05,0.000000000000000000e+00,0.000000000000000000e+00
1.517942437232088215e+00,4.760533908037764290e-05,0.000000000000000000e+00,0.000000000000000000e+00
1.517756551555229150e+00,4.179112553852484075e-06,0.000000000000000000e+00,0.000000000000000000e+00
1.517570711399534700e+00,7.194420066501140947e-06,0.000000000000000000e+00,0.000000000000000000e+00
1.517384916748286239e+00,1.069610445629306920e-05,0.000000000000000000e+00,0.000000000000000000e+00
1.517199167584771802e+00,1.994914104299966209e-05,0.000000000000000000e+00,0.000000000000000000e+00
1.517013463892288971e+00,1.938855316606586179e-05,0.000000000000000000e+00,0.000000000000000000e+00
1.516827805654142658e+00,4.033850701230871612e-05,0.000000000000000000e+00,0.000000000000000000e+00
1.516642192853646653e+00,7.043511783645553092e-06,0.000000000000000000e+00,0.000000000000000000e+00
1.516456625474122299e+00,2.053128234262048546e-05,0.000000000000000000e+00,0.000000000000000000e+00
1.516271103498899153e+00,4.753894840031440937e-05,0.000000000000000000e+00,0.000000000000000000e+00
1.516085626911314987e+00,4.353683265048653500e-05,0.000000000000000000e+00,0.000000000000000000e+00
1.515900195694716235e+00,1.731361507866814847e-05,0.000000000000000000e+00,0.000000000000000000e+00
1.515714809832456877e+00,1.611308438048193086e-05,0.000000000000000000e+00,0.000000000000000000e+00
1.515529469307899335e+00,2.505608716924098093e-05,0.000000000000000000e+00,0.000000000000000000e+00
1.515344174104413799e+00,2.415197472351872897e-05,0.000000000000000000e+00,0.000000000000000000e+00
1.515158924205379121e+00,1.196064148935191375e-05,0.000000000000000000e+00,0.000000000000000000e+00
1.514973719594181700e+00,2.380736792803725063e-05,0.000000000000000000e+00,0.000000000000000000e+00
1.514788560254216598e+00,9.919039072470029264e-06,0.000000000000000000e+00,0.000000000000000000e+00
1.514603446168886869e+00,1.806787912253526862e-05,0.000000000000000000e+00,0.000000000000000000e+00
1.514418377321603337e+00,4.311769232623959176e-05,0.000000000000000000e+00,0.000000000000000000e+00
1.514233353695785045e+00,3.917167378607761289e-05,0.000000000000000000e+00,0.000000000000000000e+00
1.514048375274859692e+00,1.693306921308384075e-05,0.000000000000000000e+00,0.000000000000000000e+00
1.513863442042262086e+00,1.500776671598392890e-05,0.000000000000000000e+00,0.000000000000000000e+00
1.513678553981436359e+00,2.640266672804768549e-05,0.000000000000000000e+00,0.000000000000000000e+00
1.513493711075833525e+00,3.007259988980945072e-05,0.000000000000000000e+00,0.000000000000000000e+00
1.513308913308913484e+00,8.851037891525516139e-06,0.000000000000000000e+00,0.000000000000000000e+00
1.513124160664143680e+00,5.589589842860823513e-06,0.000000000000000000e+00,0.000000000000000000e+00
1.512939453125000000e+00,1.619793941537743184e-05,0.000000000000000000e+00,0.000000000000000000e+00
1.512754790674966543e+00,9.192482152037739686e-06,0.000000000000000000e+00,0.000000000000000000e+00
1.512570173297534959e+00,-1.239461165657742810e-05,0.000000000000000000e+00,0.000000000000000000e+00
1.512385600976205113e+00,4.504441160880297453e-06,0.000000000000000000e+00,0.000000000000000000e+00
1.512201073694485087e+00,-1.411393260489126732e-05,0.000000000000000000e+00,0.000000000000000000e+00
1.512016591435891177e+00,-2.340731446396466207e-05,0.000000000000000000e+00,0.000000000000000000e+00
1.511832154183947452e+00,-5.293555639710085820e-05,0.000000000000000000e+00,0.000000000000000000e+00
1.511647761922185751e+00,-3.114174641695080905e-05,0.000000000000000000e+00,0.000000000000000000e+00
1.511463414634146352e+00,-4.329463346058789455e-05,0.000000000000000000e+00,0.000000000000000000e+00
1.511279112303377747e+00,-7.640215397875719898e-05,0.000000000000000000e+00,0.000000000000000000e+00
1.511094854913435759e+00,-4.470739861143038004e-05,0.000000000000000000e+00,0.000000000000000000e+00
1.510910642447885088e+00,-4.403718688933470861e-05,0.000000000000000000e+00,0.000000000000000000e+00
1.510726474890297544e+00,-3.268208697062891009e-05,0.000000000000000000e+00,0.000000000000000000e+00
1.510542352224253593e+00,-6.088486011023057842e-05,0.000000000000000000e+00,0.000000000000000000e+00
1.510358274433341474e+00,-2.432182775632555976e-05,0.000000000000000000e+00,0.000000000000000000e+00
1.510174241501157644e+00,-1.624417576208360067e-05,0.000000000000000000e+00,0.000000000000000000e+00
1.509990253411306327e+00,-2.577252592033567932e-05,0.000000000000000000e+00,0.000000000000000000e+00
1.509806310147399300e+00,1.720921843780974167e-05,0.000000000000000000e+00,0.000000000000000000e+00
1.509622411693057442e+00,3.362043354246320752e-05,0.000000000000000000e+00,0.000000000000000000e+00
1.509438558031908517e+00,2.062030613726229845e-05,0.000000000000000000e+00,0.000000000000000000e+00
1.509254749147588948e+00,1.443154587990678594e-05,0.000000000000000000e+00,0.000000000000000000e+00
1.509070985023743150e+00,5.636155185849455514e-05,0.000000000000000000e+00,0.000000000000000000e+00
1.508887265644022646e+00,3.810557092886524867e-05,0.000000000000000000e+00,0.000000000000000000e+00
1.508703590992087840e+00,5.239056948808616925e-05,0.000000000000000000e+00,0.000000000000000000e+00
1.508519961051606684e+00,6.370167714908007289e-05,0.000000000000000000e+00,0.000000000000000000e+00
1.508336375806255347e+00,8.791687869053597167e-05,0.000000000000000000e+00,0.000000000000000000e+00
1.508152835239717993e+00,4.845346920744064700e-05,0.000000000000000000e+00,0.000000000000000000e+00
1.507969339335685666e+00,7.632142151603308645e-05,0.000000000000000000e+00,0.000000000000000000e+00
1.507785888077858960e+00,8.812047135169868289e-05,0.000000000000000000e+00,0.000000000000000000e+00
1.507602481449945353e+00,8.057799938901118782e-05,0.000000000000000000e+00,0.000000000000000000e+00
1.507419119435660537e+00,7.014538976269485675e-05,0.000000000000000000e+00,0.000000000000000000e+00
1.507235802018728199e+00,8.956096014162118722e-05,0.000000000000000000e+00,0.000000000000000000e+00
1.507052529182879574e+00,6.837155043063435338e-05,0.000000000000000000e+00,0.000000000000000000e+00
1.506869300911854115e+00,6.276448555961463508e-05,0.000000000000000000e+00,0.000000000000000000e+00
1.506686117189399488e+00,8.575736615975193197e-05,0.000000000000000000e+00,0.000000000000000000e+00
1.506502977999270687e+00,5.979045480558175391e-05,0.000000000000000000e+00,0.000000000000000000e+00
1.506319883325231146e+00,7.031151648013490331e-05,0.000000000000000000e+00,0.000000000000000000e+00
1.506136833151051402e+00,3.662612525840249801e-05,0.000000000000000000e+00,0.000000000000000000e+00
1.505953827460510430e+00,8.537055059468429737e-05,0.000000000000000000e+00,0.000000000000000000e+00
1.505770866237395200e+00,7.587999255353420486e-05,0.000000000000000000e+00,0.000000000000000000e+00
1.505587949465500452e+00,3.702848438499482722e-05,0.000000000000000000e+00,0.000000000000000000e+00
1.505405077128628921e+00,6.009360811909890930e-05,0.000000000000000000e+00,0.000000000000000000e+00
1.505222249210590446e+00,8.309342644300667883e-05,0.000000000000000000e+00,0.000000000000000000e+00
1.505039465695203527e+00,8.306885224969480508e-05,0.000000000000000000e+00,0.000000000000000000e+00
1.504856726566294434e+00,5.011727099093327403e-05,0.000000000000000000e+00,0.000000000000000000e+00
1.504674031807696988e+00,5.892562474756187982e-05,0.000000000000000000e+00,0.000000000000000000e+00
1.504491381403253447e+00,4.334045368247993208e-05,0.000000000000000000e+00,0.000000000000000000e+00
1.504308775336812953e+00,9.545221173885495847e-05,0.000000000000000000e+00,0.000000000000000000e+00
1.504126213592233086e+00,2.814887236793307476e-05,0.000000000000000000e+00,0.000000000000000000e+00
1.503943696153379417e+00,6.634286741688554846e-05,0.000000000000000000e+00,0.000000000000000000e+00
1.503761223004125291e+00,6.727965990510175864e-05,0.000000000000000000e+00,0.000000000000000000e+00
1.503578794128351603e+00,4.072305133529636155e-05,0.000000000000000000e+00,0.000000000000000000e+00
1.503396409509946796e+00,7.345321001243703633e-05,0.000000000000000000e+00,0.000000000000000000e+00
1.503214069132807973e+00,3.513339617766328415e-05,0.000000000000000000e+00,0.000000000000000000e+00
1.503031772980839342e+00,9.756304515831908802e-06,0.000000000000000000e+00,0.000000000000000000e+00
1.502849521037953329e+00,2.269471944374402365e-05,0.000000000000000000e+00,0.000000000000000000e+00
1.502667313288070128e+00,3.466829700350833581e-05,0.000000000000000000e+00,0.000000000000000000e+00
1.502485149715117041e+00,2.476053912531554421e-05,0.000000000000000000e+00,0.000000000000000000e+00
1.502303030303030473e+00,2.963716882784872900e-05,0.000000000000000000e+00,0.000000000000000000e+00
1.502120955035753269e+00,4.437345077229883170e-05,0.000000000000000000e+00,0.000000000000000000e+00
1.501938923897237155e+00,5.146886278739918556e-05,0.000000000000000000e+00,0.000000000000000000e+00
1.501756936871440962e+00,6.616104521596228704e-05,0.000000000000000000e+00,0.000000000000000000e+00
1.501574993942331071e+00,3.298350036133200405e-05,0.000000000000000000e+00,0.000000000000000000e+00
1.501393095093882524e+00,2.780428440465800705e-06,0.000000000000000000e+00,0.000000000000000000e+00
1.501211240310077688e+00,3.154938000806393507e-05,0.000000000000000000e+00,0.000000000000000000e+00
1.501029429574906260e+00,6.004990527285500399e-05,0.000000000000000000e+00,0.000000000000000000e+00
1.500847662872366373e+00,5.079870646259524846e-05,0.000000000000000000e+00,0.000000000000000000e+00
1.500665940186463487e+00,4.437766048071434960e-05,0.000000000000000000e+00,0.000000000000000000e+00
1.500484261501210836e+00,4.232552103178408194e-05,0.000000000000000000e+00,0.000000000000000000e+00
1.500302626800629424e+00,-5.340073666709071500e-06,0.000000000000000000e+00,0.000000000000000000e+00
1.500121036068748470e+00,2.069290579793383548e-05,0.000000000000000000e+00,0.000000000000000000e+00
1.499939489289604522e+00,5.673277302229611570e-05,0.000000000000000000e+00,0.000000000000000000e+00
1.499757986447241231e+00,4.080801984986581667e-05,0.000000000000000000e+00,0.000000000000000000e+00
1.499576527525710912e+00,2.820852405485587810e-05,0.000000000000000000e+00,0.000000000000000000e+00
1.499395112509073424e+00,1.165208404133445501e-05,0.000000000000000000e+00,0.000000000000000000e+00
1.499213741381395959e+00,-4.539956816377015841e-08,0.000000000000000000e+00,0.000000000000000000e+00
1.499032414126753920e+00,6.920516669623008772e-05,0.000000000000000000e+00,0.000000000000000000e+00
1.498851130729229819e+00,3.095266863923360531e-05,0.000000000000000000e+00,0.000000000000000000e+00
1.498669891172914159e+00,2.632103668879939937e-05,0.000000000000000000e+00,0.000000000000000000e+00
1.498488695441905438e+00,3.217739893888690340e-05,0.000000000000000000e+00,0.000000000000000000e+00
1.498307543520309482e+00,1.936247370429105240e-05,0.000000000000000000e+00,0.000000000000000000e+00
1.498126435392240108e+00,4.290433635392601561e-05,0.000000000000000000e+00,0.000000000000000000e+00
1.497945371041817797e+00,-3.673315552775034860e-06,0.000000000000000000e+00,0.000000000000000000e+00
1.497764350453172355e+00,1.993491271376707577e-05,0.000000000000000000e+00,0.000000000000000000e+00
1.497583373610439805e+00,1.546081754333534803e-05,0.000000000000000000e+00,0.000000000000000000e+00
1.497402440497764831e+00,3.075865593909793850e-05,0.000000000000000000e+00,0.000000000000000000e+00
1.497221551099299441e+00,-3.287741888175247599e-05,0.000000000000000000e+00,0.000000000000000000e+00
1.497040705399202976e+00,7.842581353331235308e-06,0.000000000000000000e+00,0.000000000000000000e+00
1.496859903381642543e+00,1.154154955928902992e-05,0.000000000000000000e+00,0.000000000000000000e+00
1.496679145030793467e+00,4.219245664094871916e-05,0.000000000000000000e+00,0.000000000000000000e+00
1.496498430330837959e+00,-9.380613063628964396e-07,0.000000000000000000e+00,0.000000000000000000e+00
1.496317759265966663e+00,2.920030279872983404e-05,0.000000000000000000e+00,0.000000000000000000e+00
1.496137131820376887e+00,2.660864408526571277e-05,0.000000000000000000e+00,0.000000000000000000e+00
1.495956547978274154e+00,1.191418223926764362e-05,0.000000000000000000e+00,0.000000000000000000e+00
1.495776007723871759e+00,3.144785117126702636e-05,0.000000000000000000e+00,0.000000000000000000e+00
1.495595511041390102e+00,1.911678170649815448e-05,0.000000000000000000e+00,0.000000000000000000e+00
1.495415057915058021e+00,-1.519816686320306365e-05,0.000000000000000000e+00,0.000000000000000000e+00
1.495234648329111016e+00,-9.549236622023813542e-06,0.000000000000000000e+00,0.000000000000000000e+00
1.495054282267792578e+00,2.155364852897293047e-05,0.000000000000000000e+00,0.000000000000000000e+00
1.494873959715353973e+00,1.365656119809766957e-05,0.000000000000000000e+00,0.000000000000000000e+00
1.494693680656054013e+00,3.045984149832765830e-05,0.000000000000000000e+00,0.000000000000000000e+00
1.494513445074159064e+00,2.186043567358299591e-05,0.000000000000000000e+00,0.000000000000000000e+00
1.494333252953942814e+00,3.813887906073106047e-05,0.000000000000000000e+00,0.000000000000000000e+00
1.494153104279686728e+00,3.317085294128184914e-05,0.000000000000000000e+00,0.000000000000000000e+00
1.493972999035679816e+00,1.275467694491388190e-05,0.000000000000000000e+00,0.000000000000000000e+00
1.493792937206219085e+00,2.219541421091147416e-06,0.000000000000000000e+00,0.000000000000000000e+00
1.493612918775608867e+00,4.741636280940252426e-05,0.000000000000000000e+00,0.000000000000000000e+00
1.493432943728160156e+00,3.304637428481181118e-05,0.000000000000000000e+00,0.000000000000000000e+00
1.493253012048192829e+00,4.354906258355610744e-05,0.000000000000000000e+00,0.000000000000000000e+00
1.493073123720033868e+00,2.165058995175586122e-05,0.000000000000000000e+00,0.000000000000000000e+00
1.492893278728017359e+00,5.652956369465327903e-05,0.000000000000000000e+00,0.000000000000000000e+00
1.492713477056485827e+00,-1.423548286451868910e-05,0.000000000000000000e+00,0.000000000000000000e+00
1.492533718689788236e+00,1.724334028116198281e-05,0.000000000000000000e+00,0.000000000000000000e+00
1.492354003612281765e+00,6.812146042759761270e-05,0.000000000000000000e+00,0.000000000000000000e+00
1.492174331808331367e+00,3.220729274981562560e-05,0.000000000000000000e+00,0.000000000000000000e+00
1.491994703262308875e+00,4.268346888292040304e-05,0.000000000000000000e+00,0.000000000000000000e+00
1.491815117958594339e+00,2.172990946008120008e-05,0.000000000000000000e+00,0.000000000000000000e+00
1.491635575881574249e+00,3.118152836607606879e-06,0.000000000000000000e+00,0.000000000000000000e+00
1.491456077015643977e+00,3.457003887376156655e-05,0.000000000000000000e+00,0.000000000000000000e+00
1.491276621345205111e+00,3.203928985356062353e-05,0.000000000000000000e+00,0.000000000000000000e+00
1.491097208854667899e+00,4.536346756064415196e-05,0.000000000000000000e+00,0.000000000000000000e+00
1.490917839528449695e+00,6.579534381918438878e-05,0.000000000000000000e+00,0.000000000000000000e+00
1.490738513350974515e+00,4.137458181802979029e-05,0.000000000000000000e+00,0.000000000000000000e+00
1.490559230306674809e+00,5.330762102459855011e-05,0.000000000000000000e+00,0.000000000000000000e+00
1.490379990379990360e+00,1.410980308455837742e-05,0.000000000000000000e+00,0.000000000000000000e+00
1.490200793555368497e+00,4.942913659712068995e-05,0.000000000000000000e+00,0.000000000000000000e+00
1.490021639817263877e+00,2.390183620372312700e-05,0.000000000000000000e+00,0.000000000000000000e+00
1.489842529150138484e+00,3.318944586275175863e-05,0.000000000000000000e+00,0.000000000000000000e+00
1.489663461538461631e+00,4.162479024651870134e-05,0.000000000000000000e+00,0.000000000000000000e+00
1.489484436966710845e+00,2.965154788275316776e-05,0.000000000000000000e+00,0.000000000000000000e+00
1.489305455419370317e+00,4.074967728012496727e-05,0.000000000000000000e+00,0.000000000000000000e+00
1.489126516880932449e+00,4.838263050077552981e-06,0.000000000000000000e+00,0.000000000000000000e+00
1.488947621335896310e+00,2.428864269576479391e-05,0.000000000000000000e+00,0.000000000000000000e+00
1.488768768768768958e+00,5.023316442090105301e-05,0.000000000000000000e+00,0.000000000000000000e+00
1.488589959164064336e+00,3.186302830733957550e-05,0.000000000000000000e+00,0.000000000000000000e+00
1.488411192506304825e+00,4.117803311881997400e-05,0.000000000000000000e+00,0.000000000000000000e+00
1.488232468780019468e+00,1.632506113497542242e-05,0.000000000000000000e+00,0.000000000000000000e+00
1.488053787969744413e+00,4.417716324216594027e-05,0.000000000000000000e+00,0.000000000000000000e+00
1.487875150060024021e+00,4.155687825188700713e-05,0.000000000000000000e+00,0.000000000000000000e+00
1.487696555035409984e+00,2.611620840114352912e-05,0.000000000000000000e+00,0.000000000000000000e+00
1.487518002880460877e+00,5.349356439260724572e-05,0.000000000000000000e+00,0.000000000000000000e+00
1.487339493579743488e+00,6.277078093982243600e-05,0.000000000000000000e+00,0.000000000000000000e+00
1.487161027117830825e+00,3.782672648221132965e-05,0.000000000000000000e+00,0.000000000000000000e+00
1.486982603479304332e+00,4.337839123459447544e-05,0.000000000000000000e+00,0.000000000000000000e+00
1.486804222648752560e+00,3.758877278958521959e-05,0.000000000000000000e+00,0.000000000000000000e+00
1.486625884610771386e+00,5.960553079701962857e-05,0.000000000000000000e+00,0.000000000000000000e+00
1.486447589349964238e+00,2.854978069463903582e-05,0.000000000000000000e+00,0.000000000000000000e+00
1.486269336850941425e+00,4.044455317998255518e-05,0.000000000000000000e+00,0.000000000000000000e+00
1.486091127098321474e+00,5.997226659126570630e-05,0.000000000000000000e+00,0.000000000000000000e+00
1.485912960076729572e+00,7.453581801024355708e-05,0.000000000000000000e+00,0.000000000000000000e+00
1.485734835770798457e+00,4.764613131492620186e-05,0.000000000000000000e+00,0.000000000000000000e+00
1.485556754165168636e+00,6.495375433675470815e-05,0.000000000000000000e+00,0.000000000000000000e+00
1.485378715244487280e+00,7.311861868832393412e-05,0.000000000000000000e+00,0.000000000000000000e+00
1.485200718993409330e+00,9.077479757453371569e-05,0.000000000000000000e+00,0.000000000000000000e+00
1.485022765396597277e+00,7.605381666565878915e-05,0.000000000000000000e+00,0.000000000000000000e+00
1.484844854438720496e+00,4.828088123500504439e-05,0.000000000000000000e+00,0.000000000000000000e+00
1.484666986104456354e+00,5.586882481298769982e-05,0.000000000000000000e+00,0.000000000000000000e+00
1.484489160378488659e+00,5.540029281822457432e-05,0.000000000000000000e+00,0.000000000000000000e+00
1.484311377245508989e+00,3.122954977020626997e-05,0.000000000000000000e+00,0.000000000000000000e+00
1.484133636690216917e+00,6.728038264291590770e-05,0.000000000000000000e+00,0.000000000000000000e+00
1.483955938697318011e+00,4.658563598651207279e-05,0.000000000000000000e+00,0.000000000000000000e+00
1.483778283251526497e+00,8.902107368885417253e-05,0.000000000000000000e+00,0.000000000000000000e+00
1.483600670337563043e+00,2.856720361211258913e-05,0.000000000000000000e+00,0.000000000000000000e+00
1.483423099940155643e+00,2.779544998061651666e-05,0.000000000000000000e+00,0.000000000000000000e+00
1.483245572044040284e+00,2.555066776935440397e-05,0.000000000000000000e+00,0.000000000000000000e+00
1.483068086633959615e+00,-2.514662868752519549e-06,0.000000000000000000e+00,0.000000000000000000e+00
1.482890643694664057e+00,8.310602831433991367e-05,0.000000000000000000e+00,0.000000000000000000e+00
1.482713243210910470e+00,3.783686512672120549e-05,0.000000000000000000e+00,0.000000000000000000e+00
1.482535885167464151e+00,1.781292387280657055e-05,0.000000000000000000e+00,0.000000000000000000e+00
1.482358569549097060e+00,6.055184368054724198e-05,0.000000000000000000e+00,0.000000000000000000e+00
1.482181296340588483e+00,4.050533930335074861e-05,0.000000000000000000e+00,0.000000000000000000e+00
1.482004065526725034e+00,6.668470633656997659e-05,0.000000000000000000e+00,0.000000000000000000e+00
1.481826877092300432e+00,1.118838286837821978e-04,0.000000000000000000e+00,0.000000000000000000e+00
1.481649731022116168e+00,2.190213532109706873e-05,0.000000000000000000e+00,0.000000000000000000e+00
1.481472627300980172e+00,-1.944777965133537290e-05,0.000000000000000000e+00,0.000000000000000000e+00
1.481295565913708590e+00,-2.663437803322526391e-05,0.000000000000000000e+00,0.000000000000000000e+00
1.481118546845124451e+00,-4.801264737907531485e-05,0.000000000000000000e+00,0.000000000000000000e+00
1.480941570080057446e+00,-6.202038268172927436e-05,0.000000000000000000e+00,0.000000000000000000e+00
1.480764635603345480e+00,2.806662181890429500e-05,0.000000000000000000e+00,0.000000000000000000e+00
1.480587743399832901e+00,-3.630556655517607704e-05,0.000000000000000000e+00,0.000000000000000000e+00
1.480410893454371823e+00,-6.006553178518401863e-05,0.000000000000000000e+00,0.000000000000000000e+00
1.480234085751821471e+00,3.797658496158470842e-05,0.000000000000000000e+00,0.000000000000000000e+00
1.480057320277048172e+00,-2.550363380602628776e-05,0.000000000000000000e+00,0.000000000000000000e+00
1.479880597014925581e+00,-6.491619773414301041e-06,0.000000000000000000e+00,0.000000000000000000e+00
1.479703915950334459e+00,-6.011581988498273035e-05,0.000000000000000000e+00,0.000000000000000000e+00
1.479527277068162894e+00,-1.134630437481243259e-05,0.000000000000000000e+00,0.000000000000000000e+00
1.479350680353306524e+00,-1.553288726563288591e-05,0.000000000000000000e+00,0.000000000000000000e+00
1.479174125790667205e+00,-9.874534944004126520e-05,0.000000000000000000e+00,0.000000000000000000e+00
1.478997613365155228e+00,-6.362354413360629332e-07,0.000000000000000000e+00,0.000000000000000000e+00
1.478821143061687327e+00,5.089357113000905156e-05,0.000000000000000000e+00,0.000000000000000000e+00
1.478644714865187337e+00,7.959243732424698542e-05,0.000000000000000000e+00,0.000000000000000000e+00
1.478468328760587092e+00,1.286361457960273841e-04,0.000000000000000000e+00,0.000000000000000000e+00
1.478291984732824638e+00,7.811315937700897497e-05,0.000000000000000000e+00,0.000000000000000000e+00
1.478115682766845573e+00,5.849762510187165188e-05,0.000000000000000000e+00,0.000000000000000000e+00
1.477939422847603268e+00,6.612071144329145604e-05,0.000000000000000000e+00,0.000000000000000000e+00
1.477763204960057308e+00,3.804682718110358273e-05,0.000000000000000000e+00,0.000000000000000000e+00
1.477587029089175275e+00,1.107379633857573115e-04,0.000000000000000000e+00,0.000000000000000000e+00
1.477410895219930964e+00,1.284721787265929050e-04,0.000000000000000000e+00,0.000000000000000000e+00
1.477234803337306390e+00,1.075760912796249868e-04,0.000000000000000000e+00,0.000000000000000000e+00
1.477058753426290227e+00,6.496736165312690971e-05,0.000000000000000000e+00,0.000000000000000000e+00
1.476882745471878033e+00,1.090486449085340632e-04,0.000000000000000000e+00,0.000000000000000000e+00
1.476706779459073138e+00,7.962591704781024540e-05,0.000000000000000000e+00,0.000000000000000000e+00
1.476530855372885531e+00,3.587162584518463222e-05,0.000000000000000000e+00,0.000000000000000000e+00
1.476354973198332532e+00,-8.678262795837961459e-06,0.000000000000000000e+00,0.000000000000000000e+00
1.476179132920438342e+00,5.824927819390087608e-05,0.000000000000000000e+00,0.000000000000000000e+00
1.476003334524234933e+00,1.517911402513342795e-04,0.000000000000000000e+00,0.000000000000000000e+00
1.475827577994760942e+00,6.500335770398351330e-05,0.000000000000000000e+00,0.000000000000000000e+00
1.475651863317061663e+00,1.159004736838012200e-04,0.000000000000000000e+00,0.000000000000000000e+00
1.475476190476190608e+00,4.942754395472620521e-05,0.000000000000000000e+00,0.000000000000000000e+00
