1.588770670426868481e+00,-8.315577978499754525e-07,0.000000000000000000e+00,0.000000000000000000e+00
1.588567034093822050e+00,1.325613916051222516e-05,0.000000000000000000e+00,0.000000000000000000e+00
1.588363449955145557e+00,9.774374123110466869e-06,0.000000000000000000e+00,0.000000000000000000e+00
1.588159917990774161e+00,9.132294654432384154e-06,0.000000000000000000e+00,0.000000000000000000e+00
1.587956438180653462e+00,1.391975672366814291e-05,0.000000000000000000e+00,0.000000000000000000e+00
1.587753010504739937e+00,9.910798299345591894e-06,0.000000000000000000e+00,0.000000000000000000e+00
1.587549634942999832e+00,-3.348026293167752701e-06,0.000000000000000000e+00,0.000000000000000000e+00
1.587346311475410054e+00,6.657698062743650641e-06,0.000000000000000000e+00,0.000000000000000000e+00
1.587143040081956835e+00,-1.647151403566114898e-05,0.000000000000000000e+00,0.000000000000000000e+00
1.586939820742637730e+00,-8.705638177616131790e-06,0.000000000000000000e+00,0.000000000000000000e+00
1.586736653437460065e+00,-1.455204841143429087e-06,0.000000000000000000e+00,0.000000000000000000e+00
1.586533538146441380e+00,-1.968944304189313745e-05,0.000000000000000000e+00,0.000000000000000000e+00
1.586330474849609873e+00,-1.887107827442248247e-05,0.000000000000000000e+00,0.000000000000000000e+00
1.586127463527003068e+00,-1.249879864834548340e-05,0.000000000000000000e+00,0.000000000000000000e+00
1.585924504158669368e+00,-2.492898730699962678e-05,0.000000000000000000e+00,0.000000000000000000e+00
1.585721596724667393e+00,-1.989235776890833571e-06,0.000000000000000000e+00,0.000000000000000000e+00
1.585518741205065973e+00,-1.912633026940292399e-06,0.000000000000000000e+00,0.000000000000000000e+00
1.585315937579943935e+00,-4.536178682577928292e-06,0.000000000000000000e+00,0.000000000000000000e+00
1.585113185829390092e+00,-1.370397005970541530e-05,0.000000000000000000e+00,0.000000000000000000e+00
1.584910485933503921e+00,6.058269345981474180e-07,0.000000000000000000e+00,0.000000000000000000e+00
1.584707837872394887e+00,-5.697896354300499566e-06,0.000000000000000000e+00,0.000000000000000000e+00
1.584505241626182670e+00,1.285611544537819222e-05,0.000000000000000000e+00,0.000000000000000000e+00
1.584302697174996943e+00,-6.854093796216167989e-09,0.000000000000000000e+00,0.000000000000000000e+00
1.584100204498977593e+00,8.289392010531974192e-06,0.000000000000000000e+00,0.000000000000000000e+00
1.583897763578274942e+00,2.422654517138353621e-05,0.000000000000000000e+00,0.000000000000000000e+00
1.583695374393048860e+00,1.891424929143003045e-05,0.000000000000000000e+00,0.000000000000000000e+00
1.583493036923470099e+00,2.759616236039873736e-05,0.000000000000000000e+00,0.000000000000000000e+00
1.583290751149719178e+00,3.283753551075810351e-05,0.000000000000000000e+00,0.000000000000000000e+00
1.583088517051986388e+00,4.147746788095039647e-05,0.000000000000000000e+00,0.000000000000000000e+00
1.582886334610472678e+00,6.068462208141771341e-05,0.000000000000000000e+00,0.000000000000000000e+00
1.582684203805388989e+00,6.033555622531462485e-05,0.000000000000000000e+00,0.000000000000000000e+00
1.582482124616956032e+00,6.954115501540676474e-05,0.000000000000000000e+00,0.000000000000000000e+00
1.582280097025405619e+00,7.020688993790479351e-05,0.000000000000000000e+00,0.000000000000000000e+00
1.582078121010978000e+00,8.589087700059750211e-05,0.000000000000000000e+00,0.000000000000000000e+00
1.581876196553924752e+00,1.055857065089700880e-04,0.000000000000000000e+00,0.000000000000000000e+00
1.581674323634507440e+00,9.731413756327135858e-05,0.000000000000000000e+00,0.000000000000000000e+00
1.581472502232997401e+00,9.754881159858633244e-05,0.000000000000000000e+00,0.000000000000000000e+00
1.581270732329676187e+00,1.048560136877592190e-04,0.000000000000000000e+00,0.000000000000000000e+00
1.581069013904834897e+00,1.048292488170221842e-04,0.000000000000000000e+00,0.000000000000000000e+00
1.580867346938775730e+00,7.892051864744997584e-05,0.000000000000000000e+00,0.000000000000000000e+00
1.580665731411809771e+00,8.182510218159673096e-05,0.000000000000000000e+00,0.000000000000000000e+00
1.580464167304259204e+00,7.913128392890867585e-05,0.000000000000000000e+00,0.000000000000000000e+00
1.580262654596455540e+00,8.178498092467991788e-05,0.000000000000000000e+00,0.000000000000000000e+00
1.580061193268740505e+00,7.353802607187442247e-05,0.000000000000000000e+00,0.000000000000000000e+00
1.579859783301466036e+00,8.071268902428243609e-05,0.000000000000000000e+00,0.000000000000000000e+00
1.579658424674993622e+00,7.430099218378263294e-05,0.000000000000000000e+00,0.000000000000000000e+00
1.579457117369695407e+00,6.502884119177700269e-05,0.000000000000000000e+00,0.000000000000000000e+00
1.579255861365953306e+00,4.149547159361497047e-05,0.000000000000000000e+00,0.000000000000000000e+00
1.579054656644158561e+00,2.427068671380762724e-05,0.000000000000000000e+00,0.000000000000000000e+00
1.578853503184713514e+00,3.468921586390625103e-05,0.000000000000000000e+00,0.000000000000000000e+00
1.578652400968029612e+00,1.601131186577974853e-05,0.000000000000000000e+00,0.000000000000000000e+00
1.578451349974528739e+00,1.735572865202623417e-05,0.000000000000000000e+00,0.000000000000000000e+00
1.578250350184642992e+00,3.611301777631682058e-06,0.000000000000000000e+00,0.000000000000000000e+00
1.578049401578813571e+00,2.170767447543984173e-05,0.000000000000000000e+00,0.000000000000000000e+00
1.577848504137492114e+00,9.475881262425989160e-06,0.000000000000000000e+00,0.000000000000000000e+00
1.577647657841140694e+00,3.208787894204336716e-05,0.000000000000000000e+00,0.000000000000000000e+00
1.577446862670230487e+00,7.885557929584053466e-06,0.000000000000000000e+00,0.000000000000000000e+00
1.577246118605243330e+00,-2.305116870326539419e-06,0.000000000000000000e+00,0.000000000000000000e+00
1.577045425626670161e+00,6.125798222778510924e-06,0.000000000000000000e+00,0.000000000000000000e+00
1.576844783715012799e+00,8.459800168550499905e-06,0.000000000000000000e+00,0.000000000000000000e+00
1.576644192850782389e+00,-6.953145454112593868e-06,0.000000000000000000e+00,0.000000000000000000e+00
1.576443653014500068e+00,4.857507847045271221e-07,0.000000000000000000e+00,0.000000000000000000e+00
1.576243164186697410e+00,7.857545452992237972e-06,0.000000000000000000e+00,0.000000000000000000e+00
1.576042726347914646e+00,1.828869581285371727e-05,0.000000000000000000e+00,0.000000000000000000e+00
1.575842339478703336e+00,-4.866448288301516989e-07,0.000000000000000000e+00,0.000000000000000000e+00
1.575642003559623694e+00,1.101271080749437539e-05,0.000000000000000000e+00,0.000000000000000000e+00
1.575441718571247041e+00,-6.797369830954932621e-06,0.000000000000000000e+00,0.000000000000000000e+00
1.575241484494153799e+00,-1.395581648893067656e-06,0.000000000000000000e+00,0.000000000000000000e+00
1.575041301308933939e+00,-7.383787797095482663e-06,0.000000000000000000e+00,0.000000000000000000e+00
1.574841168996188090e+00,-7.642951860215626420e-06,0.000000000000000000e+00,0.000000000000000000e+00
1.574641087536526651e+00,-6.228589927568433174e-06,0.000000000000000000e+00,0.000000000000000000e+00
1.574441056910569126e+00,-6.072153635698759530e-06,0.000000000000000000e+00,0.000000000000000000e+00
1.574241077098945896e+00,-2.217986348563433241e-05,0.000000000000000000e+00,0.000000000000000000e+00
1.574041148082296226e+00,-9.429632781530984317e-06,0.000000000000000000e+00,0.000000000000000000e+00
1.573841269841270041e+00,-4.037796874597479255e-06,0.000000000000000000e+00,0.000000000000000000e+00
1.573641442356526143e+00,-1.574262923147965072e-05,0.000000000000000000e+00,0.000000000000000000e+00
1.573441665608734219e+00,-2.727285426264115450e-06,0.000000000000000000e+00,0.000000000000000000e+00
1.573241939578573501e+00,-1.361901600471413475e-05,0.000000000000000000e+00,0.000000000000000000e+00
1.573042264246731881e+00,9.313404425331274494e-07,0.000000000000000000e+00,0.000000000000000000e+00
1.572842639593908798e+00,5.581386778130302193e-06,0.000000000000000000e+00,0.000000000000000000e+00
1.572643065600812129e+00,7.138606872971429984e-06,0.000000000000000000e+00,0.000000000000000000e+00
1.572443542248160409e+00,-4.373957750419127377e-07,0.000000000000000000e+00,0.000000000000000000e+00
1.572244069516681719e+00,3.150226271179121587e-05,0.000000000000000000e+00,0.000000000000000000e+00
1.572044647387113248e+00,2.053526798065407125e-05,0.000000000000000000e+00,0.000000000000000000e+00
1.571845275840203060e+00,2.361130490861722275e-05,0.000000000000000000e+00,0.000000000000000000e+00
1.571645954856708105e+00,3.315364506915321682e-05,0.000000000000000000e+00,0.000000000000000000e+00
1.571446684417395767e+00,3.668573243923887658e-05,0.000000000000000000e+00,0.000000000000000000e+00
1.571247464503042757e+00,3.699001272569764874e-05,0.000000000000000000e+00,0.000000000000000000e+00
1.571048295094435554e+00,3.791453228024223819e-05,0.000000000000000000e+00,0.000000000000000000e+00
1.570849176172370187e+00,3.916634724224123815e-05,0.000000000000000000e+00,0.000000000000000000e+00
1.570650107717653121e+00,3.161046445462672647e-05,0.000000000000000000e+00,0.000000000000000000e+00
1.570451089711099923e+00,5.379391985009139218e-05,0.000000000000000000e+00,0.000000000000000000e+00
1.570252122133536155e+00,4.759624757147331436e-05,0.000000000000000000e+00,0.000000000000000000e+00
1.570053204965796922e+00,3.982974056800352852e-05,0.000000000000000000e+00,0.000000000000000000e+00
1.569854338188727105e+00,1.007138099735904735e-05,0.000000000000000000e+00,0.000000000000000000e+00
1.569655521783181351e+00,-4.073211525658804871e-06,0.000000000000000000e+00,0.000000000000000000e+00
1.569456755730024078e+00,1.328856224114532275e-05,0.000000000000000000e+00,0.000000000000000000e+00
1.569258040010129251e+00,3.518521128358575653e-05,0.000000000000000000e+00,0.000000000000000000e+00
1.569059374604380386e+00,5.161341791126770710e-05,0.000000000000000000e+00,0.000000000000000000e+00
1.568860759493670987e+00,3.943272032935134057e-05,0.000000000000000000e+00,0.000000000000000000e+00
1.568662194658904108e+00,2.620902080269996853e-05,0.000000000000000000e+00,0.000000000000000000e+00
1.568463680080992129e+00,1.665866493860126626e-05,0.000000000000000000e+00,0.000000000000000000e+00
1.568265215740858087e+00,-6.726944467472847217e-06,0.000000000000000000e+00,0.000000000000000000e+00
1.568066801619433459e+00,1.312278713689859003e-05,0.000000000000000000e+00,0.000000000000000000e+00
1.567868437697659934e+00,7.718806442223204167e-06,0.000000000000000000e+00,0.000000000000000000e+00
1.567670123956488748e+00,2.618627622739608252e-06,0.000000000000000000e+00,0.000000000000000000e+00
1.567471860376881354e+00,8.609686140214657668e-06,0.000000000000000000e+00,0.000000000000000000e+00
1.567273646939808085e+00,2.883203209930163512e-05,0.000000000000000000e+00,0.000000000000000000e+00
1.567075483626248822e+00,-7.558957065548297521e-06,0.000000000000000000e+00,0.000000000000000000e+00
1.566877370417193438e+00,-2.241636299055377660e-06,0.000000000000000000e+00,0.000000000000000000e+00
1.566679307293641799e+00,-5.316563468731310554e-07,0.000000000000000000e+00,0.000000000000000000e+00
1.566481294236602650e+00,1.419193874742223117e-05,0.000000000000000000e+00,0.000000000000000000e+00
1.566283331227094955e+00,9.082004199801414421e-06,0.000000000000000000e+00,0.000000000000000000e+00
1.566085418246146332e+00,-1.218549221642002689e-06,0.000000000000000000e+00,0.000000000000000000e+00
1.565887555274794840e+00,1.661221033089684690e-05,0.000000000000000000e+00,0.000000000000000000e+00
1.565689742294088083e+00,-1.310582452087520437e-05,0.000000000000000000e+00,0.000000000000000000e+00
1.565491979285082769e+00,5.444614542703032217e-06,0.000000000000000000e+00,0.000000000000000000e+00
1.565294266228845821e+00,-9.529191313124288007e-06,0.000000000000000000e+00,0.000000000000000000e+00
1.565096603106453044e+00,8.149072259595272621e-06,0.000000000000000000e+00,0.000000000000000000e+00
1.564898989898990012e+00,8.414462284877686701e-06,0.000000000000000000e+00,0.000000000000000000e+00
1.564701426587552069e+00,-3.247405157796694197e-07,0.000000000000000000e+00,0.000000000000000000e+00
1.564503913153244108e+00,1.919901317864449938e-05,0.000000000000000000e+00,0.000000000000000000e+00
1.564306449577180569e+00,1.791851799334050893e-05,0.000000000000000000e+00,0.000000000000000000e+00
1.564109035840484774e+00,9.823012849737933552e-06,0.000000000000000000e+00,0.000000000000000000e+00
1.563911671924290259e+00,-3.019347625673844682e-06,0.000000000000000000e+00,0.000000000000000000e+00
1.563714357809740108e+00,1.492478502188336262e-05,0.000000000000000000e+00,0.000000000000000000e+00
1.563517093477986730e+00,1.791240539494561371e-05,0.000000000000000000e+00,0.000000000000000000e+00
1.563319878910191862e+00,-3.319594146229502829e-07,0.000000000000000000e+00,0.000000000000000000e+00
1.563122714087527010e+00,2.754301001440129931e-06,0.000000000000000000e+00,0.000000000000000000e+00
1.562925598991172782e+00,2.700308546093634077e-05,0.000000000000000000e+00,0.000000000000000000e+00
1.562728533602320002e+00,7.740440647271062610e-06,0.000000000000000000e+00,0.000000000000000000e+00
1.562531517902168376e+00,4.556707966676780408e-06,0.000000000000000000e+00,0.000000000000000000e+00
1.562334551871927601e+00,6.144784592045440808e-06,0.000000000000000000e+00,0.000000000000000000e+00
1.562137635492815813e+00,-1.555272970334142801e-06,0.000000000000000000e+00,0.000000000000000000e+00
1.561940768746061803e+00,-1.793795232354444651e-05,0.000000000000000000e+00,0.000000000000000000e+00
1.561743951612903247e+00,-7.275149028562006778e-06,0.000000000000000000e+00,0.000000000000000000e+00
1.561547184074587369e+00,1.547056590595475949e-05,0.000000000000000000e+00,0.000000000000000000e+00
1.561350466112371160e+00,4.577532940931803435e-06,0.000000000000000000e+00,0.000000000000000000e+00
1.561153797707520052e+00,-1.272788275249211835e-05,0.000000000000000000e+00,0.000000000000000000e+00
1.560957178841309911e+00,-2.689468532650340915e-06,0.000000000000000000e+00,0.000000000000000000e+00
1.560760609495025930e+00,1.507670750400908963e-05,0.000000000000000000e+00,0.000000000000000000e+00
1.560564089649962183e+00,8.937988849694279356e-06,0.000000000000000000e+00,0.000000000000000000e+00
1.560367619287423180e+00,-1.433324081683397602e-05,0.000000000000000000e+00,0.000000000000000000e+00
1.560171198388721203e+00,1.826876326914894308e-05,0.000000000000000000e+00,0.000000000000000000e+00
1.559974826935179415e+00,-1.188712458528645363e-06,0.000000000000000000e+00,0.000000000000000000e+00
1.559778504908129859e+00,-1.162149543146718915e-05,0.000000000000000000e+00,0.000000000000000000e+00
1.559582232288914128e+00,-1.463714710251318336e-05,0.000000000000000000e+00,0.000000000000000000e+00
1.559386009058882916e+00,1.229810918189919514e-05,0.000000000000000000e+00,0.000000000000000000e+00
1.559189835199396246e+00,1.303661944472437120e-05,0.000000000000000000e+00,0.000000000000000000e+00
1.558993710691823908e+00,4.037374046831189792e-06,0.000000000000000000e+00,0.000000000000000000e+00
1.558797635517545022e+00,1.141930160883136876e-05,0.000000000000000000e+00,0.000000000000000000e+00
1.558601609657947806e+00,3.238817681678251778e-05,0.000000000000000000e+00,0.000000000000000000e+00
1.558405633094430032e+00,3.499966106580362779e-05,0.000000000000000000e+00,0.000000000000000000e+00
1.558209705808398349e+00,2.453993880006965535e-05,0.000000000000000000e+00,0.000000000000000000e+00
1.558013827781269844e+00,2.258499398801209687e-05,0.000000000000000000e+00,0.000000000000000000e+00
1.557817998994469599e+00,2.919217985975571146e-05,0.000000000000000000e+00,0.000000000000000000e+00
1.557622219429433130e+00,2.399605782965217801e-05,0.000000000000000000e+00,0.000000000000000000e+00
1.557426489067605058e+00,4.494442234834845548e-05,0.000000000000000000e+00,0.000000000000000000e+00
1.557230807890438662e+00,3.408317632020503758e-05,0.000000000000000000e+00,0.000000000000000000e+00
1.557035175879396993e+00,4.168966519415054882e-05,0.000000000000000000e+00,0.000000000000000000e+00
1.556839593015952872e+00,2.917808581665015666e-05,0.000000000000000000e+00,0.000000000000000000e+00
1.556644059281587555e+00,4.113815804987811485e-05,0.000000000000000000e+00,0.000000000000000000e+00
1.556448574657792516e+00,3.791213124068474119e-05,0.000000000000000000e+00,0.000000000000000000e+00
1.556253139126067442e+00,5.976096846034952351e-05,0.000000000000000000e+00,0.000000000000000000e+00
1.556057752667922234e+00,7.041077794599313183e-05,0.000000000000000000e+00,0.000000000000000000e+00
1.555862415264875898e+00,8.887902118780155458e-05,0.000000000000000000e+00,0.000000000000000000e+00
1.555667126898456099e+00,6.236092231764523743e-05,0.000000000000000000e+00,0.000000000000000000e+00
1.555471887550200938e+00,7.857713501603419068e-05,0.000000000000000000e+00,0.000000000000000000e+00
1.555276697201656511e+00,8.624284050086296512e-05,0.000000000000000000e+00,0.000000000000000000e+00
1.555081555834379126e+00,1.015315349553733756e-04,0.000000000000000000e+00,0.000000000000000000e+00
1.554886463429933530e+00,8.849137958083291497e-05,0.000000000000000000e+00,0.000000000000000000e+00
1.554691419969894683e+00,8.946794734898092134e-05,0.000000000000000000e+00,0.000000000000000000e+00
1.554496425435846207e+00,9.362375502302081043e-05,0.000000000000000000e+00,0.000000000000000000e+00
1.554301479809380604e+00,8.690815775594688472e-05,0.000000000000000000e+00,0.000000000000000000e+00
1.554106583072100367e+00,6.979837161125612872e-05,0.000000000000000000e+00,0.000000000000000000e+00
1.553911735205616873e+00,7.270855220844790918e-05,0.000000000000000000e+00,0.000000000000000000e+00
1.553716936191550824e+00,5.880485339416954144e-05,0.000000000000000000e+00,0.000000000000000000e+00
1.553522186011532025e+00,3.934259735901375274e-05,0.000000000000000000e+00,0.000000000000000000e+00
1.553327484647199164e+00,4.761628840598778473e-05,0.000000000000000000e+00,0.000000000000000000e+00
1.553132832080200698e+00,6.811501353437381112e-05,0.000000000000000000e+00,0.000000000000000000e+00
1.552938228292193967e+00,6.061784015847729995e-05,0.000000000000000000e+00,0.000000000000000000e+00
1.552743673264845858e+00,1.421676853329478449e-05,0.000000000000000000e+00,0.000000000000000000e+00
1.552549166979832362e+00,6.402150644937900509e-06,0.000000000000000000e+00,0.000000000000000000e+00
1.552354709418837908e+00,-1.152346559543356366e-06,0.000000000000000000e+00,0.000000000000000000e+00
1.552160300563556694e+00,2.021873442837641976e-06,0.000000000000000000e+00,0.000000000000000000e+00
1.551965940395692467e+00,-4.018068488027479179e-07,0.000000000000000000e+00,0.000000000000000000e+00
1.551771628896957633e+00,-1.167018169416001762e-05,0.000000000000000000e+00,0.000000000000000000e+00
1.551577366049073703e+00,-1.721903971874626238e-05,0.000000000000000000e+00,0.000000000000000000e+00
1.551383151833771512e+00,-2.253953377056422923e-05,0.000000000000000000e+00,0.000000000000000000e+00
1.551188986232791001e+00,-4.169542518200593587e-05,0.000000000000000000e+00,0.000000000000000000e+00
1.550994869227881434e+00,-3.274042268663814731e-05,0.000000000000000000e+00,0.000000000000000000e+00
1.550800800800800738e+00,-3.155942038517199968e-05,0.000000000000000000e+00,0.000000000000000000e+00
1.550606780933316831e+00,1.351031081540899834e-06,0.000000000000000000e+00,0.000000000000000000e+00
1.550412809607205622e+00,-7.844483313621019097e-06,0.000000000000000000e+00,0.000000000000000000e+00
1.550218886804252794e+00,-2.572057153143189959e-05,0.000000000000000000e+00,0.000000000000000000e+00
1.550025012506253130e+00,7.933560047156769032e-06,0.000000000000000000e+00,0.000000000000000000e+00
1.549831186695010743e+00,-2.558759055281984579e-05,0.000000000000000000e+00,0.000000000000000000e+00
1.549637409352338180e+00,-3.522441942632389966e-06,0.000000000000000000e+00,0.000000000000000000e+00
1.549443680460057760e+00,-9.000411967915403905e-06,0.000000000000000000e+00,0.000000000000000000e+00
1.549250000000000016e+00,-1.424068869370471134e-05,0.000000000000000000e+00,0.000000000000000000e+00
1.549056367954005919e+00,-2.203407850821922573e-05,0.000000000000000000e+00,0.000000000000000000e+00
1.548862784303923990e+00,-1.117312391887012937e-06,0.000000000000000000e+00,0.000000000000000000e+00
1.548669249031613404e+00,-1.338126318204497719e-05,0.000000000000000000e+00,0.000000000000000000e+00
1.548475762118940668e+00,8.145981575785913795e-06,0.000000000000000000e+00,0.000000000000000000e+00
1.548282323547782724e+00,-1.247022844949900386e-05,0.000000000000000000e+00,0.000000000000000000e+00
1.548088933300024950e+00,7.457012719584927077e-06,0.000000000000000000e+00,0.000000000000000000e+00
1.547895591357562051e+00,-3.643187566058610563e-06,0.000000000000000000e+00,0.000000000000000000e+00
1.547702297702297836e+00,5.850251028509129841e-06,0.000000000000000000e+00,0.000000000000000000e+00
1.547509052316144551e+00,1.033034568014338205e-05,0.000000000000000000e+00,0.000000000000000000e+00
1.547315855181023769e+00,-1.339308110320791556e-05,0.000000000000000000e+00,0.000000000000000000e+00
1.547122706278866611e+00,-8.948604009079673405e-06,0.000000000000000000e+00,0.000000000000000000e+00
1.546929605591612633e+00,-7.438112713122925490e-06,0.000000000000000000e+00,0.000000000000000000e+00
1.546736553101210720e+00,1.380465488411532562e-06,0.000000000000000000e+00,0.000000000000000000e+00
1.546543548789618416e+00,-8.817912741058888532e-06,0.000000000000000000e+00,0.000000000000000000e+00
1.546350592638802368e+00,-1.363557633783847069e-05,0.000000000000000000e+00,0.000000000000000000e+00
1.546157684630738549e+00,-9.698859551650167166e-06,0.000000000000000000e+00,0.000000000000000000e+00
1.545964824747411814e+00,6.231004219053697113e-06,0.000000000000000000e+00,0.000000000000000000e+00
1.545772012970815901e+00,3.273977029465829913e-07,0.000000000000000000e+00,0.000000000000000000e+00
1.545579249282953205e+00,-1.439523888300793877e-06,0.000000000000000000e+00,0.000000000000000000e+00
1.545386533665835449e+00,2.561583687458340343e-05,0.000000000000000000e+00,0.000000000000000000e+00
1.545193866101483682e+00,8.931140953795293352e-06,0.000000000000000000e+00,0.000000000000000000e+00
1.545001246571927167e+00,4.639644799768623783e-05,0.000000000000000000e+00,0.000000000000000000e+00
1.544808675059204939e+00,5.160181526529523770e-05,0.000000000000000000e+00,0.000000000000000000e+00
1.544616151545364024e+00,7.816970132672315316e-05,0.000000000000000000e+00,0.000000000000000000e+00
1.544423676012461222e+00,8.845662779514550794e-05,0.000000000000000000e+00,0.000000000000000000e+00
1.544231248442561766e+00,8.988681957742780150e-05,0.000000000000000000e+00,0.000000000000000000e+00
1.544038868817740218e+00,1.139300814134317028e-04,0.000000000000000000e+00,0.000000000000000000e+00
1.543846537120080020e+00,1.355178497626117681e-04,0.000000000000000000e+00,0.000000000000000000e+00
1.543654253331672832e+00,1.466508080894366340e-04,0.000000000000000000e+00,0.000000000000000000e+00
1.543462017434620304e+00,1.460023352776579613e-04,0.000000000000000000e+00,0.000000000000000000e+00
1.543269829411032301e+00,1.791949458958448649e-04,0.000000000000000000e+00,0.000000000000000000e+00
1.543077689243028017e+00,1.551772944770424094e-04,0.000000000000000000e+00,0.000000000000000000e+00
1.542885596912735080e+00,1.239437604282390970e-04,0.000000000000000000e+00,0.000000000000000000e+00
1.542693552402290447e+00,1.241290480335781495e-04,0.000000000000000000e+00,0.000000000000000000e+00
1.542501555693839510e+00,1.229995023848027506e-04,0.000000000000000000e+00,0.000000000000000000e+00
1.542309606769537211e+00,9.180335395641983989e-05,0.000000000000000000e+00,0.000000000000000000e+00
1.542117705611546707e+00,1.037492072632954874e-04,0.000000000000000000e+00,0.000000000000000000e+00
1.541925852202040481e+00,5.552269368354844324e-05,0.000000000000000000e+00,0.000000000000000000e+00
1.541734046523199453e+00,5.617215072434658153e-05,0.000000000000000000e+00,0.000000000000000000e+00
1.541542288557214091e+00,5.119095257079980289e-05,0.000000000000000000e+00,0.000000000000000000e+00
1.541350578286282857e+00,4.408912395937681153e-05,0.000000000000000000e+00,0.000000000000000000e+00
1.541158915692613762e+00,4.944689791052292623e-05,0.000000000000000000e+00,0.000000000000000000e+00
1.540967300758423697e+00,3.424668088756457549e-05,0.000000000000000000e+00,0.000000000000000000e+00
1.540775733465937547e+00,2.638086448382990015e-05,0.000000000000000000e+00,0.000000000000000000e+00
1.540584213797389745e+00,4.546984460110912486e-05,0.000000000000000000e+00,0.000000000000000000e+00
1.540392741735023607e+00,5.821089493782756648e-05,0.000000000000000000e+00,0.000000000000000000e+00
1.540201317261091107e+00,7.016194692916703085e-05,0.000000000000000000e+00,0.000000000000000000e+00
1.540009940357853102e+00,6.740542578176442895e-05,0.000000000000000000e+00,0.000000000000000000e+00
1.539818611007578664e+00,7.375193327407037619e-05,0.000000000000000000e+00,0.000000000000000000e+00
1.539627329192546634e+00,1.100834105762439792e-04,0.000000000000000000e+00,0.000000000000000000e+00
1.539436094895044072e+00,1.072225497124755424e-04,0.000000000000000000e+00,0.000000000000000000e+00
1.539244908097367137e+00,1.047198212073960008e-04,0.000000000000000000e+00,0.000000000000000000e+00
1.539053768781820652e+00,1.120050634484074260e-04,0.000000000000000000e+00,0.000000000000000000e+00
1.538862676930717877e+00,1.449967096232151077e-04,0.000000000000000000e+00,0.000000000000000000e+00
1.538671632526381172e+00,1.223656741747450403e-04,0.000000000000000000e+00,0.000000000000000000e+00
1.538480635551142006e+00,1.292933657320402985e-04,0.000000000000000000e+00,0.000000000000000000e+00
1.538289685987340283e+00,1.129256162017903790e-04,0.000000000000000000e+00,0.000000000000000000e+00
1.538098783817324566e+00,1.618523028646086988e-04,0.000000000000000000e+00,0.000000000000000000e+00
1.537907929023452303e+00,1.169659213198981015e-04,0.000000000000000000e+00,0.000000000000000000e+00
1.537717121588089375e+00,1.131378569380443126e-04,0.000000000000000000e+00,0.000000000000000000e+00
1.537526361493611216e+00,1.174725705330248796e-04,0.000000000000000000e+00,0.000000000000000000e+00
1.537335648722401471e+00,1.235347452914696120e-04,0.000000000000000000e+00,0.000000000000000000e+00
1.537144983256852449e+00,1.017145753257797831e-04,0.000000000000000000e+00,0.000000000000000000e+00
1.536954365079365337e+00,9.130783908308176891e-05,0.000000000000000000e+00,0.000000000000000000e+00
1.536763794172349762e+00,8.599897214994398596e-05,0.000000000000000000e+00,0.000000000000000000e+00
1.536573270518224676e+00,8.076674586769325669e-05,0.000000000000000000e+00,0.000000000000000000e+00
1.536382794099417470e+00,8.303402985562085593e-05,0.000000000000000000e+00,0.000000000000000000e+00
1.536192364898364193e+00,1.089349527865176356e-04,0.000000000000000000e+00,0.000000000000000000e+00
1.536001982897509111e+00,9.304953627736365848e-05,0.000000000000000000e+00,0.000000000000000000e+00
1.535811648079306257e+00,9.589784202910242930e-05,0.000000000000000000e+00,0.000000000000000000e+00
1.535621360426217441e+00,7.270562512148230454e-05,0.000000000000000000e+00,0.000000000000000000e+00
1.535431119920713572e+00,9.428339441492706099e-05,0.000000000000000000e+00,0.000000000000000000e+00
1.535240926545274665e+00,1.077128437018707793e-04,0.000000000000000000e+00,0.000000000000000000e+00
1.535050780282388061e+00,5.292066387032386826e-05,0.000000000000000000e+00,0.000000000000000000e+00
1.534860681114551095e+00,2.706203750632856127e-05,0.000000000000000000e+00,0.000000000000000000e+00
1.534670629024269539e+00,3.474150164967841972e-05,0.000000000000000000e+00,0.000000000000000000e+00
1.534480623994057158e+00,-1.251641911373521307e-05,0.000000000000000000e+00,0.000000000000000000e+00
1.534290666006437487e+00,-1.371826384582303104e-05,0.000000000000000000e+00,0.000000000000000000e+00
1.534100755043941167e+00,-6.148648137462519279e-05,0.000000000000000000e+00,0.000000000000000000e+00
1.533910891089109052e+00,-6.168178969168797154e-05,0.000000000000000000e+00,0.000000000000000000e+00
1.533721074124489547e+00,-7.530933043904306477e-05,0.000000000000000000e+00,0.000000000000000000e+00
1.533531304132640383e+00,-6.615651238334662940e-05,0.000000000000000000e+00,0.000000000000000000e+00
1.533341581096127948e+00,-7.302651018477172330e-05,0.000000000000000000e+00,0.000000000000000000e+00
1.533151904997526183e+00,-7.809006443441229330e-05,0.000000000000000000e+00,0.000000000000000000e+00
1.532962275819418796e+00,-4.702667297264801968e-05,0.000000000000000000e+00,0.000000000000000000e+00
1.532772693544397713e+00,-3.218764949097633644e-05,0.000000000000000000e+00,0.000000000000000000e+00
1.532583158155063741e+00,-1.867775105674298643e-05,0.000000000000000000e+00,0.000000000000000000e+00
1.532393669634025901e+00,-1.056707406540415527e-05,0.000000000000000000e+00,0.000000000000000000e+00
1.532204227963901655e+00,-3.389392120245688159e-06,0.000000000000000000e+00,0.000000000000000000e+00
1.532014833127317788e+00,2.313620605533836354e-05,0.000000000000000000e+00,0.000000000000000000e+00
1.531825485106909079e+00,2.111759235787365706e-05,0.000000000000000000e+00,0.000000000000000000e+00
1.531636183885318969e+00,4.074949023829665257e-05,0.000000000000000000e+00,0.000000000000000000e+00
1.531446929445199778e+00,3.281204082610953907e-05,0.000000000000000000e+00,0.000000000000000000e+00
1.531257721769211821e+00,4.215441395530360527e-05,0.000000000000000000e+00,0.000000000000000000e+00
1.531068560840024739e+00,5.344655837864840248e-05,0.000000000000000000e+00,0.000000000000000000e+00
1.530879446640316166e+00,2.576656725861332931e-05,0.000000000000000000e+00,0.000000000000000000e+00
1.530690379152772618e+00,2.890087303874730451e-05,0.000000000000000000e+00,0.000000000000000000e+00
1.530501358360089048e+00,2.988348919510919709e-05,0.000000000000000000e+00,0.000000000000000000e+00
1.530312384244968626e+00,3.290741362870159073e-06,0.000000000000000000e+00,0.000000000000000000e+00
1.530123456790123626e+00,-7.622099758194857827e-06,0.000000000000000000e+00,0.000000000000000000e+00
1.529934575978274314e+00,-1.234286405994819598e-05,0.000000000000000000e+00,0.000000000000000000e+00
1.529745741792150060e+00,-2.901850128685969088e-05,0.000000000000000000e+00,0.000000000000000000e+00
1.529556954214488673e+00,-4.816930196060238874e-05,0.000000000000000000e+00,0.000000000000000000e+00
1.529368213228035733e+00,-4.457530295826463498e-05,0.000000000000000000e+00,0.000000000000000000e+00
1.529179518815546146e+00,-6.766872410965689595e-05,0.000000000000000000e+00,0.000000000000000000e+00
1.528990870959783033e+00,-3.424268799516808071e-05,0.000000000000000000e+00,0.000000000000000000e+00
1.528802269643517953e+00,-2.352948241802956669e-05,0.000000000000000000e+00,0.000000000000000000e+00
1.528613714849531569e+00,2.231700196976245734e-06,0.000000000000000000e+00,0.000000000000000000e+00
1.528425206560611871e+00,2.730736930910420031e-05,0.000000000000000000e+00,0.000000000000000000e+00
1.528236744759556176e+00,3.400028731236418023e-05,0.000000000000000000e+00,0.000000000000000000e+00
1.528048329429170238e+00,3.298659941024196726e-05,0.000000000000000000e+00,0.000000000000000000e+00
1.527859960552268248e+00,8.784314830137768086e-05,0.000000000000000000e+00,0.000000000000000000e+00
1.527671638111672836e+00,1.092663446290783203e-04,0.000000000000000000e+00,0.000000000000000000e+00
1.527483362090214625e+00,1.418599264141745791e-04,0.000000000000000000e+00,0.000000000000000000e+00
1.527295132470733341e+00,1.588076232768797190e-04,0.000000000000000000e+00,0.000000000000000000e+00
1.527106949236076927e+00,1.871323190576932530e-04,0.000000000000000000e+00,0.000000000000000000e+00
1.526918812369101985e+00,2.013253461968342491e-04,0.000000000000000000e+00,0.000000000000000000e+00
1.526730721852673334e+00,2.274295067898014430e-04,0.000000000000000000e+00,0.000000000000000000e+00
1.526542677669664005e+00,2.498385588875101128e-04,0.000000000000000000e+00,0.000000000000000000e+00
1.526354679802955694e+00,2.484771089917925738e-04,0.000000000000000000e+00,0.000000000000000000e+00
1.526166728235438974e+00,2.733146520499550244e-04,0.000000000000000000e+00,0.000000000000000000e+00
1.525978822950012415e+00,2.844667122187231629e-04,0.000000000000000000e+00,0.000000000000000000e+00
1.525790963929582800e+00,2.996378110972719791e-04,0.000000000000000000e+00,0.000000000000000000e+00
1.525603151157065573e+00,3.172256416287284192e-04,0.000000000000000000e+00,0.000000000000000000e+00
1.525415384615384617e+00,2.844066385223405387e-04,0.000000000000000000e+00,0.000000000000000000e+00
1.525227664287472473e+00,3.063780679412868736e-04,0.000000000000000000e+00,0.000000000000000000e+00
1.525039990156269232e+00,2.896944881098514283e-04,0.000000000000000000e+00,0.000000000000000000e+00
1.524852362204724532e+00,3.316084954559058492e-04,0.000000000000000000e+00,0.000000000000000000e+00
1.524664780415795562e+00,3.323675032406655811e-04,0.000000000000000000e+00,0.000000000000000000e+00
1.524477244772447726e+00,3.439718701888276695e-04,0.000000000000000000e+00,0.000000000000000000e+00
1.524289755257655976e+00,3.664341980951035891e-04,0.000000000000000000e+00,0.000000000000000000e+00
1.524102311854402370e+00,3.795487328716682512e-04,0.000000000000000000e+00,0.000000000000000000e+00
1.523914914545678290e+00,3.732231039596605425e-04,0.000000000000000000e+00,0.000000000000000000e+00
1.523727563314482669e+00,4.354496006201253287e-04,0.000000000000000000e+00,0.000000000000000000e+00
1.523540258143823101e+00,4.392380654423303724e-04,0.000000000000000000e+00,0.000000000000000000e+00
1.523352999016715836e+00,4.884619302372317923e-04,0.000000000000000000e+00,0.000000000000000000e+00
1.523165785916185344e+00,4.854346576050948096e-04,0.000000000000000000e+00,0.000000000000000000e+00
1.522978618825264308e+00,5.013044395422799025e-04,0.000000000000000000e+00,0.000000000000000000e+00
1.522791497726993626e+00,5.416512573420855566e-04,0.000000000000000000e+00,0.000000000000000000e+00
1.522604422604422636e+00,5.817717152007955295e-04,0.000000000000000000e+00,0.000000000000000000e+00
1.522417393440609334e+00,6.343803238030767261e-04,0.000000000000000000e+00,0.000000000000000000e+00
1.522230410218619490e+00,6.526995549078935810e-04,0.000000000000000000e+00,0.000000000000000000e+00
1.522043472921527973e+00,6.603822424957237446e-04,0.000000000000000000e+00,0.000000000000000000e+00
1.521856581532416763e+00,7.168680461350361750e-04,0.000000000000000000e+00,0.000000000000000000e+00
1.521669736034376941e+00,7.181878352859054522e-04,0.000000000000000000e+00,0.000000000000000000e+00
1.521482936410508247e+00,7.218858635569954611e-04,0.000000000000000000e+00,0.000000000000000000e+00
1.521296182643917971e+00,7.248167665242337149e-04,0.000000000000000000e+00,0.000000000000000000e+00
1.521109474717722287e+00,7.470666212124497593e-04,0.000000000000000000e+00,0.000000000000000000e+00
1.520922812615044917e+00,6.978989544996600479e-04,0.000000000000000000e+00,0.000000000000000000e+00
1.520736196319018463e+00,7.018024744300044651e-04,0.000000000000000000e+00,0.000000000000000000e+00
1.520549625812783745e+00,6.394002016656497121e-04,0.000000000000000000e+00,0.000000000000000000e+00
1.520363101079489798e+00,5.801191835254329490e-04,0.000000000000000000e+00,0.000000000000000000e+00
1.520176622102293873e+00,5.212271240513494629e-04,0.000000000000000000e+00,0.000000000000000000e+00
1.519990188864361214e+00,5.068597820992212354e-04,0.000000000000000000e+00,0.000000000000000000e+00
1.519803801348865946e+00,3.977183918592800804e-04,0.000000000000000000e+00,0.000000000000000000e+00
1.519617459538989745e+00,3.326229855118217546e-04,0.000000000000000000e+00,0.000000000000000000e+00
1.519431163417923392e+00,2.166456446706279803e-04,0.000000000000000000e+00,0.000000000000000000e+00
1.519244912968865213e+00,1.490117542404004961e-04,0.000000000000000000e+00,0.000000000000000000e+00
1.519058708175021533e+00,3.736888779333111775e-05,0.000000000000000000e+00,0.000000000000000000e+00
1.518872549019607998e+00,-3.228018545642277054e-05,0.000000000000000000e+00,0.000000000000000000e+00
1.518686435485847364e+00,-1.562050416277457107e-04,0.000000000000000000e+00,0.000000000000000000e+00
1.518500367556971264e+00,-1.797490449008604715e-04,0.000000000000000000e+00,0.000000000000000000e+00
1.518314345216219774e+00,-2.401081274615490726e-04,0.000000000000000000e+00,0.000000000000000000e+00
1.518128368446839849e+00,-3.170180238809845036e-04,0.000000000000000000e+00,0.000000000000000000e+00
1.517942437232088215e+00,-3.618632783104927357e-04,0.000000000000000000e+00,0.000000000000000000e+00
1.517756551555229150e+00,-3.992699145634087850e-04,0.000000000000000000e+00,0.000000000000000000e+00
1.517570711399534700e+00,-3.843222869964100195e-04,0.000000000000000000e+00,0.000000000000000000e+00
1.517384916748286239e+00,-3.763802770751481421e-04,0.000000000000000000e+00,0.000000000000000000e+00
1.517199167584771802e+00,-2.759978279482299887e-04,0.000000000000000000e+00,0.000000000000000000e+00
1.517013463892288971e+00,-2.350035929799840304e-04,0.000000000000000000e+00,0.000000000000000000e+00
1.516827805654142658e+00,-1.309766976154056427e-04,0.000000000000000000e+00,0.000000000000000000e+00
1.516642192853646653e+00,-7.018797044355644388e-05,0.000000000000000000e+00,0.000000000000000000e+00
1.516456625474122299e+00,4.207026534366279519e-05,0.000000000000000000e+00,0.000000000000000000e+00
1.516271103498899153e+00,1.553124586589750642e-04,0.000000000000000000e+00,0.000000000000000000e+00
1.516085626911314987e+00,3.011067812608782431e-04,0.000000000000000000e+00,0.000000000000000000e+00
1.515900195694716235e+00,3.548141910066726721e-04,0.000000000000000000e+00,0.000000000000000000e+00
1.515714809832456877e+00,4.174049653050933631e-04,0.000000000000000000e+00,0.000000000000000000e+00
1.515529469307899335e+00,4.510129540297427766e-04,0.000000000000000000e+00,0.000000000000000000e+00
1.515344174104413799e+00,5.078049911531145981e-04,0.000000000000000000e+00,0.000000000000000000e+00
1.515158924205379121e+00,5.720443879809007301e-04,0.000000000000000000e+00,0.000000000000000000e+00
1.514973719594181700e+00,5.655761243112283378e-04,0.000000000000000000e+00,0.000000000000000000e+00
1.514788560254216598e+00,5.448496625021792290e-04,0.000000000000000000e+00,0.000000000000000000e+00
1.514603446168886869e+00,5.599392719258487749e-04,0.000000000000000000e+00,0.000000000000000000e+00
1.514418377321603337e+00,5.316274085580136033e-04,0.000000000000000000e+00,0.000000000000000000e+00
1.514233353695785045e+00,4.984637026680866813e-04,0.000000000000000000e+00,0.000000000000000000e+00
1.514048375274859692e+00,4.714492917827840020e-04,0.000000000000000000e+00,0.000000000000000000e+00
1.513863442042262086e+00,4.466464354889270166e-04,0.000000000000000000e+00,0.000000000000000000e+00
1.513678553981436359e+00,4.192116134352191336e-04,0.000000000000000000e+00,0.000000000000000000e+00
1.513493711075833525e+00,4.425832026089726503e-04,0.000000000000000000e+00,0.000000000000000000e+00
1.513308913308913484e+00,4.161163464389389631e-04,0.000000000000000000e+00,0.000000000000000000e+00
1.513124160664143680e+00,3.686300006927019715e-04,0.000000000000000000e+00,0.000000000000000000e+00
1.512939453125000000e+00,4.230035607967310221e-04,0.000000000000000000e+00,0.000000000000000000e+00
1.512754790674966543e+00,3.794838302191569975e-04,0.000000000000000000e+00,0.000000000000000000e+00
1.512570173297534959e+00,3.619768345206114332e-04,0.000000000000000000e+00,0.000000000000000000e+00
1.512385600976205113e+00,2.854832884517414463e-04,0.000000000000000000e+00,0.000000000000000000e+00
1.512201073694485087e+00,2.499571828062539455e-04,0.000000000000000000e+00,0.000000000000000000e+00
1.512016591435891177e+00,2.428979275410397994e-04,0.000000000000000000e+00,0.000000000000000000e+00
1.511832154183947452e+00,1.453068119079978585e-04,0.000000000000000000e+00,0.000000000000000000e+00
1.511647761922185751e+00,1.612823768764122447e-04,0.000000000000000000e+00,0.000000000000000000e+00
1.511463414634146352e+00,8.488705368763882313e-05,0.000000000000000000e+00,0.000000000000000000e+00
1.511279112303377747e+00,4.486813430120079396e-05,0.000000000000000000e+00,0.000000000000000000e+00
1.511094854913435759e+00,1.431860656343514771e-05,0.000000000000000000e+00,0.000000000000000000e+00
1.510910642447885088e+00,-6.013178782578285260e-06,0.000000000000000000e+00,0.000000000000000000e+00
1.510726474890297544e+00,-1.887480759612137488e-05,0.000000000000000000e+00,0.000000000000000000e+00
1.510542352224253593e+00,-4.167007680034033774e-05,0.000000000000000000e+00,0.000000000000000000e+00
1.510358274433341474e+00,-4.277520829528065095e-05,0.000000000000000000e+00,0.000000000000000000e+00
1.510174241501157644e+00,-2.967165378509322316e-05,0.000000000000000000e+00,0.000000000000000000e+00
1.509990253411306327e+00,-7.858252789085581197e-06,0.000000000000000000e+00,0.000000000000000000e+00
1.509806310147399300e+00,2.746101601601392758e-05,0.000000000000000000e+00,0.000000000000000000e+00
1.509622411693057442e+00,2.862656840118692377e-05,0.000000000000000000e+00,0.000000000000000000e+00
1.509438558031908517e+00,4.494309548803987215e-05,0.000000000000000000e+00,0.000000000000000000e+00
1.509254749147588948e+00,6.260412286815039955e-05,0.000000000000000000e+00,0.000000000000000000e+00
1.509070985023743150e+00,9.098026709784769097e-05,0.000000000000000000e+00,0.000000000000000000e+00
1.508887265644022646e+00,1.172795501296511160e-04,0.000000000000000000e+00,0.000000000000000000e+00
1.508703590992087840e+00,1.408229361135305245e-04,0.000000000000000000e+00,0.000000000000000000e+00
1.508519961051606684e+00,1.606174510876275888e-04,0.000000000000000000e+00,0.000000000000000000e+00
1.508336375806255347e+00,1.309524828752748563e-04,0.000000000000000000e+00,0.000000000000000000e+00
1.508152835239717993e+00,1.626077955435051466e-04,0.000000000000000000e+00,0.000000000000000000e+00
1.507969339335685666e+00,1.683285123213434757e-04,0.000000000000000000e+00,0.000000000000000000e+00
1.507785888077858960e+00,1.434333851762100397e-04,0.000000000000000000e+00,0.000000000000000000e+00
1.507602481449945353e+00,1.157957945187250339e-04,0.000000000000000000e+00,0.000000000000000000e+00
1.507419119435660537e+00,1.843759260338280383e-04,0.000000000000000000e+00,0.000000000000000000e+00
1.507235802018728199e+00,1.495729500024802709e-04,0.000000000000000000e+00,0.000000000000000000e+00
1.507052529182879574e+00,1.180636875031239406e-04,0.000000000000000000e+00,0.000000000000000000e+00
1.506869300911854115e+00,1.211794385359782691e-04,0.000000000000000000e+00,0.000000000000000000e+00
1.506686117189399488e+00,1.384419560366601009e-04,0.000000000000000000e+00,0.000000000000000000e+00
1.506502977999270687e+00,1.223870011580019228e-04,0.000000000000000000e+00,0.000000000000000000e+00
1.506319883325231146e+00,1.810326600200966524e-04,0.000000000000000000e+00,0.000000000000000000e+00
1.506136833151051402e+00,1.552974182541527618e-04,0.000000000000000000e+00,0.000000000000000000e+00
1.505953827460510430e+00,1.408432620347277713e-04,0.000000000000000000e+00,0.000000000000000000e+00
1.505770866237395200e+00,1.340345313154995156e-04,0.000000000000000000e+00,0.000000000000000000e+00
1.505587949465500452e+00,1.380991921860263505e-04,0.000000000000000000e+00,0.000000000000000000e+00
1.505405077128628921e+00,1.081641211839714980e-04,0.000000000000000000e+00,0.000000000000000000e+00
1.505222249210590446e+00,1.040491776955745559e-04,0.000000000000000000e+00,0.000000000000000000e+00
1.505039465695203527e+00,7.324435590536364400e-05,0.000000000000000000e+00,0.000000000000000000e+00
1.504856726566294434e+00,1.467845868076037659e-04,0.000000000000000000e+00,0.000000000000000000e+00
1.504674031807696988e+00,9.443375612548047388e-05,0.000000000000000000e+00,0.000000000000000000e+00
1.504491381403253447e+00,1.018124049116549395e-04,0.000000000000000000e+00,0.000000000000000000e+00
1.504308775336812953e+00,1.217899015345749346e-04,0.000000000000000000e+00,0.000000000000000000e+00
1.504126213592233086e+00,7.305455187162838808e-05,0.000000000000000000e+00,0.000000000000000000e+00
1.503943696153379417e+00,6.016331276284580046e-05,0.000000000000000000e+00,0.000000000000000000e+00
1.503761223004125291e+00,1.109784104709023514e-04,0.000000000000000000e+00,0.000000000000000000e+00
1.503578794128351603e+00,6.787219272505224266e-05,0.000000000000000000e+00,0.000000000000000000e+00
1.503396409509946796e+00,1.106658867187221285e-04,0.000000000000000000e+00,0.000000000000000000e+00
1.503214069132807973e+00,9.072017570792094941e-05,0.000000000000000000e+00,0.000000000000000000e+00
1.503031772980839342e+00,9.219213019034131016e-05,0.000000000000000000e+00,0.000000000000000000e+00
1.502849521037953329e+00,4.465212702854182494e-05,0.000000000000000000e+00,0.000000000000000000e+00
1.502667313288070128e+00,5.467958103293148100e-05,0.000000000000000000e+00,0.000000000000000000e+00
1.502485149715117041e+00,7.393831358739493854e-05,0.000000000000000000e+00,0.000000000000000000e+00
1.502303030303030473e+00,6.536319773101280112e-05,0.000000000000000000e+00,0.000000000000000000e+00
1.502120955035753269e+00,4.245038662771907258e-05,0.000000000000000000e+00,0.000000000000000000e+00
1.501938923897237155e+00,4.311920378293745623e-05,0.000000000000000000e+00,0.000000000000000000e+00
1.501756936871440962e+00,4.637493357230579229e-05,0.000000000000000000e+00,0.000000000000000000e+00
1.501574993942331071e+00,2.801767674643479682e-05,0.000000000000000000e+00,0.000000000000000000e+00
1.501393095093882524e+00,6.050663731936426794e-05,0.000000000000000000e+00,0.000000000000000000e+00
1.501211240310077688e+00,3.765251783467390197e-05,0.000000000000000000e+00,0.000000000000000000e+00
1.501029429574906260e+00,3.363306525707300109e-05,0.000000000000000000e+00,0.000000000000000000e+00
1.500847662872366373e+00,4.110455016979863967e-05,0.000000000000000000e+00,0.000000000000000000e+00
1.500665940186463487e+00,-7.154900177132154926e-06,0.000000000000000000e+00,0.000000000000000000e+00
1.500484261501210836e+00,7.312033503004394114e-06,0.000000000000000000e+00,0.000000000000000000e+00
1.500302626800629424e+00,2.993824520598873003e-05,0.000000000000000000e+00,0.000000000000000000e+00
1.500121036068748470e+00,-1.608011877534917030e-05,0.000000000000000000e+00,0.000000000000000000e+00
1.499939489289604522e+00,1.310008126579741573e-05,0.000000000000000000e+00,0.000000000000000000e+00
1.499757986447241231e+00,3.198438914508300313e-06,0.000000000000000000e+00,0.000000000000000000e+00
1.499576527525710912e+00,3.913910022435072942e-05,0.000000000000000000e+00,0.000000000000000000e+00
1.499395112509073424e+00,3.274971374870802587e-05,0.000000000000000000e+00,0.000000000000000000e+00
1.499213741381395959e+00,2.760580876070759231e-05,0.000000000000000000e+00,0.000000000000000000e+00
1.499032414126753920e+00,-3.717008296812309267e-05,0.000000000000000000e+00,0.000000000000000000e+00
1.498851130729229819e+00,1.766852795834547964e-05,0.000000000000000000e+00,0.000000000000000000e+00
1.498669891172914159e+00,3.559179775861878638e-05,0.000000000000000000e+00,0.000000000000000000e+00
1.498488695441905438e+00,3.694612291569655035e-06,0.000000000000000000e+00,0.000000000000000000e+00
1.498307543520309482e+00,2.883234731320685144e-05,0.000000000000000000e+00,0.000000000000000000e+00
1.498126435392240108e+00,2.904108595723877209e-05,0.000000000000000000e+00,0.000000000000000000e+00
1.497945371041817797e+00,3.905928299163314481e-05,0.000000000000000000e+00,0.000000000000000000e+00
1.497764350453172355e+00,2.331248734041693272e-05,0.000000000000000000e+00,0.000000000000000000e+00
1.497583373610439805e+00,4.581392799658269826e-05,0.000000000000000000e+00,0.000000000000000000e+00
1.497402440497764831e+00,-1.474896919041583133e-05,0.000000000000000000e+00,0.000000000000000000e+00
1.497221551099299441e+00,-1.312501135402276402e-05,0.000000000000000000e+00,0.000000000000000000e+00
1.497040705399202976e+00,2.888171893369287542e-05,0.000000000000000000e+00,0.000000000000000000e+00
1.496859903381642543e+00,5.406302305722846327e-05,0.000000000000000000e+00,0.000000000000000000e+00
1.496679145030793467e+00,-6.679087125238713282e-06,0.000000000000000000e+00,0.000000000000000000e+00
1.496498430330837959e+00,2.533462132277389560e-05,0.000000000000000000e+00,0.000000000000000000e+00
1.496317759265966663e+00,4.420941700700154429e-06,0.000000000000000000e+00,0.000000000000000000e+00
1.496137131820376887e+00,1.956795493946068831e-05,0.000000000000000000e+00,0.000000000000000000e+00
1.495956547978274154e+00,-1.790433779374827825e-05,0.000000000000000000e+00,0.000000000000000000e+00
1.495776007723871759e+00,3.772297661407461979e-05,0.000000000000000000e+00,0.000000000000000000e+00
1.495595511041390102e+00,1.723714136534198332e-05,0.000000000000000000e+00,0.000000000000000000e+00
1.495415057915058021e+00,-2.915362207557900672e-05,0.000000000000000000e+00,0.000000000000000000e+00
1.495234648329111016e+00,-2.229484958284576584e-05,0.000000000000000000e+00,0.000000000000000000e+00
1.495054282267792578e+00,-4.640588991723963112e-05,0.000000000000000000e+00,0.000000000000000000e+00
1.494873959715353973e+00,-1.829120307030517815e-06,0.000000000000000000e+00,0.000000000000000000e+00
1.494693680656054013e+00,-2.676325695431574971e-06,0.000000000000000000e+00,0.000000000000000000e+00
1.494513445074159064e+00,1.885106559520576680e-05,0.000000000000000000e+00,0.000000000000000000e+00
1.494333252953942814e+00,4.339271468407646668e-05,0.000000000000000000e+00,0.000000000000000000e+00
1.494153104279686728e+00,4.438695899602700373e-06,0.000000000000000000e+00,0.000000000000000000e+00
1.493972999035679816e+00,1.317727824504100718e-05,0.000000000000000000e+00,0.000000000000000000e+00
1.493792937206219085e+00,2.109224180200621390e-05,0.000000000000000000e+00,0.000000000000000000e+00
1.493612918775608867e+00,9.804533487659135554e-06,0.000000000000000000e+00,0.000000000000000000e+00
1.493432943728160156e+00,1.841549698128477170e-05,0.000000000000000000e+00,0.000000000000000000e+00
1.493253012048192829e+00,6.701837920081274609e-05,0.000000000000000000e+00,0.000000000000000000e+00
1.493073123720033868e+00,6.917103001340314545e-06,0.000000000000000000e+00,0.000000000000000000e+00
1.492893278728017359e+00,7.082464061233177503e-06,0.000000000000000000e+00,0.000000000000000000e+00
1.492713477056485827e+00,1.236151695481707384e-05,0.000000000000000000e+00,0.000000000000000000e+00
1.492533718689788236e+00,3.180432760090177828e-05,0.000000000000000000e+00,0.000000000000000000e+00
1.492354003612281765e+00,3.860335096864890136e-05,0.000000000000000000e+00,0.000000000000000000e+00
1.492174331808331367e+00,5.301809417132048079e-05,0.000000000000000000e+00,0.000000000000000000e+00
1.491994703262308875e+00,4.964552607781343597e-05,0.000000000000000000e+00,0.000000000000000000e+00
1.491815117958594339e+00,4.125677232332279403e-05,0.000000000000000000e+00,0.000000000000000000e+00
1.491635575881574249e+00,6.103645283894981299e-06,0.000000000000000000e+00,0.000000000000000000e+00
1.491456077015643977e+00,3.320292881299572460e-05,0.000000000000000000e+00,0.000000000000000000e+00
1.491276621345205111e+00,6.136909225681387060e-05,0.000000000000000000e+00,0.000000000000000000e+00
1.491097208854667899e+00,-1.278657523127822845e-05,0.000000000000000000e+00,0.000000000000000000e+00
1.490917839528449695e+00,-4.120097865186871664e-05,0.000000000000000000e+00,0.000000000000000000e+00
1.490738513350974515e+00,3.409457648655632965e-05,0.000000000000000000e+00,0.000000000000000000e+00
1.490559230306674809e+00,2.157410871091939696e-05,0.000000000000000000e+00,0.000000000000000000e+00
1.490379990379990360e+00,1.857355254887956214e-05,0.000000000000000000e+00,0.000000000000000000e+00
1.490200793555368497e+00,5.298727039965793191e-05,0.000000000000000000e+00,0.000000000000000000e+00
1.490021639817263877e+00,2.592510577315793930e-05,0.000000000000000000e+00,0.000000000000000000e+00
1.489842529150138484e+00,-9.180773606230497588e-06,0.000000000000000000e+00,0.000000000000000000e+00
1.489663461538461631e+00,4.428630959734021228e-05,0.000000000000000000e+00,0.000000000000000000e+00
1.489484436966710845e+00,5.215502538406151592e-05,0.000000000000000000e+00,0.000000000000000000e+00
1.489305455419370317e+00,1.260019787442044322e-05,0.000000000000000000e+00,0.000000000000000000e+00
1.489126516880932449e+00,2.014430105913334089e-05,0.000000000000000000e+00,0.000000000000000000e+00
1.488947621335896310e+00,2.388516266294826175e-05,0.000000000000000000e+00,0.000000000000000000e+00
1.488768768768768958e+00,3.270233120751945871e-05,0.000000000000000000e+00,0.000000000000000000e+00
1.488589959164064336e+00,5.002923917962702320e-06,0.000000000000000000e+00,0.000000000000000000e+00
1.488411192506304825e+00,2.324975094271528530e-05,0.000000000000000000e+00,0.000000000000000000e+00
1.488232468780019468e+00,4.040503101359008294e-05,0.000000000000000000e+00,0.000000000000000000e+00
1.488053787969744413e+00,5.337757836236392897e-05,0.000000000000000000e+00,0.000000000000000000e+00
1.487875150060024021e+00,4.569052786197937849e-05,0.000000000000000000e+00,0.000000000000000000e+00
1.487696555035409984e+00,-9.529785992653581439e-06,0.000000000000000000e+00,0.000000000000000000e+00
1.487518002880460877e+00,1.031430047418981024e-05,0.000000000000000000e+00,0.000000000000000000e+00
1.487339493579743488e+00,2.390875158649307655e-06,0.000000000000000000e+00,0.000000000000000000e+00
1.487161027117830825e+00,-1.958473970922047910e-05,0.000000000000000000e+00,0.000000000000000000e+00
1.486982603479304332e+00,-4.107695385382028122e-05,0.000000000000000000e+00,0.000000000000000000e+00
1.486804222648752560e+00,-2.054762637452050742e-05,0.000000000000000000e+00,0.000000000000000000e+00
1.486625884610771386e+00,7.775442037653066513e-05,0.000000000000000000e+00,0.000000000000000000e+00
1.486447589349964238e+00,-4.007968912936722521e-05,0.000000000000000000e+00,0.000000000000000000e+00
1.486269336850941425e+00,-1.462295615329326323e-05,0.000000000000000000e+00,0.000000000000000000e+00
1.486091127098321474e+00,3.522660563979710692e-05,0.000000000000000000e+00,0.000000000000000000e+00
1.485912960076729572e+00,8.776587593114239499e-06,0.000000000000000000e+00,0.000000000000000000e+00
1.485734835770798457e+00,2.265963318702857049e-06,0.000000000000000000e+00,0.000000000000000000e+00
1.485556754165168636e+00,1.427498477194949136e-05,0.000000000000000000e+00,0.000000000000000000e+00
1.485378715244487280e+00,-3.485832564413328901e-06,0.000000000000000000e+00,0.000000000000000000e+00
1.485200718993409330e+00,2.265792326760577695e-05,0.000000000000000000e+00,0.000000000000000000e+00
1.485022765396597277e+00,5.703620174446436962e-05,0.000000000000000000e+00,0.000000000000000000e+00
1.484844854438720496e+00,2.182334713706066123e-05,0.000000000000000000e+00,0.000000000000000000e+00
1.484666986104456354e+00,7.739497867687266785e-05,0.000000000000000000e+00,0.000000000000000000e+00
1.484489160378488659e+00,2.117283463168119820e-05,0.000000000000000000e+00,0.000000000000000000e+00
1.484311377245508989e+00,-6.122310339102316650e-06,0.000000000000000000e+00,0.000000000000000000e+00
1.484133636690216917e+00,3.073490688556252364e-05,0.000000000000000000e+00,0.000000000000000000e+00
1.483955938697318011e+00,2.549828588721370179e-05,0.000000000000000000e+00,0.000000000000000000e+00
1.483778283251526497e+00,3.219564758514997294e-05,0.000000000000000000e+00,0.000000000000000000e+00
1.483600670337563043e+00,1.930693123717987876e-05,0.000000000000000000e+00,0.000000000000000000e+00
1.483423099940155643e+00,1.281348584189430416e-06,0.000000000000000000e+00,0.000000000000000000e+00
1.483245572044040284e+00,6.503550765781955295e-05,0.000000000000000000e+00,0.000000000000000000e+00
1.483068086633959615e+00,6.804026385130913400e-05,0.000000000000000000e+00,0.000000000000000000e+00
1.482890643694664057e+00,-5.730053383302228533e-06,0.000000000000000000e+00,0.000000000000000000e+00
1.482713243210910470e+00,4.526487331800435805e-05,0.000000000000000000e+00,0.000000000000000000e+00
1.482535885167464151e+00,6.671390441129182577e-05,0.000000000000000000e+00,0.000000000000000000e+00
1.482358569549097060e+00,5.263183917245756128e-05,0.000000000000000000e+00,0.000000000000000000e+00
1.482181296340588483e+00,-3.207820242178500893e-05,0.000000000000000000e+00,0.000000000000000000e+00
1.482004065526725034e+00,2.788048113252188228e-05,0.000000000000000000e+00,0.000000000000000000e+00
1.481826877092300432e+00,6.155975648398275338e-05,0.000000000000000000e+00,0.000000000000000000e+00
1.481649731022116168e+00,3.770998470537420782e-05,0.000000000000000000e+00,0.000000000000000000e+00
1.481472627300980172e+00,6.503499631560781579e-05,0.000000000000000000e+00,0.000000000000000000e+00
1.481295565913708590e+00,4.801272320563047336e-05,0.000000000000000000e+00,0.000000000000000000e+00
1.481118546845124451e+00,-8.006872900152541212e-06,0.000000000000000000e+00,0.000000000000000000e+00
1.480941570080057446e+00,5.692284826291059158e-05,0.000000000000000000e+00,0.000000000000000000e+00
1.480764635603345480e+00,1.001484858246265582e-05,0.000000000000000000e+00,0.000000000000000000e+00
1.480587743399832901e+00,-1.338101307613530746e-05,0.000000000000000000e+00,0.000000000000000000e+00
1.480410893454371823e+00,1.117607826467200837e-05,0.000000000000000000e+00,0.000000000000000000e+00
1.480234085751821471e+00,8.386745776131008774e-05,0.000000000000000000e+00,0.000000000000000000e+00
1.480057320277048172e+00,-2.369128592259826110e-05,0.000000000000000000e+00,0.000000000000000000e+00
1.479880597014925581e+00,-2.272335094010200342e-05,0.000000000000000000e+00,0.000000000000000000e+00
1.479703915950334459e+00,6.682582048573221028e-05,0.000000000000000000e+00,0.000000000000000000e+00
1.479527277068162894e+00,5.393644297476779493e-05,0.000000000000000000e+00,0.000000000000000000e+00
1.479350680353306524e+00,6.644543854971980516e-05,0.000000000000000000e+00,0.000000000000000000e+00
1.479174125790667205e+00,1.175669625232235514e-04,0.000000000000000000e+00,0.000000000000000000e+00
1.478997613365155228e+00,5.221460412420527667e-05,0.000000000000000000e+00,0.000000000000000000e+00
1.478821143061687327e+00,7.530361027974674833e-05,0.000000000000000000e+00,0.000000000000000000e+00
1.478644714865187337e+00,4.857819761745909388e-05,0.000000000000000000e+00,0.000000000000000000e+00
1.478468328760587092e+00,7.044808542903697318e-05,0.000000000000000000e+00,0.000000000000000000e+00
1.478291984732824638e+00,-2.892596944477305925e-05,0.000000000000000000e+00,0.000000000000000000e+00
1.478115682766845573e+00,-2.217852878718865441e-05,0.000000000000000000e+00,0.000000000000000000e+00
1.477939422847603268e+00,5.016171686217471993e-05,0.000000000000000000e+00,0.000000000000000000e+00
1.477763204960057308e+00,-5.676482435492302865e-06,0.000000000000000000e+00,0.000000000000000000e+00
1.477587029089175275e+00,4.293761649569742718e-05,0.000000000000000000e+00,0.000000000000000000e+00
1.477410895219930964e+00,6.110431136099794130e-05,0.000000000000000000e+00,0.000000000000000000e+00
1.477234803337306390e+00,3.652150460849878282e-05,0.000000000000000000e+00,0.000000000000000000e+00
1.477058753426290227e+00,7.990565807974511769e-06,0.000000000000000000e+00,0.000000000000000000e+00
1.476882745471878033e+00,6.780236836868462147e-05,0.000000000000000000e+00,0.000000000000000000e+00
1.476706779459073138e+00,6.709162044450927165e-05,0.000000000000000000e+00,0.000000000000000000e+00
1.476530855372885531e+00,4.820175806471765564e-05,0.000000000000000000e+00,0.000000000000000000e+00
1.476354973198332532e+00,7.807093173771125286e-05,0.000000000000000000e+00,0.000000000000000000e+00
1.476179132920438342e+00,5.976883045984084271e-06,0.000000000000000000e+00,0.000000000000000000e+00
1.476003334524234933e+00,3.155127428821388313e-05,0.000000000000000000e+00,0.000000000000000000e+00
1.475827577994760942e+00,-5.992105222311515291e-06,0.000000000000000000e+00,0.000000000000000000e+00
1.475651863317061663e+00,6.508659592044467026e-05,0.000000000000000000e+00,0.000000000000000000e+00
1.475476190476190608e+00,5.001419372847567060e-05,0.000000000000000000e+00,0.000000000000000000e+00
