0.000000000000000000e+00,1.532340001256810469e+00,1.541190076430631661e+00
1.000000000000000056e-01,1.532340005780502556e+00,1.541190065819723953e+00
2.000000000000000111e-01,1.532340010321656232e+00,1.541190055171434370e+00
3.000000000000000444e-01,1.532340014889044699e+00,1.541190044466989928e+00
4.000000000000000222e-01,1.532340019491491345e+00,1.541190033687517946e+00
5.000000000000001110e-01,1.532340024137887946e+00,1.541190022814014071e+00
6.000000000000000888e-01,1.532340028837210655e+00,1.541190011827308082e+00
7.000000000000000666e-01,1.532340033598537987e+00,1.541190000708029695e+00
8.000000000000000444e-01,1.532340038431068363e+00,1.541189989436575924e+00
9.000000000000001332e-01,1.532340043344137648e+00,1.541189977993074223e+00
1.000000000000000222e+00,1.532340048347237360e+00,1.541189966357349617e+00
1.100000000000000089e+00,1.532340053450032880e+00,1.541189954508887849e+00
1.200000000000000178e+00,1.532340058662382321e+00,1.541189942426799853e+00
1.300000000000000266e+00,1.532340063994355406e+00,1.541189930089784443e+00
1.400000000000000133e+00,1.532340069456252785e+00,1.541189917476091020e+00
1.500000000000000000e+00,1.532340075058626461e+00,1.541189904563481372e+00
1.600000000000000089e+00,1.532340080812299332e+00,1.541189891329189932e+00
1.700000000000000178e+00,1.532340086728386730e+00,1.541189877749884696e+00
1.800000000000000266e+00,1.532340092818318400e+00,1.541189863801624371e+00
1.900000000000000355e+00,1.532340099093858932e+00,1.541189849459817962e+00
2.000000000000000444e+00,1.532340105567132182e+00,1.541189834699180583e+00
2.100000000000000089e+00,1.532340112250643926e+00,1.541189819493688384e+00
2.200000000000000178e+00,1.532340119157305613e+00,1.541189803816534143e+00
2.300000000000000266e+00,1.532340126300460348e+00,1.541189787640077968e+00
2.400000000000000355e+00,1.532340133693907758e+00,1.541189770935800674e+00
2.500000000000000444e+00,1.532340141351931528e+00,1.541189753674251817e+00
2.600000000000000533e+00,1.532340149289325604e+00,1.541189735824999074e+00
2.700000000000000622e+00,1.532340157521424606e+00,1.541189717356573174e+00
2.800000000000000266e+00,1.532340166064131814e+00,1.541189698236414163e+00
2.900000000000000355e+00,1.532340174933950694e+00,1.541189678430812560e+00
3.000000000000000000e+00,1.532340184148016871e+00,1.541189657904850074e+00
3.100000000000000089e+00,1.532340193724130994e+00,1.541189636622338988e+00
3.200000000000000178e+00,1.532340203680792712e+00,1.541189614545757758e+00
3.300000000000000266e+00,1.532340214037237525e+00,1.541189591636184630e+00
3.400000000000000355e+00,1.532340224813472762e+00,1.541189567853229025e+00
3.500000000000000444e+00,1.532340236030316882e+00,1.541189543154960928e+00
3.600000000000000533e+00,1.532340247709439884e+00,1.541189517497836725e+00
3.700000000000000178e+00,1.532340259873404165e+00,1.541189490836622156e+00
3.800000000000000711e+00,1.532340272545709148e+00,1.541189463124312375e+00
3.900000000000000799e+00,1.532340285750836584e+00,1.541189434312049800e+00
4.000000000000000888e+00,1.532340299514296955e+00,1.541189404349037506e+00
4.099999999999999645e+00,1.532340313862680103e+00,1.541189373182449751e+00
4.200000000000000178e+00,1.532340328823705411e+00,1.541189340757338933e+00
4.299999999999999822e+00,1.532340344426275536e+00,1.541189307016538557e+00
4.400000000000000355e+00,1.532340360700533477e+00,1.541189271900562430e+00
4.500000000000000000e+00,1.532340377677918752e+00,1.541189235347500075e+00
4.600000000000000533e+00,1.532340395391230237e+00,1.541189197292907265e+00
4.700000000000000178e+00,1.532340413874687890e+00,1.541189157669692555e+00
4.800000000000000711e+00,1.532340433163999593e+00,1.541189116407998938e+00
4.900000000000000355e+00,1.532340453296430205e+00,1.541189073435081047e+00
5.000000000000000888e+00,1.532340474310873280e+00,1.541189028675175710e+00
5.100000000000000533e+00,1.532340496247926565e+00,1.541188982049370271e+00
5.200000000000001066e+00,1.532340519149969715e+00,1.541188933475461820e+00
5.300000000000000711e+00,1.532340543061247340e+00,1.541188882867812859e+00
5.400000000000001243e+00,1.532340568027952932e+00,1.541188830137200760e+00
5.500000000000000888e+00,1.532340594098319464e+00,1.541188775190659666e+00
5.600000000000000533e+00,1.532340621322712204e+00,1.541188717931317287e+00
5.700000000000000178e+00,1.532340649753725526e+00,1.541188658258223265e+00
5.800000000000000711e+00,1.532340679446284826e+00,1.541188596066172201e+00
5.900000000000000355e+00,1.532340710457753108e+00,1.541188531245517801e+00
6.000000000000000000e+00,1.532340742848040671e+00,1.541188463681979037e+00
6.100000000000000533e+00,1.532340776679722349e+00,1.541188393256439193e+00
6.200000000000000178e+00,1.532340812018156972e+00,1.541188319844735810e+00
6.300000000000000711e+00,1.532340848931614596e+00,1.541188243317441753e+00
6.400000000000000355e+00,1.532340887491407733e+00,1.541188163539637168e+00
6.500000000000000888e+00,1.532340927772029460e+00,1.541188080370671010e+00
6.600000000000000533e+00,1.532340969851297752e+00,1.541187993663914124e+00
6.700000000000001066e+00,1.532341013810504915e+00,1.541187903266499459e+00
6.800000000000000711e+00,1.532341059734575461e+00,1.541187809019053612e+00
6.900000000000001243e+00,1.532341107712229089e+00,1.541187710755415496e+00
7.000000000000000888e+00,1.532341157836153656e+00,1.541187608302343026e+00
7.100000000000001421e+00,1.532341210203183035e+00,1.541187501479208466e+00
7.200000000000001066e+00,1.532341264914484302e+00,1.541187390097678911e+00
7.300000000000000711e+00,1.532341322075753354e+00,1.541187273961385662e+00
7.400000000000000355e+00,1.532341381797420077e+00,1.541187152865576504e+00
7.500000000000000888e+00,1.532341444194859292e+00,1.541187026596755771e+00
7.600000000000001421e+00,1.532341509388616352e+00,1.541186894932307538e+00
7.700000000000001066e+00,1.532341577504638286e+00,1.541186757640103044e+00
7.800000000000001599e+00,1.532341648674517609e+00,1.541186614478092354e+00
7.900000000000000355e+00,1.532341723035746561e+00,1.541186465193875810e+00
8.000000000000001776e+00,1.532341800731982673e+00,1.541186309524261056e+00
8.100000000000001421e+00,1.532341881913326542e+00,1.541186147194797407e+00
8.199999999999999289e+00,1.532341966736611161e+00,1.541185977919292682e+00
8.300000000000000711e+00,1.532342055365706113e+00,1.541185801399309385e+00
8.400000000000000355e+00,1.532342147971832658e+00,1.541185617323637125e+00
8.500000000000001776e+00,1.532342244733895464e+00,1.541185425367744388e+00
8.599999999999999645e+00,1.532342345838828335e+00,1.541185225193206998e+00
8.700000000000001066e+00,1.532342451481954360e+00,1.541185016447111256e+00
8.800000000000000711e+00,1.532342561867364283e+00,1.541184798761430885e+00
8.900000000000002132e+00,1.532342677208310633e+00,1.541184571752379107e+00
9.000000000000000000e+00,1.532342797727619166e+00,1.541184335019732288e+00
9.100000000000001421e+00,1.532342923658119638e+00,1.541184088146122955e+00
9.200000000000001066e+00,1.532343055243095886e+00,1.541183830696305268e+00
9.300000000000002487e+00,1.532343192736755455e+00,1.541183562216386971e+00
9.400000000000000355e+00,1.532343336404720535e+00,1.541183282233029805e+00
9.500000000000001776e+00,1.532343486524541554e+00,1.541182990252614182e+00
9.600000000000001421e+00,1.532343643386233412e+00,1.541182685760369209e+00
9.700000000000001066e+00,1.532343807292835480e+00,1.541182368219465859e+00
9.800000000000000711e+00,1.532343978560996911e+00,1.541182037070069510e+00
9.900000000000000355e+00,1.532344157521588812e+00,1.541181691728352954e+00
1.000000000000000178e+01,1.532344344520342849e+00,1.541181331585468328e+00
1.009999999999999964e+01,1.532344539918519821e+00,1.541180956006472202e+00
1.020000000000000107e+01,1.532344744093607325e+00,1.541180564329206915e+00
1.030000000000000071e+01,1.532344957440048949e+00,1.541180155863133283e+00
1.040000000000000213e+01,1.532345180370005888e+00,1.541179729888112693e+00
1.050000000000000000e+01,1.532345413314154081e+00,1.541179285653137887e+00
1.060000000000000142e+01,1.532345656722515770e+00,1.541178822375008473e+00
1.070000000000000107e+01,1.532345911065328581e+00,1.541178339236950690e+00
1.080000000000000249e+01,1.532346176833954576e+00,1.541177835387177009e+00
1.090000000000000036e+01,1.532346454541829051e+00,1.541177309937384221e+00
1.100000000000000178e+01,1.532346744725452403e+00,1.541176761961187802e+00
1.110000000000000142e+01,1.532347047945427532e+00,1.541176190492488551e+00
1.120000000000000107e+01,1.532347364787541188e+00,1.541175594523769288e+00
1.130000000000000071e+01,1.532347695863896853e+00,1.541174973004318494e+00
1.140000000000000036e+01,1.532348041814097561e+00,1.541174324838377574e+00
1.150000000000000178e+01,1.532348403306480478e+00,1.541173648883209735e+00
1.160000000000000142e+01,1.532348781039408081e+00,1.541172943947084706e+00
1.170000000000000107e+01,1.532349175742618641e+00,1.541172208787177977e+00
1.180000000000000071e+01,1.532349588178634647e+00,1.541171442107379441e+00
1.190000000000000213e+01,1.532350019144236297e+00,1.541170642556008552e+00
1.200000000000000000e+01,1.532350469472001375e+00,1.541169808723431123e+00
1.210000000000000142e+01,1.532350940031912634e+00,1.541168939139573979e+00
1.220000000000000107e+01,1.532351431733039338e+00,1.541168032271333477e+00
1.230000000000000249e+01,1.532351945525293191e+00,1.541167086519872553e+00
1.240000000000000036e+01,1.532352482401263760e+00,1.541166100217801427e+00
1.250000000000000178e+01,1.532353043398135162e+00,1.541165071626238614e+00
1.260000000000000142e+01,1.532353629599690903e+00,1.541163998931744938e+00
1.270000000000000284e+01,1.532354242138407097e+00,1.541162880243126088e+00
1.280000000000000071e+01,1.532354882197640267e+00,1.541161713588099058e+00
1.290000000000000036e+01,1.532355551013913075e+00,1.541160496909814048e+00
1.300000000000000178e+01,1.532356249879304189e+00,1.541159228063229358e+00
1.310000000000000142e+01,1.532356980143943614e+00,1.541157904811328194e+00
1.320000000000000107e+01,1.532357743218621060e+00,1.541156524821176044e+00
1.330000000000000071e+01,1.532358540577511752e+00,1.541155085659806856e+00
1.340000000000000213e+01,1.532359373761023935e+00,1.541153584789933806e+00
1.350000000000000178e+01,1.532360244378775382e+00,1.541152019565476206e+00
1.360000000000000142e+01,1.532361154112702462e+00,1.541150387226894125e+00
1.370000000000000107e+01,1.532362104720309537e+00,1.541148684896322951e+00
1.380000000000000249e+01,1.532363098038064253e+00,1.541146909572501000e+00
1.390000000000000036e+01,1.532364135984946030e+00,1.541145058125475975e+00
1.400000000000000178e+01,1.532365220566152431e+00,1.541143127291088710e+00
1.410000000000000142e+01,1.532366353876973175e+00,1.541141113665217555e+00
1.420000000000000284e+01,1.532367538106838234e+00,1.541139013697776727e+00
1.430000000000000071e+01,1.532368775543547779e+00,1.541136823686457547e+00
1.440000000000000213e+01,1.532370068577691535e+00,1.541134539770201206e+00
1.450000000000000178e+01,1.532371419707266869e+00,1.541132157922391555e+00
1.460000000000000142e+01,1.532372831542505809e+00,1.541129673943756107e+00
1.470000000000000107e+01,1.532374306810916131e+00,1.541127083454961966e+00
1.480000000000000071e+01,1.532375848362552029e+00,1.541124381888896444e+00
1.490000000000000213e+01,1.532377459175519263e+00,1.541121564482613282e+00
1.500000000000000178e+01,1.532379142361728785e+00,1.541118626268936920e+00
1.510000000000000142e+01,1.532380901172908594e+00,1.541115562067703726e+00
1.520000000000000284e+01,1.532382739006885375e+00,1.541112366476631079e+00
1.530000000000000071e+01,1.532384659414149697e+00,1.541109033861791211e+00
1.540000000000000213e+01,1.532386666104713857e+00,1.541105558347679150e+00
1.550000000000000178e+01,1.532388762955280370e+00,1.541101933806854563e+00
1.560000000000000320e+01,1.532390954016730200e+00,1.541098153849137731e+00
1.570000000000000107e+01,1.532393243521950277e+00,1.541094211810344561e+00
1.580000000000000071e+01,1.532395635894008512e+00,1.541090100740536428e+00
1.590000000000000213e+01,1.532398135754701407e+00,1.541085813391768200e+00
1.600000000000000355e+01,1.532400747933480689e+00,1.541081342205309124e+00
1.610000000000000142e+01,1.532403477476784071e+00,1.541076679298316598e+00
1.620000000000000284e+01,1.532406329657785227e+00,1.541071816449939291e+00
1.630000000000000426e+01,1.532409309986578982e+00,1.541066745086822509e+00
1.639999999999999858e+01,1.532412424220828573e+00,1.541061456267993401e+00
1.650000000000000000e+01,1.532415678376886969e+00,1.541055940669098234e+00
1.660000000000000142e+01,1.532419078741420693e+00,1.541050188565962653e+00
1.670000000000000284e+01,1.532422631883554320e+00,1.541044189817447840e+00
1.680000000000000071e+01,1.532426344667562335e+00,1.541037933847571706e+00
1.690000000000000213e+01,1.532430224266129182e+00,1.541031409626862470e+00
1.700000000000000355e+01,1.532434278174206410e+00,1.541024605652913770e+00
1.710000000000000142e+01,1.532438514223492199e+00,1.541017509930105778e+00
1.719999999999999929e+01,1.532442940597561032e+00,1.541010109948455886e+00
1.730000000000000071e+01,1.532447565847673721e+00,1.541002392661563691e+00
1.740000000000000213e+01,1.532452398909297742e+00,1.540994344463609833e+00
1.750000000000000355e+01,1.532457449119368542e+00,1.540985951165368073e+00
1.760000000000000142e+01,1.532462726234328887e+00,1.540977197969189749e+00
1.770000000000000284e+01,1.532468240448976005e+00,1.540968069442914645e+00
1.780000000000000426e+01,1.532474002416157388e+00,1.540958549492663865e+00
1.789999999999999858e+01,1.532480023267350777e+00,1.540948621334465862e+00
1.800000000000000000e+01,1.532486314634168734e+00,1.540938267464665445e+00
1.810000000000000142e+01,1.532492888670830222e+00,1.540927469629064461e+00
1.820000000000000284e+01,1.532499758077640717e+00,1.540916208790739095e+00
1.830000000000000071e+01,1.532506936125527686e+00,1.540904465096477383e+00
1.840000000000000213e+01,1.532514436681678749e+00,1.540892217841776990e+00
1.850000000000000355e+01,1.532522274236331361e+00,1.540879445434342854e+00
1.860000000000000497e+01,1.532530463930767084e+00,1.540866125356018745e+00
1.869999999999999929e+01,1.532539021586561745e+00,1.540852234123087694e+00
1.880000000000000071e+01,1.532547963736151431e+00,1.540837747244869327e+00
1.890000000000000213e+01,1.532557307654771606e+00,1.540822639180541742e+00
1.900000000000000355e+01,1.532567071393830638e+00,1.540806883294112417e+00
1.910000000000000142e+01,1.532577273815782792e+00,1.540790451807457995e+00
1.920000000000000284e+01,1.532587934630569082e+00,1.540773315751350570e+00
1.930000000000000426e+01,1.532599074433694364e+00,1.540755444914384764e+00
1.940000000000000213e+01,1.532610714746015734e+00,1.540736807789712559e+00
1.950000000000000000e+01,1.532622878055317273e+00,1.540717371519497281e+00
1.960000000000000142e+01,1.532635587859755955e+00,1.540697101836983274e+00
1.970000000000000284e+01,1.532648868713255563e+00,1.540675963006082672e+00
1.980000000000000071e+01,1.532662746272943854e+00,1.540653917758372016e+00
1.990000000000000213e+01,1.532677247348717575e+00,1.540630927227386149e+00
2.000000000000000355e+01,1.532692399955037033e+00,1.540606950880095916e+00
2.010000000000000497e+01,1.532708233365047468e+00,1.540581946445447103e+00
2.019999999999999929e+01,1.532724778167130486e+00,1.540555869839834946e+00
2.030000000000000071e+01,1.532742066323997454e+00,1.540528675089383848e+00
2.040000000000000213e+01,1.532760131234438994e+00,1.540500314248893332e+00
2.050000000000000355e+01,1.532779007797846482e+00,1.540470737317309657e+00
2.060000000000000142e+01,1.532798732481634341e+00,1.540439892149572554e+00
2.070000000000000284e+01,1.532819343391691014e+00,1.540407724364680986e+00
2.080000000000000426e+01,1.532840880345995416e+00,1.540374177249818954e+00
2.090000000000000213e+01,1.532863384951540064e+00,1.540339191660367479e+00
2.100000000000000000e+01,1.532886900684712339e+00,1.540302705915632231e+00
2.110000000000000142e+01,1.532911472975284850e+00,1.540264655690097850e+00
2.120000000000000284e+01,1.532937149294181900e+00,1.540224973900020222e+00
2.130000000000000071e+01,1.532963979245186570e+00,1.540183590585155304e+00
2.140000000000000213e+01,1.532992014660770952e+00,1.540140432785417568e+00
2.150000000000000355e+01,1.533021309702230051e+00,1.540095424412249114e+00
2.160000000000000497e+01,1.533051920964315640e+00,1.540048486114472093e+00
2.169999999999999929e+01,1.533083907584570804e+00,1.539999535138391495e+00
2.180000000000000071e+01,1.533117331357576996e+00,1.539948485181897420e+00
2.190000000000000213e+01,1.533152256854334983e+00,1.539895246242310556e+00
2.200000000000000355e+01,1.533188751547007511e+00,1.539839724457706671e+00
2.210000000000000142e+01,1.533226885939269479e+00,1.539781821941432982e+00
2.220000000000000284e+01,1.533266733702512097e+00,1.539721436609532645e+00
2.230000000000000426e+01,1.533308371818167926e+00,1.539658462000766059e+00
2.240000000000000213e+01,1.533351880726431249e+00,1.539592787088917891e+00
2.250000000000000000e+01,1.533397344481658431e+00,1.539524296087052990e+00
2.260000000000000142e+01,1.533444850914752466e+00,1.539452868243381234e+00
2.270000000000000284e+01,1.533494491802841475e+00,1.539378377628367600e+00
2.280000000000000071e+01,1.533546363046583316e+00,1.539300692912715540e+00
2.290000000000000213e+01,1.533600564855433390e+00,1.539219677135828190e+00
2.300000000000000355e+01,1.533657201941239334e+00,1.539135187464342858e+00
2.310000000000000497e+01,1.533716383720532095e+00,1.539047074940311788e+00
2.320000000000000284e+01,1.533778224525906175e+00,1.538955184218584016e+00
2.330000000000000071e+01,1.533842843826898283e+00,1.538859353292927334e+00
2.340000000000000213e+01,1.533910366460788266e+00,1.538759413210405880e+00
2.350000000000000355e+01,1.533980922873771746e+00,1.538655187773511512e+00
2.360000000000000142e+01,1.534054649372966539e+00,1.538546493229520751e+00
2.370000000000000284e+01,1.534131688389743342e+00,1.538433137946534579e+00
2.380000000000000426e+01,1.534212188754887851e+00,1.538314922075624258e+00
2.390000000000000568e+01,1.534296305986123876e+00,1.538191637198491390e+00
2.400000000000000000e+01,1.534384202588557455e+00,1.538063065960020515e+00
2.410000000000000142e+01,1.534476048368618173e+00,1.537928981685074747e+00
2.420000000000000284e+01,1.534572020762105860e+00,1.537789147978860571e+00
2.430000000000000071e+01,1.534672305176977281e+00,1.537643318310156548e+00
2.440000000000000213e+01,1.534777095351533172e+00,1.537491235576670334e+00
2.450000000000000355e+01,1.534886593728699733e+00,1.537332631651760151e+00
2.460000000000000497e+01,1.535001011847125119e+00,1.537167226911718254e+00
2.470000000000000284e+01,1.535120570749848534e+00,1.536994729742786392e+00
2.480000000000000071e+01,1.535245501411331093e+00,1.536814836027030617e+00
2.490000000000000213e+01,1.535376045183672655e+00,1.536627228606173068e+00
2.500000000000000355e+01,1.535512454262876414e+00,1.536431576722430359e+00
2.510000000000000142e+01,1.535654992176064715e+00,1.536227535435378488e+00
2.520000000000000284e+01,1.535803934290583150e+00,1.536014745013811744e+00
2.530000000000000426e+01,1.535959568345979687e+00,1.535792830301524914e+00
2.540000000000000568e+01,1.536122195009885338e+00,1.535561400055901027e+00
2.550000000000000000e+01,1.536292128458870865e+00,1.535320046258138893e+00
2.560000000000000142e+01,1.536469696985400368e+00,1.535068343393902746e+00
2.570000000000000284e+01,1.536655243632056411e+00,1.534805847703127446e+00
2.580000000000000071e+01,1.536849126854258785e+00,1.534532096397654755e+00
2.590000000000000213e+01,1.537051721212761901e+00,1.534246606845323990e+00
2.600000000000000355e+01,1.537263418097263079e+00,1.533948875719076232e+00
2.610000000000000497e+01,1.537484626482524375e+00,1.533638378109572598e+00
2.620000000000000284e+01,1.537715773718466128e+00,1.533314566599762507e+00
2.630000000000000071e+01,1.537957306355759890e+00,1.532976870299771033e+00
2.640000000000000213e+01,1.538209691008513236e+00,1.532624693840400898e+00
2.650000000000000355e+01,1.538473415255717125e+00,1.532257416323478783e+00
2.660000000000000142e+01,1.538748988583193977e+00,1.531874390227191851e+00
2.670000000000000284e+01,1.539036943367866783e+00,1.531474940264486717e+00
2.680000000000000426e+01,1.539337835906253504e+00,1.531058362192516897e+00
2.690000000000000568e+01,1.539652247489167625e+00,1.530623921571040658e+00
2.700000000000000355e+01,1.539980785524709184e+00,1.530170852467579667e+00
2.710000000000000142e+01,1.540324084711708341e+00,1.529698356107056290e+00
2.720000000000000284e+01,1.540682808265892989e+00,1.529205599463526966e+00
2.730000000000000071e+01,1.541057649201147406e+00,1.528691713791533013e+00
2.740000000000000213e+01,1.541449331668338418e+00,1.528155793094473358e+00
2.750000000000000355e+01,1.541858612354293223e+00,1.527596892527305128e+00
2.760000000000000497e+01,1.542286281943634041e+00,1.527014026730751706e+00
2.770000000000000284e+01,1.542733166646293341e+00,1.526406168094083027e+00
2.780000000000000071e+01,1.543200129793657949e+00,1.525772244943406797e+00
2.790000000000000213e+01,1.543688073506430669e+00,1.525111139652271630e+00
2.800000000000000355e+01,1.544197940437425309e+00,1.524421686671258769e+00
2.810000000000000142e+01,1.544730715592667503e+00,1.523702670473080056e+00
2.820000000000000284e+01,1.545287428234316307e+00,1.522952823409565948e+00
2.830000000000000426e+01,1.545869153869083634e+00,1.522170823476761470e+00
2.840000000000000568e+01,1.546477016325993992e+00,1.521355291984192393e+00
2.850000000000000355e+01,1.547112189927495551e+00,1.520504791124189792e+00
2.860000000000000142e+01,1.547775901758120964e+00,1.519617821436989979e+00
2.870000000000000284e+01,1.548469434035078196e+00,1.518692819167140717e+00
2.880000000000000426e+01,1.549194126585349718e+00,1.517728153506549882e+00
2.890000000000000213e+01,1.549951379434089782e+00,1.516722123719320026e+00
2.900000000000000355e+01,1.550742655509316670e+00,1.515672956143298222e+00
2.910000000000000497e+01,1.551569483468126398e+00,1.514578801063052760e+00
2.920000000000000284e+01,1.552433460649887298e+00,1.513437729448767088e+00
2.930000000000000071e+01,1.553336256162122009e+00,1.512247729555300291e+00
2.940000000000000213e+01,1.554279614105036789e+00,1.511006703375415983e+00
2.950000000000000355e+01,1.555265356940928267e+00,1.509712462940929978e+00
2.960000000000000142e+01,1.556295389014977770e+00,1.508362726465254156e+00
2.970000000000000284e+01,1.557371700234232881e+00,1.506955114320534417e+00
2.980000000000000426e+01,1.558496369911887225e+00,1.505487144842291958e+00
2.990000000000000213e+01,1.559671570784280092e+00,1.503956229954170443e+00
3.000000000000000355e+01,1.560847243559627451e+00,1.502427705804612268e+00
3.010000000000000142e+01,1.561962914986578355e+00,1.500983635815398731e+00
3.020000000000000284e+01,1.563070614471070430e+00,1.499556596465839498e+00
3.030000000000000426e+01,1.564170043915647845e+00,1.498147192220944612e+00
3.040000000000000568e+01,1.565260907448438932e+00,1.496756020075850291e+00
3.050000000000000000e+01,1.566342911502778712e+00,1.495383669302944307e+00
3.060000000000000142e+01,1.567415764896212371e+00,1.494030721202261436e+00
3.070000000000000284e+01,1.568479178908855687e+00,1.492697748855257300e+00
3.080000000000000426e+01,1.569532867361094208e+00,1.491385316882061884e+00
3.090000000000000213e+01,1.570576546690598541e+00,1.490093981202318174e+00
3.100000000000000355e+01,1.571609936028633747e+00,1.488824288799706075e+00
3.110000000000000497e+01,1.572632757275646442e+00,1.487576777490250857e+00
3.120000000000000639e+01,1.573644735176104481e+00,1.486351975694515382e+00
3.130000000000000071e+01,1.574645597392571927e+00,1.485150402213772036e+00
3.140000000000000213e+01,1.575635074578999761e+00,1.483972566010247851e+00
3.150000000000000355e+01,1.576612900453209676e+00,1.482818965991540061e+00
3.160000000000000142e+01,1.577578811868554531e+00,1.481690090799287596e+00
3.170000000000000284e+01,1.578532548884736153e+00,1.480586418602193310e+00
3.180000000000000426e+01,1.579473854837756264e+00,1.479508416893481115e+00
3.190000000000000568e+01,1.580402476408991008e+00,1.478456542292874376e+00
3.200000000000000711e+01,1.581318163693361534e+00,1.477431240353182629e+00
3.210000000000000142e+01,1.582220670266585749e+00,1.476432945371572991e+00
3.220000000000000284e+01,1.583109753251496610e+00,1.475462080205611981e+00
3.230000000000000426e+01,1.583985173383402500e+00,1.474519056094150571e+00
3.240000000000000568e+01,1.584846695074477285e+00,1.473604272483131528e+00
3.250000000000000711e+01,1.585694086477159814e+00,1.472718116856393422e+00
3.260000000000000853e+01,1.586527119546547349e+00,1.471860964571539476e+00
3.270000000000000284e+01,1.587345570101766468e+00,1.471033178700943855e+00
3.279999999999999716e+01,1.588149217886302145e+00,1.470235109877961133e+00
3.289999999999999858e+01,1.588937846627272332e+00,1.469467096148405982e+00
3.300000000000000000e+01,1.589711244093630960e+00,1.468729462827362831e+00
3.310000000000000142e+01,1.590469202153280248e+00,1.468022522361389859e+00
3.320000000000000284e+01,1.591211516829084127e+00,1.467346574196171982e+00
3.330000000000000426e+01,1.591937988353759659e+00,1.466701904649682975e+00
3.340000000000000568e+01,1.592648421223638255e+00,1.466088786790905596e+00
3.350000000000000711e+01,1.593342624251278261e+00,1.465507480324166112e+00
3.360000000000000142e+01,1.594020410616915573e+00,1.464958231479128292e+00
3.370000000000000284e+01,1.594681597918740312e+00,1.464441272906495728e+00
3.380000000000000426e+01,1.595326008221983116e+00,1.463956823579465549e+00
3.390000000000000568e+01,1.595953468106799944e+00,1.463505088700975731e+00
3.400000000000000711e+01,1.596563808714942301e+00,1.463086259616785734e+00
3.410000000000000853e+01,1.597156865795198666e+00,1.462700513734426000e+00
3.420000000000000284e+01,1.597732479747596912e+00,1.462348014448051181e+00
3.429999999999999716e+01,1.598290495666355726e+00,1.462028911069230386e+00
3.439999999999999858e+01,1.598830763381570597e+00,1.461743338763702660e+00
3.450000000000000000e+01,1.599353137499627708e+00,1.461491418494120564e+00
3.460000000000000142e+01,1.599857477442331088e+00,1.461273256968816714e+00
3.470000000000000284e+01,1.600343647484733456e+00,1.461088946596600824e+00
3.480000000000000426e+01,1.600811516791663447e+00,1.460938565447619464e+00
3.490000000000000568e+01,1.601260959452933008e+00,1.460822177220286733e+00
3.500000000000000711e+01,1.601691854517223401e+00,1.460739831214301176e+00
3.510000000000000142e+01,1.602104086024633833e+00,1.460691562309766489e+00
3.520000000000000284e+01,1.602497543037888272e+00,1.460677390952414223e+00
3.530000000000000426e+01,1.602872119672190232e+00,1.460697323144944715e+00
3.540000000000000568e+01,1.603227715123717756e+00,1.460751350444484231e+00
3.550000000000000711e+01,1.603564233696751273e+00,1.460839449966161219e+00
3.560000000000000853e+01,1.603881584829426776e+00,1.460961584392800328e+00
3.570000000000000995e+01,1.604179683118106325e+00,1.461117701990727991e+00
3.579999999999999716e+01,1.604458448340363219e+00,1.461307736631686671e+00
3.589999999999999858e+01,1.604717805476568948e+00,1.461531607820845569e+00
3.600000000000000000e+01,1.604957684730083489e+00,1.461789220730896455e+00
3.610000000000000142e+01,1.605178021546037836e+00,1.462080466242219989e+00
3.620000000000000284e+01,1.605378756628706771e+00,1.462405220989107191e+00
3.630000000000000426e+01,1.605559835957466319e+00,1.462763347412014747e+00
3.640000000000000568e+01,1.605721210801331456e+00,1.463154693815832186e+00
3.650000000000000711e+01,1.605862837732069615e+00,1.463579094434137140e+00
3.660000000000000142e+01,1.605984678635889340e+00,1.464036369499409629e+00
3.670000000000000284e+01,1.606086700723695637e+00,1.464526325319179811e+00
3.680000000000000426e+01,1.606168876539914914e+00,1.465048754358070138e+00
3.690000000000000568e+01,1.606231183969883292e+00,1.465603435325704584e+00
3.700000000000000711e+01,1.606273606245798291e+00,1.466190133270442786e+00
3.710000000000000853e+01,1.606296131951230777e+00,1.466808599678899538e+00
3.720000000000000995e+01,1.606298755024197611e+00,1.467458572581211262e+00
3.730000000000000426e+01,1.606281474758793237e+00,1.468139776662000573e+00
3.739999999999999858e+01,1.606244295805379307e+00,1.468851923376994772e+00
3.750000000000000000e+01,1.606187228169333236e+00,1.469594711075246529e+00
3.760000000000000142e+01,1.606110287208355691e+00,1.470367825126908112e+00
3.770000000000000284e+01,1.606013493628337452e+00,1.471170938056501676e+00
3.780000000000000426e+01,1.605896873477787423e+00,1.472003709681631189e+00
3.790000000000000568e+01,1.605760458140822688e+00,1.472865787257076509e+00
3.800000000000000711e+01,1.605604284328722153e+00,1.473756805624210742e+00
3.810000000000000142e+01,1.605428394070047560e+00,1.474676387365672081e+00
3.820000000000000284e+01,1.605232834699332312e+00,1.475624142965231034e+00
3.830000000000000426e+01,1.605017658844343886e+00,1.476599670972781775e+00
3.840000000000000568e+01,1.604782924411920719e+00,1.477602558174387681e+00
3.850000000000000711e+01,1.604528694572388003e+00,1.478632379767311544e+00
3.860000000000000853e+01,1.604255037742558843e+00,1.479688699539951857e+00
3.870000000000000995e+01,1.603962027567321202e+00,1.480771070056614569e+00
3.880000000000000426e+01,1.603649742899819763e+00,1.481879032847037259e+00
3.889999999999999858e+01,1.603318267780235340e+00,1.483012118600587570e+00
3.900000000000000000e+01,1.602967691413167639e+00,1.484169847365054196e+00
3.910000000000000142e+01,1.602598108143631128e+00,1.485351728749944922e+00
3.920000000000000284e+01,1.602209617431662458e+00,1.486557262134205359e+00
3.930000000000000426e+01,1.601802323825557428e+00,1.487785936878273318e+00
3.940000000000000568e+01,1.601376336933733047e+00,1.489037232540374012e+00
3.950000000000000711e+01,1.600931771395232461e+00,1.490310619096969491e+00
3.960000000000000142e+01,1.600468746848872303e+00,1.491605557167265061e+00
3.970000000000000284e+01,1.599987387901047553e+00,1.492921498241681855e+00
3.980000000000000426e+01,1.599487824092197030e+00,1.494257884914191870e+00
3.990000000000000568e+01,1.598970189861942615e+00,1.495614151118425772e+00
4.000000000000000711e+01,1.598434624512910851e+00,1.496989722367447095e+00
4.010000000000000853e+01,1.597881272173242495e+00,1.498384015997091812e+00
4.020000000000000995e+01,1.597310281757807537e+00,1.499796441412774906e+00
4.030000000000000426e+01,1.596721806928129261e+00,1.501226400339652933e+00
4.039999999999999858e+01,1.596116006051031100e+00,1.502673287076042197e+00
4.050000000000000000e+01,1.595493042156019836e+00,1.504136488749980627e+00
4.060000000000000142e+01,1.594853082891410256e+00,1.505615385578828791e+00
4.070000000000000284e+01,1.594196300479209016e+00,1.507109351131797226e+00
4.080000000000000426e+01,1.593522871668768159e+00,1.508617752595289740e+00
4.090000000000000568e+01,1.592832977689218499e+00,1.510139951040949668e+00
4.100000000000000711e+01,1.592126804200698853e+00,1.511675301696298490e+00
4.110000000000000142e+01,1.591404541244391568e+00,1.513223154217846922e+00
4.120000000000000284e+01,1.590666383191380762e+00,1.514782852966569004e+00
4.130000000000000426e+01,1.589912528690343496e+00,1.516353737285615288e+00
4.140000000000000568e+01,1.589143180614091211e+00,1.517935141780155650e+00
4.150000000000000711e+01,1.588358546004973393e+00,1.519526396599226503e+00
4.160000000000000853e+01,1.587558836019160147e+00,1.521126827719465613e+00
4.170000000000000995e+01,1.586744265869816095e+00,1.522735757230615272e+00
4.180000000000000426e+01,1.585915054769184485e+00,1.524352503622671051e+00
4.189999999999999858e+01,1.585032126386693774e+00,1.526052028586289966e+00
4.200000000000000000e+01,1.584211693836997670e+00,1.527800511188545318e+00
4.210000000000000142e+01,1.583491471618845070e+00,1.529525387547518545e+00
4.220000000000000284e+01,1.582870068343264158e+00,1.531229698674476225e+00
4.230000000000000426e+01,1.582346283528455855e+00,1.532916449323533437e+00
4.240000000000000568e+01,1.581919105280595428e+00,1.534588613289130876e+00
4.250000000000000711e+01,1.581587708338968001e+00,1.536249138648927204e+00
4.260000000000000142e+01,1.581351452481655651e+00,1.537900952961353429e+00
4.270000000000000284e+01,1.581209881288700991e+00,1.539546968426989793e+00
4.280000000000000426e+01,1.581162721260353621e+00,1.541190087022867861e+00
4.290000000000000568e+01,1.581209881288700547e+00,1.542833205618745707e+00
4.300000000000000711e+01,1.581351452481655206e+00,1.544479221084382070e+00
4.310000000000000853e+01,1.581587708338967113e+00,1.546131035396808517e+00
4.320000000000000995e+01,1.581919105280594096e+00,1.547791560756604845e+00
4.330000000000000426e+01,1.582346283528454078e+00,1.549463724722202285e+00
4.339999999999999858e+01,1.582870068343262160e+00,1.551150475371259496e+00
4.350000000000000000e+01,1.583491471618842628e+00,1.552854786498217177e+00
4.360000000000000142e+01,1.584211693836995227e+00,1.554579662857190625e+00
4.370000000000000284e+01,1.585032126386690887e+00,1.556328145459446199e+00
4.380000000000000426e+01,1.585915054769181154e+00,1.558027670423065114e+00
4.390000000000000568e+01,1.586744265869812542e+00,1.559644416815121115e+00
4.400000000000000711e+01,1.587558836019156150e+00,1.561253346326270774e+00
4.410000000000000142e+01,1.588358546004969396e+00,1.562853777446509884e+00
4.420000000000000284e+01,1.589143180614086770e+00,1.564445032265580737e+00
4.430000000000000426e+01,1.589912528690338833e+00,1.566026436760121543e+00
4.440000000000000568e+01,1.590666383191375655e+00,1.567597321079167827e+00
4.450000000000000711e+01,1.591404541244386239e+00,1.569157019827889910e+00
4.460000000000000853e+01,1.592126804200693302e+00,1.570704872349438563e+00
4.470000000000000995e+01,1.592832977689212726e+00,1.572240223004787385e+00
4.480000000000000426e+01,1.593522871668761942e+00,1.573762421450447313e+00
4.490000000000000568e+01,1.594196300479202577e+00,1.575270822913939828e+00
4.500000000000000000e+01,1.594853082891403373e+00,1.576764788466908485e+00
4.510000000000000142e+01,1.595493042156012953e+00,1.578243685295756871e+00
4.520000000000000284e+01,1.596116006051023994e+00,1.579706886969695301e+00
4.530000000000000426e+01,1.596721806928121712e+00,1.581153773706084564e+00
4.540000000000000568e+01,1.597310281757799988e+00,1.582583732632962814e+00
4.550000000000000711e+01,1.597881272173234724e+00,1.583996158048646130e+00
4.560000000000000142e+01,1.598434624512902635e+00,1.585390451678291068e+00
4.570000000000000284e+01,1.598970189861934177e+00,1.586766022927312392e+00
4.580000000000000426e+01,1.599487824092188371e+00,1.588122289131546294e+00
4.590000000000000568e+01,1.599987387901038671e+00,1.589458675804056531e+00
4.600000000000000711e+01,1.600468746848863422e+00,1.590774616878473102e+00
4.610000000000000853e+01,1.600931771395223358e+00,1.592069554948769117e+00
4.620000000000000995e+01,1.601376336933723499e+00,1.593342941505364596e+00
4.630000000000001137e+01,1.601802323825547658e+00,1.594594237167465289e+00
4.640000000000000568e+01,1.602209617431652688e+00,1.595822911911533470e+00
4.650000000000000000e+01,1.602598108143621136e+00,1.597028445295793908e+00
4.660000000000000142e+01,1.602967691413157869e+00,1.598210326680684856e+00
4.670000000000000284e+01,1.603318267780224904e+00,1.599368055445151482e+00
4.680000000000000426e+01,1.603649742899809327e+00,1.600501141198701793e+00
4.690000000000000568e+01,1.603962027567310766e+00,1.601609103989124483e+00
4.700000000000000711e+01,1.604255037742548184e+00,1.602691474505787417e+00
4.710000000000000142e+01,1.604528694572377345e+00,1.603747794278427952e+00
4.720000000000000284e+01,1.604782924411909617e+00,1.604777615871351815e+00
4.730000000000000426e+01,1.605017658844332784e+00,1.605780503072957721e+00
4.740000000000000568e+01,1.605232834699320987e+00,1.606756031080508684e+00
4.750000000000000711e+01,1.605428394070036013e+00,1.607703786680067859e+00
4.760000000000000853e+01,1.605604284328710607e+00,1.608623368421528976e+00
4.770000000000000995e+01,1.605760458140810920e+00,1.609514386788663431e+00
4.780000000000001137e+01,1.605896873477775655e+00,1.610376464364108973e+00
4.790000000000000568e+01,1.606013493628325683e+00,1.611209235989238486e+00
4.800000000000000000e+01,1.606110287208343701e+00,1.612012348918832050e+00
4.810000000000000142e+01,1.606187228169321246e+00,1.612785462970493633e+00
4.820000000000000284e+01,1.606244295805367317e+00,1.613528250668745390e+00
4.830000000000000426e+01,1.606281474758781025e+00,1.614240397383739811e+00
4.840000000000000568e+01,1.606298755024185176e+00,1.614921601464529122e+00
4.850000000000000711e+01,1.606296131951218342e+00,1.615571574366840846e+00
4.860000000000000142e+01,1.606273606245785857e+00,1.616190040775297820e+00
4.870000000000000284e+01,1.606231183969871079e+00,1.616776738720035800e+00
4.880000000000000426e+01,1.606168876539902701e+00,1.617331419687670468e+00
4.890000000000000568e+01,1.606086700723683203e+00,1.617853848726561017e+00
4.900000000000000711e+01,1.605984678635876906e+00,1.618343804546330977e+00
4.910000000000000853e+01,1.605862837732056958e+00,1.618801079611603466e+00
4.920000000000000995e+01,1.605721210801318799e+00,1.619225480229908198e+00
4.930000000000001137e+01,1.605559835957453663e+00,1.619616826633725859e+00
4.940000000000000568e+01,1.605378756628694115e+00,1.619974953056633638e+00
4.950000000000000000e+01,1.605178021546025180e+00,1.620299707803520839e+00
4.960000000000000142e+01,1.604957684730071055e+00,1.620590953314844374e+00
4.970000000000000284e+01,1.604717805476556514e+00,1.620848566224895038e+00
4.980000000000000426e+01,1.604458448340350785e+00,1.621072437414054157e+00
4.990000000000000568e+01,1.604179683118093891e+00,1.621262472055012838e+00
5.000000000000000711e+01,1.603881584829414120e+00,1.621418589652940501e+00
5.010000000000000142e+01,1.603564233696738839e+00,1.621540724079579388e+00
5.020000000000000284e+01,1.603227715123705099e+00,1.621628823601256597e+00
5.030000000000000426e+01,1.602872119672177575e+00,1.621682850900796335e+00
5.040000000000000568e+01,1.602497543037875838e+00,1.621702783093326605e+00
5.050000000000000711e+01,1.602104086024621621e+00,1.621688611735974561e+00
5.060000000000000853e+01,1.601691854517211189e+00,1.621640342831439652e+00
5.070000000000000995e+01,1.601260959452921018e+00,1.621557996825454318e+00
5.080000000000001137e+01,1.600811516791651457e+00,1.621441608598121364e+00
5.090000000000000568e+01,1.600343647484721465e+00,1.621291227449140004e+00
5.100000000000000000e+01,1.599857477442319098e+00,1.621106917076924336e+00
5.110000000000000142e+01,1.599353137499615940e+00,1.620888755551620264e+00
5.120000000000000284e+01,1.598830763381558828e+00,1.620636835282038390e+00
5.130000000000000426e+01,1.598290495666343958e+00,1.620351262976510220e+00
5.140000000000000568e+01,1.597732479747585366e+00,1.620032159597689869e+00
5.150000000000000711e+01,1.597156865795187120e+00,1.619679660311315050e+00
5.160000000000000142e+01,1.596563808714930977e+00,1.619293914428955095e+00
5.170000000000000284e+01,1.595953468106788620e+00,1.618875085344765097e+00
5.180000000000000426e+01,1.595326008221972014e+00,1.618423350466275279e+00
5.190000000000000568e+01,1.594681597918729210e+00,1.617938901139245100e+00
5.200000000000000711e+01,1.594020410616904693e+00,1.617421942566612536e+00
5.210000000000000853e+01,1.593342624251267603e+00,1.616872693721574716e+00
5.220000000000000995e+01,1.592648421223627819e+00,1.616291387254835232e+00
5.230000000000001137e+01,1.591937988353749223e+00,1.615678269396057631e+00
5.240000000000000568e+01,1.591211516829073691e+00,1.615033599849568624e+00
5.250000000000000711e+01,1.590469202153270034e+00,1.614357651684350969e+00
5.260000000000000142e+01,1.589711244093620968e+00,1.613650711218377776e+00
5.270000000000000284e+01,1.588937846627262562e+00,1.612913077897334624e+00
5.280000000000000426e+01,1.588149217886292375e+00,1.612145064167779474e+00
5.290000000000000568e+01,1.587345570101756920e+00,1.611346995344796751e+00
5.300000000000000711e+01,1.586527119546538245e+00,1.610519209474200908e+00
5.310000000000000142e+01,1.585694086477150710e+00,1.609662057189346962e+00
5.320000000000000284e+01,1.584846695074468403e+00,1.608775901562608857e+00
5.330000000000000426e+01,1.583985173383393841e+00,1.607861117951589813e+00
5.340000000000000568e+01,1.583109753251487950e+00,1.606918093840128181e+00
5.350000000000000711e+01,1.582220670266577311e+00,1.605947228674166949e+00
5.360000000000000853e+01,1.581318163693353318e+00,1.604948933692557533e+00
5.370000000000000995e+01,1.580402476408983237e+00,1.603923631752865564e+00
5.380000000000001137e+01,1.579473854837748492e+00,1.602871757152258603e+00
5.390000000000000568e+01,1.578532548884728381e+00,1.601793755443546186e+00
5.400000000000000711e+01,1.577578811868547426e+00,1.600690083246452122e+00
5.410000000000000142e+01,1.576612900453202348e+00,1.599561208054199657e+00
5.420000000000000284e+01,1.575635074578992878e+00,1.598407608035491645e+00
5.430000000000000426e+01,1.574645597392565266e+00,1.597229771831967460e+00
5.440000000000000568e+01,1.573644735176097820e+00,1.596028198351223670e+00
5.450000000000000711e+01,1.572632757275640003e+00,1.594803396555488195e+00
5.460000000000000142e+01,1.571609936028627530e+00,1.593555885246032755e+00
5.470000000000000284e+01,1.570576546690592545e+00,1.592286192843420434e+00
5.480000000000000426e+01,1.569532867361088435e+00,1.590994857163676723e+00
5.490000000000000568e+01,1.568479178908850136e+00,1.589682425190481085e+00
5.500000000000000711e+01,1.567415764896207042e+00,1.588349452843476728e+00
5.510000000000000853e+01,1.566342911502773605e+00,1.586996504742793634e+00
5.520000000000000995e+01,1.565260907448433825e+00,1.585624153969887651e+00
5.530000000000001137e+01,1.564170043915642960e+00,1.584232981824793107e+00
5.540000000000000568e+01,1.563070614471065767e+00,1.582823577579897778e+00
5.550000000000000711e+01,1.561962914986573914e+00,1.581396538230338322e+00
5.560000000000000142e+01,1.560847243559623232e+00,1.579952468241124786e+00
5.570000000000000284e+01,1.559671570784276096e+00,1.578423944091566167e+00
5.580000000000000426e+01,1.558496369911883228e+00,1.576893029203444430e+00
5.590000000000000568e+01,1.557371700234229106e+00,1.575425059725201749e+00
5.600000000000000711e+01,1.556295389014973996e+00,1.574017447580481788e+00
5.610000000000000142e+01,1.555265356940924937e+00,1.572667711104805743e+00
5.620000000000000284e+01,1.554279614105033680e+00,1.571373470670319739e+00
5.630000000000000426e+01,1.553336256162118900e+00,1.570132444490434986e+00
5.640000000000000568e+01,1.552433460649884411e+00,1.568942444596967967e+00
5.650000000000000711e+01,1.551569483468123511e+00,1.567801372982682295e+00
5.660000000000000853e+01,1.550742655509314005e+00,1.566707217902436611e+00
5.670000000000000995e+01,1.549951379434087340e+00,1.565658050326414585e+00
5.680000000000001137e+01,1.549194126585347275e+00,1.564652020539184729e+00
5.690000000000000568e+01,1.548469434035075976e+00,1.563687354878593450e+00
5.700000000000000711e+01,1.547775901758118966e+00,1.562762352608743965e+00
5.710000000000000142e+01,1.547112189927493331e+00,1.561875382921544375e+00
5.720000000000000284e+01,1.546477016325991993e+00,1.561024882061541552e+00
5.730000000000000426e+01,1.545869153869081858e+00,1.560209350568972253e+00
5.740000000000000568e+01,1.545287428234314531e+00,1.559427350636167775e+00
5.750000000000000711e+01,1.544730715592665948e+00,1.558677503572653444e+00
5.760000000000000853e+01,1.544197940437423755e+00,1.557958487374474510e+00
5.770000000000000284e+01,1.543688073506429337e+00,1.557269034393461427e+00
5.780000000000000426e+01,1.543200129793656616e+00,1.556607929102326482e+00
5.790000000000000568e+01,1.542733166646292009e+00,1.555974005951649808e+00
5.800000000000000711e+01,1.542286281943632931e+00,1.555366147314981351e+00
5.810000000000000853e+01,1.541858612354292113e+00,1.554783281518427707e+00
5.820000000000000995e+01,1.541449331668337308e+00,1.554224380951259477e+00
5.830000000000001137e+01,1.541057649201146296e+00,1.553688460254199599e+00
5.840000000000000568e+01,1.540682808265891879e+00,1.553174574582205647e+00
5.850000000000000711e+01,1.540324084711707231e+00,1.552681817938676323e+00
5.860000000000000142e+01,1.539980785524708073e+00,1.552209321578152501e+00
5.870000000000000284e+01,1.539652247489166736e+00,1.551756252474691511e+00
5.880000000000000426e+01,1.539337835906252616e+00,1.551321811853215271e+00
5.890000000000000568e+01,1.539036943367866117e+00,1.550905233781245451e+00
5.900000000000000711e+01,1.538748988583193089e+00,1.550505783818540317e+00
5.910000000000000853e+01,1.538473415255716459e+00,1.550122757722253386e+00
5.920000000000000284e+01,1.538209691008512570e+00,1.549755480205331049e+00
5.930000000000000426e+01,1.537957306355759224e+00,1.549403303745960914e+00
5.940000000000000568e+01,1.537715773718465462e+00,1.549065607445969217e+00
5.950000000000000711e+01,1.537484626482523709e+00,1.548741795936159127e+00
5.960000000000000853e+01,1.537263418097262413e+00,1.548431298326655492e+00
5.970000000000000995e+01,1.537051721212761235e+00,1.548133567200407512e+00
5.980000000000000426e+01,1.536849126854258341e+00,1.547848077648076748e+00
5.990000000000001279e+01,1.536655243632055745e+00,1.547574326342604056e+00
6.000000000000000711e+01,1.536469696985399924e+00,1.547311830651828757e+00
6.010000000000000853e+01,1.536292128458870199e+00,1.547060127787592609e+00
6.020000000000000284e+01,1.536122195009884672e+00,1.546818773989830476e+00
6.029999999999999716e+01,1.535959568345979021e+00,1.546587343744206589e+00
6.040000000000000568e+01,1.535803934290582706e+00,1.546365429031919536e+00
6.050000000000000000e+01,1.535654992176064271e+00,1.546152638610352792e+00
6.060000000000000853e+01,1.535512454262875970e+00,1.545948597323300922e+00
6.070000000000000284e+01,1.535376045183672211e+00,1.545752945439558212e+00
6.080000000000001137e+01,1.535245501411330871e+00,1.545565338018700441e+00
6.090000000000000568e+01,1.535120570749848312e+00,1.545385444302944888e+00
6.100000000000000000e+01,1.535001011847124897e+00,1.545212947134013026e+00
6.110000000000000853e+01,1.534886593728699511e+00,1.545047542393971129e+00
6.120000000000000284e+01,1.534777095351532950e+00,1.544888938469060724e+00
6.130000000000001137e+01,1.534672305176976836e+00,1.544736855735574510e+00
6.140000000000000568e+01,1.534572020762105637e+00,1.544591026066870265e+00
6.150000000000001421e+01,1.534476048368617951e+00,1.544451192360656311e+00
6.160000000000000853e+01,1.534384202588557233e+00,1.544317108085710544e+00
6.170000000000000995e+01,1.534296305986123654e+00,1.544188536847239446e+00
6.180000000000000426e+01,1.534212188754887629e+00,1.544065251970106578e+00
6.189999999999999858e+01,1.534131688389743120e+00,1.543947036099196035e+00
6.200000000000000711e+01,1.534054649372966317e+00,1.543833680816210085e+00
6.210000000000000142e+01,1.533980922873771524e+00,1.543724986272219324e+00
6.220000000000000995e+01,1.533910366460788044e+00,1.543620760835324734e+00
6.230000000000000426e+01,1.533842843826898061e+00,1.543520820752803280e+00
6.240000000000001279e+01,1.533778224525905953e+00,1.543424989827146598e+00
6.250000000000000711e+01,1.533716383720531873e+00,1.543333099105418826e+00
6.260000000000000142e+01,1.533657201941239112e+00,1.543244986581387757e+00
6.270000000000000995e+01,1.533600564855433390e+00,1.543160496909902424e+00
6.280000000000000426e+01,1.533546363046583316e+00,1.543079481133015074e+00
6.290000000000001279e+01,1.533494491802841475e+00,1.543001796417363014e+00
6.300000000000000711e+01,1.533444850914752466e+00,1.542927305802349380e+00
6.310000000000000853e+01,1.533397344481658431e+00,1.542855877958677624e+00
6.320000000000000284e+01,1.533351880726431249e+00,1.542787386956812723e+00
6.329999999999999716e+01,1.533308371818167926e+00,1.542721712044964555e+00
6.340000000000000568e+01,1.533266733702512097e+00,1.542658737436197969e+00
6.350000000000000000e+01,1.533226885939269479e+00,1.542598352104297410e+00
6.360000000000000853e+01,1.533188751547007511e+00,1.542540449588023721e+00
6.370000000000000284e+01,1.533152256854334983e+00,1.542484927803419836e+00
6.380000000000001137e+01,1.533117331357576996e+00,1.542431688863832973e+00
6.390000000000000568e+01,1.533083907584570804e+00,1.542380638907338897e+00
6.400000000000001421e+01,1.533051920964315640e+00,1.542331687931258299e+00
6.410000000000000853e+01,1.533021309702230051e+00,1.542284749633481278e+00
6.420000000000000284e+01,1.532992014660770952e+00,1.542239741260312602e+00
6.430000000000001137e+01,1.532963979245186570e+00,1.542196583460575088e+00
6.440000000000000568e+01,1.532937149294181900e+00,1.542155200145709948e+00
6.450000000000001421e+01,1.532911472975285072e+00,1.542115518355632320e+00
6.460000000000000853e+01,1.532886900684712339e+00,1.542077468130097939e+00
6.470000000000001705e+01,1.532863384951540064e+00,1.542040982385362913e+00
6.480000000000001137e+01,1.532840880345995416e+00,1.542005996795911438e+00
6.490000000000000568e+01,1.532819343391691014e+00,1.541972449681049184e+00
6.500000000000001421e+01,1.532798732481634341e+00,1.541940281896157616e+00
6.510000000000000853e+01,1.532779007797846482e+00,1.541909436728420513e+00
6.520000000000001705e+01,1.532760131234438994e+00,1.541879859796837060e+00
6.530000000000001137e+01,1.532742066323997454e+00,1.541851498956346544e+00
6.540000000000000568e+01,1.532724778167130486e+00,1.541824304205895224e+00
6.550000000000000000e+01,1.532708233365047690e+00,1.541798227600283067e+00
6.559999999999999432e+01,1.532692399955037255e+00,1.541773223165634255e+00
6.570000000000000284e+01,1.532677247348717575e+00,1.541749246818344021e+00
6.579999999999999716e+01,1.532662746272943854e+00,1.541726256287358154e+00
6.590000000000000568e+01,1.532648868713255785e+00,1.541704211039647499e+00
6.600000000000000000e+01,1.532635587859755955e+00,1.541683072208746896e+00
6.610000000000000853e+01,1.532622878055317273e+00,1.541662802526232889e+00
6.620000000000000284e+01,1.532610714746015734e+00,1.541643366256017611e+00
6.629999999999999716e+01,1.532599074433694586e+00,1.541624729131345406e+00
6.640000000000000568e+01,1.532587934630569082e+00,1.541606858294379379e+00
6.650000000000000000e+01,1.532577273815782792e+00,1.541589722238272175e+00
6.660000000000000853e+01,1.532567071393830638e+00,1.541573290751617531e+00
6.670000000000000284e+01,1.532557307654771606e+00,1.541557534865188206e+00
6.680000000000001137e+01,1.532547963736151431e+00,1.541542426800860621e+00
6.690000000000000568e+01,1.532539021586561745e+00,1.541527939922642254e+00
6.700000000000001421e+01,1.532530463930767306e+00,1.541514048689711203e+00
6.710000000000000853e+01,1.532522274236331583e+00,1.541500728611387316e+00
6.720000000000000284e+01,1.532514436681678749e+00,1.541487956203952958e+00
6.730000000000001137e+01,1.532506936125527686e+00,1.541475708949252565e+00
6.740000000000000568e+01,1.532499758077640717e+00,1.541463965254991075e+00
6.750000000000001421e+01,1.532492888670830444e+00,1.541452704416665709e+00
6.760000000000000853e+01,1.532486314634168734e+00,1.541441906581064725e+00
6.770000000000001705e+01,1.532480023267350777e+00,1.541431552711264308e+00
6.780000000000001137e+01,1.532474002416157388e+00,1.541421624553066083e+00
6.790000000000000568e+01,1.532468240448976227e+00,1.541412104602815525e+00
6.800000000000001421e+01,1.532462726234329109e+00,1.541402976076540421e+00
6.810000000000000853e+01,1.532457449119368764e+00,1.541394222880362097e+00
6.820000000000001705e+01,1.532452398909297742e+00,1.541385829582120337e+00
6.830000000000001137e+01,1.532447565847673943e+00,1.541377781384166479e+00
6.840000000000000568e+01,1.532442940597561032e+00,1.541370064097274284e+00
6.850000000000000000e+01,1.532438514223492199e+00,1.541362664115624170e+00
6.859999999999999432e+01,1.532434278174206410e+00,1.541355568392816178e+00
6.870000000000000284e+01,1.532430224266129182e+00,1.541348764418867479e+00
6.879999999999999716e+01,1.532426344667562335e+00,1.541342240198158242e+00
6.890000000000000568e+01,1.532422631883554320e+00,1.541335984228282108e+00
6.900000000000000000e+01,1.532419078741420693e+00,1.541329985479767295e+00
6.910000000000000853e+01,1.532415678376886969e+00,1.541324233376631714e+00
6.920000000000000284e+01,1.532412424220828573e+00,1.541318717777736547e+00
6.929999999999999716e+01,1.532409309986578982e+00,1.541313428958907439e+00
6.940000000000000568e+01,1.532406329657785227e+00,1.541308357595790657e+00
6.950000000000000000e+01,1.532403477476784071e+00,1.541303494747413350e+00
6.960000000000000853e+01,1.532400747933480689e+00,1.541298831840420824e+00
6.970000000000000284e+01,1.532398135754701407e+00,1.541294360653961748e+00
6.980000000000001137e+01,1.532395635894008734e+00,1.541290073305193520e+00
6.990000000000000568e+01,1.532393243521950277e+00,1.541285962235385387e+00
7.000000000000001421e+01,1.532390954016730422e+00,1.541282020196592217e+00
7.010000000000000853e+01,1.532388762955280370e+00,1.541278240238875386e+00
7.020000000000000284e+01,1.532386666104713857e+00,1.541274615698050798e+00
7.030000000000001137e+01,1.532384659414149697e+00,1.541271140183938737e+00
7.040000000000000568e+01,1.532382739006885375e+00,1.541267807569098869e+00
7.050000000000001421e+01,1.532380901172908594e+00,1.541264611978026222e+00
7.060000000000000853e+01,1.532379142361728785e+00,1.541261547776793028e+00
7.070000000000001705e+01,1.532377459175519263e+00,1.541258609563116666e+00
7.080000000000001137e+01,1.532375848362552029e+00,1.541255792156833504e+00
7.090000000000000568e+01,1.532374306810916131e+00,1.541253090590767760e+00
7.100000000000001421e+01,1.532372831542505809e+00,1.541250500101973842e+00
7.110000000000000853e+01,1.532371419707266869e+00,1.541248016123338394e+00
7.120000000000001705e+01,1.532370068577691535e+00,1.541245634275528742e+00
7.130000000000001137e+01,1.532368775543547779e+00,1.541243350359272402e+00
7.140000000000001990e+01,1.532367538106838234e+00,1.541241160347953221e+00
7.150000000000001421e+01,1.532366353876973175e+00,1.541239060380512393e+00
7.159999999999999432e+01,1.532365220566152431e+00,1.541237046754641238e+00
7.170000000000000284e+01,1.532364135984946252e+00,1.541235115920253973e+00
7.179999999999999716e+01,1.532363098038064475e+00,1.541233264473228948e+00
7.190000000000000568e+01,1.532362104720309537e+00,1.541231489149406775e+00
7.200000000000000000e+01,1.532361154112702462e+00,1.541229786818835823e+00
7.210000000000000853e+01,1.532360244378775382e+00,1.541228154480253743e+00
7.220000000000000284e+01,1.532359373761023935e+00,1.541226589255796142e+00
7.229999999999999716e+01,1.532358540577511752e+00,1.541225088385923092e+00
7.240000000000000568e+01,1.532357743218621060e+00,1.541223649224553904e+00
7.250000000000000000e+01,1.532356980143943614e+00,1.541222269234401754e+00
7.260000000000000853e+01,1.532356249879304189e+00,1.541220945982500590e+00
7.270000000000000284e+01,1.532355551013913075e+00,1.541219677135915678e+00
7.280000000000001137e+01,1.532354882197640267e+00,1.541218460457630890e+00
7.290000000000000568e+01,1.532354242138407097e+00,1.541217293802603860e+00
7.300000000000001421e+01,1.532353629599691125e+00,1.541216175113985010e+00
7.310000000000000853e+01,1.532353043398135162e+00,1.541215102419491334e+00
7.320000000000000284e+01,1.532352482401263760e+00,1.541214073827928521e+00
7.330000000000001137e+01,1.532351945525293191e+00,1.541213087525857395e+00
7.340000000000000568e+01,1.532351431733039338e+00,1.541212141774396471e+00
7.350000000000001421e+01,1.532350940031912634e+00,1.541211234906155969e+00
7.360000000000000853e+01,1.532350469472001375e+00,1.541210365322298825e+00
7.370000000000001705e+01,1.532350019144236297e+00,1.541209531489721396e+00
7.380000000000001137e+01,1.532349588178634647e+00,1.541208731938350507e+00
7.390000000000000568e+01,1.532349175742618641e+00,1.541207965258551971e+00
7.400000000000001421e+01,1.532348781039408081e+00,1.541207230098645242e+00
7.410000000000000853e+01,1.532348403306480478e+00,1.541206525162520213e+00
7.420000000000001705e+01,1.532348041814097561e+00,1.541205849207352374e+00
7.430000000000001137e+01,1.532347695863896853e+00,1.541205201041411454e+00
7.440000000000001990e+01,1.532347364787541188e+00,1.541204579521960438e+00
7.450000000000001421e+01,1.532347047945427532e+00,1.541203983553241175e+00
7.460000000000000853e+01,1.532346744725452403e+00,1.541203412084542146e+00
7.470000000000000284e+01,1.532346454541829051e+00,1.541202864108345727e+00
7.479999999999999716e+01,1.532346176833954576e+00,1.541202338658552939e+00
7.490000000000000568e+01,1.532345911065328581e+00,1.541201834808779259e+00
7.500000000000000000e+01,1.532345656722515770e+00,1.541201351670721253e+00
7.510000000000000853e+01,1.532345413314154081e+00,1.541200888392592061e+00
7.520000000000000284e+01,1.532345180370005888e+00,1.541200444157617255e+00
7.529999999999999716e+01,1.532344957440048949e+00,1.541200018182596665e+00
7.540000000000000568e+01,1.532344744093607325e+00,1.541199609716523033e+00
7.550000000000000000e+01,1.532344539918519821e+00,1.541199218039257746e+00
7.560000000000000853e+01,1.532344344520342849e+00,1.541198842460261620e+00
7.570000000000000284e+01,1.532344157521588812e+00,1.541198482317376994e+00
7.580000000000001137e+01,1.532343978560996911e+00,1.541198136975660438e+00
7.590000000000000568e+01,1.532343807292835480e+00,1.541197805826264089e+00
7.600000000000001421e+01,1.532343643386233412e+00,1.541197488285360739e+00
7.610000000000000853e+01,1.532343486524541554e+00,1.541197183793115988e+00
7.620000000000000284e+01,1.532343336404720313e+00,1.541196891812700143e+00
7.630000000000001137e+01,1.532343192736755233e+00,1.541196611829342977e+00
7.640000000000000568e+01,1.532343055243095886e+00,1.541196343349424902e+00
7.650000000000001421e+01,1.532342923658119638e+00,1.541196085899607215e+00
7.660000000000000853e+01,1.532342797727619166e+00,1.541195839025997882e+00
7.670000000000001705e+01,1.532342677208310633e+00,1.541195602293350841e+00
7.680000000000001137e+01,1.532342561867364283e+00,1.541195375284299285e+00
7.690000000000000568e+01,1.532342451481954138e+00,1.541195157598618914e+00
7.700000000000001421e+01,1.532342345838828113e+00,1.541194948852522950e+00
7.710000000000000853e+01,1.532342244733895464e+00,1.541194748677985782e+00
7.720000000000001705e+01,1.532342147971832658e+00,1.541194556722093045e+00
7.730000000000001137e+01,1.532342055365706113e+00,1.541194372646420563e+00
7.740000000000001990e+01,1.532341966736611161e+00,1.541194196126437266e+00
7.750000000000001421e+01,1.532341881913326320e+00,1.541194026850932763e+00
7.760000000000000853e+01,1.532341800731982673e+00,1.541193864521469115e+00
7.770000000000000284e+01,1.532341723035746339e+00,1.541193708851854138e+00
7.779999999999999716e+01,1.532341648674517609e+00,1.541193559567637816e+00
7.790000000000000568e+01,1.532341577504638286e+00,1.541193416405626904e+00
7.800000000000000000e+01,1.532341509388616352e+00,1.541193279113422632e+00
7.810000000000000853e+01,1.532341444194859292e+00,1.541193147448974399e+00
7.820000000000000284e+01,1.532341381797419855e+00,1.541193021180153666e+00
7.830000000000001137e+01,1.532341322075753354e+00,1.541192900084344508e+00
7.840000000000000568e+01,1.532341264914484080e+00,1.541192783948051259e+00
7.850000000000000000e+01,1.532341210203183035e+00,1.541192672566521704e+00
7.860000000000000853e+01,1.532341157836153656e+00,1.541192565743387144e+00
7.870000000000000284e+01,1.532341107712229089e+00,1.541192463290314674e+00
7.880000000000001137e+01,1.532341059734575239e+00,1.541192365026676558e+00
7.890000000000000568e+01,1.532341013810504915e+00,1.541192270779230711e+00
7.900000000000001421e+01,1.532340969851297752e+00,1.541192180381816046e+00
7.910000000000000853e+01,1.532340927772029460e+00,1.541192093675059160e+00
7.920000000000000284e+01,1.532340887491407511e+00,1.541192010506093002e+00
7.930000000000001137e+01,1.532340848931614596e+00,1.541191930728288417e+00
7.940000000000000568e+01,1.532340812018156972e+00,1.541191854200994582e+00
7.950000000000001421e+01,1.532340776679722349e+00,1.541191780789290977e+00
7.960000000000000853e+01,1.532340742848040671e+00,1.541191710363751133e+00
7.970000000000001705e+01,1.532340710457753108e+00,1.541191642800212369e+00
7.980000000000001137e+01,1.532340679446284826e+00,1.541191577979557747e+00
7.990000000000000568e+01,1.532340649753725526e+00,1.541191515787506905e+00
8.000000000000001421e+01,1.532340621322712204e+00,1.541191456114412883e+00
8.010000000000000853e+01,1.532340594098319464e+00,1.541191398855070505e+00
8.020000000000001705e+01,1.532340568027952710e+00,1.541191343908529410e+00
8.030000000000001137e+01,1.532340543061247118e+00,1.541191291177917311e+00
8.040000000000001990e+01,1.532340519149969715e+00,1.541191240570268350e+00
8.050000000000001421e+01,1.532340496247926565e+00,1.541191191996359899e+00
8.060000000000000853e+01,1.532340474310873280e+00,1.541191145370554461e+00
8.070000000000000284e+01,1.532340453296430205e+00,1.541191100610649123e+00
8.079999999999999716e+01,1.532340433163999371e+00,1.541191057637731010e+00
8.090000000000000568e+01,1.532340413874687890e+00,1.541191016376037615e+00
8.100000000000000000e+01,1.532340395391230237e+00,1.541190976752822905e+00
8.110000000000000853e+01,1.532340377677918752e+00,1.541190938698230095e+00
8.120000000000000284e+01,1.532340360700533477e+00,1.541190902145167740e+00
8.130000000000001137e+01,1.532340344426275536e+00,1.541190867029191613e+00
8.140000000000000568e+01,1.532340328823705189e+00,1.541190833288391238e+00
8.150000000000000000e+01,1.532340313862680103e+00,1.541190800863280419e+00
8.160000000000000853e+01,1.532340299514296955e+00,1.541190769696692664e+00
8.170000000000000284e+01,1.532340285750836362e+00,1.541190739733680370e+00
8.180000000000001137e+01,1.532340272545709148e+00,1.541190710921417795e+00
8.190000000000000568e+01,1.532340259873403943e+00,1.541190683209108014e+00
8.200000000000001421e+01,1.532340247709439662e+00,1.541190656547893445e+00
8.210000000000000853e+01,1.532340236030316882e+00,1.541190630890769242e+00
8.220000000000000284e+01,1.532340224813472762e+00,1.541190606192501145e+00
8.230000000000001137e+01,1.532340214037237525e+00,1.541190582409545762e+00
8.240000000000000568e+01,1.532340203680792712e+00,1.541190559499972412e+00
8.250000000000001421e+01,1.532340193724130772e+00,1.541190537423391183e+00
8.260000000000000853e+01,1.532340184148016871e+00,1.541190516140880096e+00
8.270000000000001705e+01,1.532340174933950694e+00,1.541190495614917610e+00
8.280000000000001137e+01,1.532340166064131592e+00,1.541190475809316007e+00
8.290000000000000568e+01,1.532340157521424606e+00,1.541190456689156774e+00
8.300000000000001421e+01,1.532340149289325604e+00,1.541190438220731096e+00
8.310000000000000853e+01,1.532340141351931306e+00,1.541190420371478353e+00
8.320000000000001705e+01,1.532340133693907758e+00,1.541190403109929496e+00
8.330000000000001137e+01,1.532340126300460348e+00,1.541190386405652202e+00
8.340000000000001990e+01,1.532340119157305391e+00,1.541190370229196027e+00
8.350000000000001421e+01,1.532340112250643704e+00,1.541190354552041786e+00
8.360000000000000853e+01,1.532340105567132182e+00,1.541190339346549587e+00
8.370000000000000284e+01,1.532340099093858932e+00,1.541190324585912208e+00
8.379999999999999716e+01,1.532340092818318400e+00,1.541190310244105799e+00
8.390000000000000568e+01,1.532340086728386730e+00,1.541190296295845474e+00
8.400000000000000000e+01,1.532340080812299110e+00,1.541190282716540239e+00
8.410000000000000853e+01,1.532340075058626239e+00,1.541190269482248798e+00
8.420000000000000284e+01,1.532340069456252785e+00,1.541190256569639150e+00
8.430000000000001137e+01,1.532340063994355406e+00,1.541190243955945727e+00
8.440000000000000568e+01,1.532340058662382321e+00,1.541190231618930317e+00
8.450000000000000000e+01,1.532340053450032880e+00,1.541190219536842321e+00
8.460000000000000853e+01,1.532340048347237138e+00,1.541190207688380553e+00
8.470000000000000284e+01,1.532340043344137426e+00,1.541190196052655947e+00
8.480000000000001137e+01,1.532340038431068141e+00,1.541190184609154246e+00
8.490000000000000568e+01,1.532340033598537987e+00,1.541190173337700253e+00
8.500000000000001421e+01,1.532340028837210655e+00,1.541190162218422088e+00
8.510000000000000853e+01,1.532340024137887946e+00,1.541190151231715877e+00
8.520000000000000284e+01,1.532340019491491345e+00,1.541190140358212224e+00
8.530000000000001137e+01,1.532340014889044699e+00,1.541190129578740242e+00
8.540000000000000568e+01,1.532340010321656232e+00,1.541190118874295578e+00
8.550000000000001421e+01,1.532340005780502556e+00,1.541190108226005995e+00
8.560000000000000853e+01,1.532340001256810469e+00,1.541190097615098287e+00
