0.000000000000000000e+00,-4.595514805855373079e-03,-5.490092665400511836e-03
1.000000000000000056e-01,-4.595486507282333516e-03,-5.490173101478211352e-03
2.000000000000000111e-01,-4.595458129420765085e-03,-5.490253733696342023e-03
3.000000000000000444e-01,-4.595429632487405165e-03,-5.490334660424124602e-03
4.000000000000000222e-01,-4.595400976532190533e-03,-5.490415980390185927e-03
5.000000000000001110e-01,-4.595372121382046253e-03,-5.490497792802822088e-03
6.000000000000000888e-01,-4.595343026584626858e-03,-5.490580197471108155e-03
7.000000000000000666e-01,-4.595313651351680233e-03,-5.490663294926681828e-03
8.000000000000000444e-01,-4.595283954501784389e-03,-5.490747186546312067e-03
9.000000000000001332e-01,-4.595253894402631482e-03,-5.490831974675718444e-03
1.000000000000000222e+00,-4.595223428912688195e-03,-5.490917762754269141e-03
1.100000000000000089e+00,-4.595192515322039060e-03,-5.491004655441228052e-03
1.200000000000000178e+00,-4.595161110292673816e-03,-5.491092758743531047e-03
1.300000000000000266e+00,-4.595129169797572584e-03,-5.491182180144934394e-03
1.400000000000000133e+00,-4.595096649059029516e-03,-5.491273028737347212e-03
1.500000000000000000e+00,-4.595063502485897435e-03,-5.491365415353751181e-03
1.600000000000000089e+00,-4.595029683609706643e-03,-5.491459452703491631e-03
1.700000000000000178e+00,-4.594995145019406362e-03,-5.491555255509767385e-03
1.800000000000000266e+00,-4.594959838295037576e-03,-5.491652940649596921e-03
1.900000000000000355e+00,-4.594923713939750957e-03,-5.491752627296375353e-03
2.000000000000000444e+00,-4.594886721310470837e-03,-5.491854437065345727e-03
2.100000000000000089e+00,-4.594848808546861743e-03,-5.491958494161821615e-03
2.200000000000000178e+00,-4.594809922498658238e-03,-5.492064925532854844e-03
2.300000000000000266e+00,-4.594770008651132519e-03,-5.492173861022046563e-03
2.400000000000000355e+00,-4.594729011048663374e-03,-5.492285433527943975e-03
2.500000000000000444e+00,-4.594686872216323208e-03,-5.492399779166207488e-03
2.600000000000000533e+00,-4.594643533079278454e-03,-5.492517037435628094e-03
2.700000000000000622e+00,-4.594598932879958263e-03,-5.492637351388348840e-03
2.800000000000000266e+00,-4.594553009092921213e-03,-5.492760867804374544e-03
2.900000000000000355e+00,-4.594505697337168508e-03,-5.492887737370591786e-03
3.000000000000000000e+00,-4.594456931285881111e-03,-5.493018114864718984e-03
3.100000000000000089e+00,-4.594406642573464587e-03,-5.493152159343983598e-03
3.200000000000000178e+00,-4.594354760699688282e-03,-5.493290034339287989e-03
3.300000000000000266e+00,-4.594301212930830373e-03,-5.493431908054688742e-03
3.400000000000000355e+00,-4.594245924197761129e-03,-5.493577953572505168e-03
3.500000000000000444e+00,-4.594188816990692030e-03,-5.493728349064615560e-03
3.600000000000000533e+00,-4.594129811250450245e-03,-5.493883278009733043e-03
3.700000000000000178e+00,-4.594068824256311405e-03,-5.494042929417271640e-03
3.800000000000000711e+00,-4.594005770510045487e-03,-5.494207498057932654e-03
3.900000000000000799e+00,-4.593940561615973694e-03,-5.494377184701308009e-03
4.000000000000000888e+00,-4.593873106157108331e-03,-5.494552196360842286e-03
4.099999999999999645e+00,-4.593803309567027864e-03,-5.494732746546349481e-03
4.200000000000000178e+00,-4.593731073997141083e-03,-5.494919055524511223e-03
4.299999999999999822e+00,-4.593656298179754974e-03,-5.495111350587621873e-03
4.400000000000000355e+00,-4.593578877285920195e-03,-5.495309866330786927e-03
4.500000000000000000e+00,-4.593498702778533831e-03,-5.495514844938211366e-03
4.600000000000000533e+00,-4.593415662260155567e-03,-5.495726536478682048e-03
4.700000000000000178e+00,-4.593329639315495670e-03,-5.495945199210509544e-03
4.800000000000000711e+00,-4.593240513348154086e-03,-5.496171099896736932e-03
4.900000000000000355e+00,-4.593148159411557761e-03,-5.496404514130521016e-03
5.000000000000000888e+00,-4.593052448033847247e-03,-5.496645726671347751e-03
5.100000000000000533e+00,-4.592953245036282377e-03,-5.496895031792481748e-03
5.200000000000001066e+00,-4.592850411345247678e-03,-5.497152733639822444e-03
5.300000000000000711e+00,-4.592743802797181855e-03,-5.497419146603199983e-03
5.400000000000001243e+00,-4.592633269936550154e-03,-5.497694595699693584e-03
5.500000000000000888e+00,-4.592518657806215175e-03,-5.497979416970300362e-03
5.600000000000000533e+00,-4.592399805730363986e-03,-5.498273957889788024e-03
5.700000000000000178e+00,-4.592276547089063458e-03,-5.498578577790675173e-03
5.800000000000000711e+00,-4.592148709084887051e-03,-5.498893648301549086e-03
5.900000000000000355e+00,-4.592016112500453377e-03,-5.499219553800534580e-03
6.000000000000000000e+00,-4.591878571447357942e-03,-5.499556691884120371e-03
6.100000000000000533e+00,-4.591735893105441599e-03,-5.499905473852310066e-03
6.200000000000000178e+00,-4.591587877452558801e-03,-5.500266325210294641e-03
6.300000000000000711e+00,-4.591434316984120516e-03,-5.500639686187672531e-03
6.400000000000000355e+00,-4.591274996422223600e-03,-5.501026012275458434e-03
6.500000000000000888e+00,-4.591109692413827999e-03,-5.501425774781717841e-03
6.600000000000000533e+00,-4.590938173217634817e-03,-5.501839461406666035e-03
6.700000000000001066e+00,-4.590760198379220322e-03,-5.502267576837591503e-03
6.800000000000000711e+00,-4.590575518393934067e-03,-5.502710643364517110e-03
6.900000000000001243e+00,-4.590383874357099707e-03,-5.503169201517487188e-03
7.000000000000000888e+00,-4.590184997601084831e-03,-5.503643810725889970e-03
7.100000000000001421e+00,-4.589978609318661265e-03,-5.504135050001019228e-03
7.200000000000001066e+00,-4.589764420172069530e-03,-5.504643518642432856e-03
7.300000000000000711e+00,-4.589542129887445691e-03,-5.505169836969093719e-03
7.400000000000000355e+00,-4.589311426833930611e-03,-5.505714647076080312e-03
7.500000000000000888e+00,-4.589071987586636724e-03,-5.506278613618053805e-03
7.600000000000001421e+00,-4.588823476473383005e-03,-5.506862424619987997e-03
7.700000000000001066e+00,-4.588565545103981229e-03,-5.507466792316598539e-03
7.800000000000001599e+00,-4.588297831882001514e-03,-5.508092454021279796e-03
7.900000000000000355e+00,-4.588019961497672751e-03,-5.508740173025578057e-03
8.000000000000001776e+00,-4.587731544401760057e-03,-5.509410739530375481e-03
8.100000000000001421e+00,-4.587432176259578775e-03,-5.510104971609926239e-03
8.199999999999999289e+00,-4.587121437384000973e-03,-5.510823716209914055e-03
8.300000000000000711e+00,-4.586798892147198568e-03,-5.511567850180644837e-03
8.400000000000000355e+00,-4.586464088369854135e-03,-5.512338281346845434e-03
8.500000000000001776e+00,-4.586116556687319830e-03,-5.513135949615161416e-03
8.599999999999999645e+00,-4.585755809891556116e-03,-5.513961828120800615e-03
8.700000000000001066e+00,-4.585381342248117352e-03,-5.514816924414753588e-03
8.800000000000000711e+00,-4.584992628787178982e-03,-5.515702281692996117e-03
8.900000000000002132e+00,-4.584589124567584571e-03,-5.516618980069111847e-03
9.000000000000000000e+00,-4.584170263912823277e-03,-5.517568137892081906e-03
9.100000000000001421e+00,-4.583735459618118978e-03,-5.518550913110537373e-03
9.200000000000001066e+00,-4.583284102127073260e-03,-5.519568504685519808e-03
9.300000000000002487e+00,-4.582815558677242988e-03,-5.520622154053156719e-03
9.400000000000000355e+00,-4.582329172413051287e-03,-5.521713146639146280e-03
9.500000000000001776e+00,-4.581824261464834992e-03,-5.522842813427015878e-03
9.600000000000001421e+00,-4.581300117993058856e-03,-5.524012532581787718e-03
9.700000000000001066e+00,-4.580756007195875903e-03,-5.525223731131444563e-03
9.800000000000000711e+00,-4.580191166279108488e-03,-5.526477886707700446e-03
9.900000000000000355e+00,-4.579604803386763505e-03,-5.527776529348800774e-03
1.000000000000000178e+01,-4.578996096491045296e-03,-5.529121243366104735e-03
1.009999999999999964e+01,-4.578364192239839196e-03,-5.530513669276872560e-03
1.020000000000000107e+01,-4.577708204760405457e-03,-5.531955505805688858e-03
1.030000000000000071e+01,-4.577027214417567040e-03,-5.533448511956808383e-03
1.040000000000000213e+01,-4.576320266524362516e-03,-5.534994509160178974e-03
1.050000000000000000e+01,-4.575586370003640983e-03,-5.536595383493514780e-03
1.060000000000000142e+01,-4.574824495998756728e-03,-5.538253087983184900e-03
1.070000000000000107e+01,-4.574033576431181351e-03,-5.539969644986963634e-03
1.080000000000000249e+01,-4.573212502503055769e-03,-5.541747148661202785e-03
1.090000000000000036e+01,-4.572360123142867570e-03,-5.543587767515683815e-03
1.100000000000000178e+01,-4.571475243391766134e-03,-5.545493747059043396e-03
1.110000000000000142e+01,-4.570556622728194456e-03,-5.547467412538401380e-03
1.120000000000000107e+01,-4.569602973328945085e-03,-5.549511171775958068e-03
1.130000000000000071e+01,-4.568612958263661671e-03,-5.551627518106583628e-03
1.140000000000000036e+01,-4.567585189620633306e-03,-5.553819033419506515e-03
1.150000000000000178e+01,-4.566518226561002043e-03,-5.556088391308309365e-03
1.160000000000000142e+01,-4.565410573298908127e-03,-5.558438360332484084e-03
1.170000000000000107e+01,-4.564260677004497273e-03,-5.560871807395112790e-03
1.180000000000000071e+01,-4.563066925626964136e-03,-5.563391701240401679e-03
1.190000000000000213e+01,-4.561827645634729776e-03,-5.566001116075377717e-03
1.200000000000000000e+01,-4.560541099669072028e-03,-5.568703235320529923e-03
1.210000000000000142e+01,-4.559205484108738542e-03,-5.571501355493344368e-03
1.220000000000000107e+01,-4.557818926541347924e-03,-5.574398890229976047e-03
1.230000000000000249e+01,-4.556379483138329849e-03,-5.577399374449955663e-03
1.240000000000000036e+01,-4.554885135930069988e-03,-5.580506468668458911e-03
1.250000000000000178e+01,-4.553333789976655825e-03,-5.583723963462317377e-03
1.260000000000000142e+01,-4.551723270431159811e-03,-5.587055784094187641e-03
1.270000000000000284e+01,-4.550051319490595707e-03,-5.590505995301428901e-03
1.280000000000000071e+01,-4.548315593230721314e-03,-5.594078806254830852e-03
1.290000000000000036e+01,-4.546513658320028121e-03,-5.597778575693873951e-03
1.300000000000000178e+01,-4.544642988608515143e-03,-5.601609817244232806e-03
1.310000000000000142e+01,-4.542700961586119100e-03,-5.605577204924163184e-03
1.320000000000000107e+01,-4.540684854706308025e-03,-5.609685578846786147e-03
1.330000000000000071e+01,-4.538591841569283684e-03,-5.613939951124928898e-03
1.340000000000000213e+01,-4.536418987959626829e-03,-5.618345511985695442e-03
1.350000000000000178e+01,-4.534163247732747419e-03,-5.622907636102488296e-03
1.360000000000000142e+01,-4.531821458544564411e-03,-5.627631889151928427e-03
1.370000000000000107e+01,-4.529390337418055627e-03,-5.632524034603897736e-03
1.380000000000000249e+01,-4.526866476140932287e-03,-5.637590040752699441e-03
1.390000000000000036e+01,-4.524246336487541820e-03,-5.642836087998382918e-03
1.400000000000000178e+01,-4.521526245258707111e-03,-5.648268576386576180e-03
1.410000000000000142e+01,-4.518702389132117463e-03,-5.653894133416418125e-03
1.420000000000000284e+01,-4.515770809316472893e-03,-5.659719622125910371e-03
1.430000000000000071e+01,-4.512727396001563369e-03,-5.665752149464721443e-03
1.440000000000000213e+01,-4.509567882596740400e-03,-5.671999074964380674e-03
1.450000000000000178e+01,-4.506287839749448243e-03,-5.678468019716831350e-03
1.460000000000000142e+01,-4.502882669135846276e-03,-5.685166875671868528e-03
1.470000000000000107e+01,-4.499347597014142879e-03,-5.692103815265229030e-03
1.480000000000000071e+01,-4.495677667532448595e-03,-5.699287301388631863e-03
1.490000000000000213e+01,-4.491867735781016058e-03,-5.706726097714401313e-03
1.500000000000000178e+01,-4.487912460579517385e-03,-5.714429279386868711e-03
1.510000000000000142e+01,-4.483806296989258609e-03,-5.722406244093839953e-03
1.520000000000000284e+01,-4.479543488539665212e-03,-5.730666723531531274e-03
1.530000000000000071e+01,-4.475118059158172436e-03,-5.739220795277012385e-03
1.540000000000000213e+01,-4.470523804792392135e-03,-5.748078895082548226e-03
1.550000000000000178e+01,-4.465754284712557080e-03,-5.757251829606997370e-03
1.560000000000000320e+01,-4.460802812482116998e-03,-5.766750789599692228e-03
1.570000000000000107e+01,-4.455662446584137716e-03,-5.776587363552779589e-03
1.580000000000000071e+01,-4.450325980689752263e-03,-5.786773551838981025e-03
1.590000000000000213e+01,-4.444785933555644823e-03,-5.797321781351673711e-03
1.600000000000000355e+01,-4.439034538535955102e-03,-5.808244920665448993e-03
1.610000000000000142e+01,-4.433063732694172802e-03,-5.819556295735399745e-03
1.620000000000000284e+01,-4.426865145499665581e-03,-5.831269706154497759e-03
1.630000000000000426e+01,-4.420430087092848924e-03,-5.843399441988706908e-03
1.639999999999999858e+01,-4.413749536102886707e-03,-5.855960301210515195e-03
1.650000000000000000e+01,-4.406814127000507550e-03,-5.868967607752113499e-03
1.660000000000000142e+01,-4.399614136968369414e-03,-5.882437230200184344e-03
1.670000000000000284e+01,-4.392139472270589588e-03,-5.896385601155138337e-03
1.680000000000000071e+01,-4.384379654102149929e-03,-5.910829737278617754e-03
1.690000000000000213e+01,-4.376323803898647842e-03,-5.925787260053204733e-03
1.700000000000000355e+01,-4.367960628085520818e-03,-5.941276417280290725e-03
1.710000000000000142e+01,-4.359278402245334548e-03,-5.957316105341991033e-03
1.719999999999999929e+01,-4.350264954681502642e-03,-5.973925892254082839e-03
1.730000000000000071e+01,-4.340907649354397262e-03,-5.991126041538704164e-03
1.740000000000000213e+01,-4.331193368166795336e-03,-6.008937536945089739e-03
1.750000000000000355e+01,-4.321108492573655195e-03,-6.027382108049515914e-03
1.760000000000000142e+01,-4.310638884489988512e-03,-6.046482256764586748e-03
1.770000000000000284e+01,-4.299769866470594219e-03,-6.066261284791126321e-03
1.780000000000000426e+01,-4.288486201133635996e-03,-6.086743322045595414e-03
1.789999999999999858e+01,-4.276772069799125546e-03,-6.107953356098110367e-03
1.800000000000000000e+01,-4.264611050312686925e-03,-6.129917262656456832e-03
1.810000000000000142e+01,-4.251986094023034284e-03,-6.152661837133978698e-03
1.820000000000000284e+01,-4.238879501881401106e-03,-6.176214827339234631e-03
1.830000000000000071e+01,-4.225272899629084304e-03,-6.200604967327579334e-03
1.840000000000000213e+01,-4.211147212038264705e-03,-6.225862012456093858e-03
1.850000000000000355e+01,-4.196482636170432816e-03,-6.252016775684295438e-03
1.860000000000000497e+01,-4.181258613614370449e-03,-6.279101165165142454e-03
1.869999999999999929e+01,-4.165453801665042026e-03,-6.307148223172348925e-03
1.880000000000000071e+01,-4.149046043403203758e-03,-6.336192166410877305e-03
1.890000000000000213e+01,-4.132012336633262943e-03,-6.366268427760684093e-03
1.900000000000000355e+01,-4.114328801636410460e-03,-6.397413699503784988e-03
1.910000000000000142e+01,-4.095970647693253190e-03,-6.429665978087995351e-03
1.920000000000000284e+01,-4.076912138329616235e-03,-6.463064610481650610e-03
1.930000000000000426e+01,-4.057126555236208014e-03,-6.497650342175845598e-03
1.940000000000000213e+01,-4.036586160812076322e-03,-6.533465366892971318e-03
1.950000000000000000e+01,-4.015262159278889902e-03,-6.570553378061972163e-03
1.960000000000000142e+01,-3.993124656311956844e-03,-6.608959622123204702e-03
1.970000000000000284e+01,-3.970142617130962941e-03,-6.648730953728027374e-03
1.980000000000000071e+01,-3.946283822992151073e-03,-6.689915892900239261e-03
1.990000000000000213e+01,-3.921514826020373705e-03,-6.732564684229299865e-03
2.000000000000000355e+01,-3.895800902318427919e-03,-6.776729358167429308e-03
2.010000000000000497e+01,-3.869106003287068295e-03,-6.822463794505547255e-03
2.019999999999999929e+01,-3.841392705088239427e-03,-6.869823788105149445e-03
2.030000000000000071e+01,-3.812622156180211878e-03,-6.918867116966717981e-03
2.040000000000000213e+01,-3.782754022851222801e-03,-6.969653612717391714e-03
2.050000000000000355e+01,-3.751746432675224889e-03,-7.022245233604037032e-03
2.060000000000000142e+01,-3.719555915810623774e-03,-7.076706140080777155e-03
2.070000000000000284e+01,-3.686137344059362518e-03,-7.133102773083117160e-03
2.080000000000000426e+01,-3.651443867601344810e-03,-7.191503935084215052e-03
2.090000000000000213e+01,-3.615426849315167383e-03,-7.251980874032159033e-03
2.100000000000000000e+01,-3.578035796593301114e-03,-7.314607370270698530e-03
2.110000000000000142e+01,-3.539218290556057737e-03,-7.379459826549328652e-03
2.120000000000000284e+01,-3.498919912564925176e-03,-7.446617361232881274e-03
2.130000000000000071e+01,-3.457084167932622694e-03,-7.516161904823796119e-03
2.140000000000000213e+01,-3.413652406722730674e-03,-7.588178299915255068e-03
2.150000000000000355e+01,-3.368563741527650680e-03,-7.662754404697137700e-03
2.160000000000000497e+01,-3.321754962109998120e-03,-7.739981200140732057e-03
2.169999999999999929e+01,-3.273160446787558124e-03,-7.819952900993238157e-03
2.180000000000000071e+01,-3.222712070437653946e-03,-7.902767070717299849e-03
2.190000000000000213e+01,-3.170339108991824563e-03,-7.988524740516205966e-03
2.200000000000000355e+01,-3.115968140287066028e-03,-8.077330532589155690e-03
2.210000000000000142e+01,-3.059522941134598488e-03,-8.169292787767882050e-03
2.220000000000000284e+01,-3.000924380461913142e-03,-8.264523697689625872e-03
2.230000000000000426e+01,-2.940090308378008263e-03,-8.363139441668217960e-03
2.240000000000000213e+01,-2.876935441006755155e-03,-8.465260328429839373e-03
2.250000000000000000e+01,-2.811371240926603763e-03,-8.571010942886687564e-03
2.260000000000000142e+01,-2.743305793049109591e-03,-8.680520298127396631e-03
2.270000000000000284e+01,-2.672643675762187247e-03,-8.793921992809735147e-03
2.280000000000000071e+01,-2.599285827157754407e-03,-8.911354374147759452e-03
2.290000000000000213e+01,-2.523129406155916014e-03,-9.032960706691692612e-03
2.300000000000000355e+01,-2.444067648330783445e-03,-9.158889347107294215e-03
2.310000000000000497e+01,-2.361989716236727148e-03,-9.289293925167122282e-03
2.320000000000000284e+01,-2.276780544024067064e-03,-9.424333531175037998e-03
2.330000000000000071e+01,-2.188320676127230267e-03,-9.564172910052360851e-03
2.340000000000000213e+01,-2.096486099798805340e-03,-9.708982662322571469e-03
2.350000000000000355e+01,-2.001148071254866927e-03,-9.858939452239577975e-03
2.360000000000000142e+01,-1.902172935187847018e-03,-1.001422622331370714e-02
2.370000000000000284e+01,-1.799421937393827324e-03,-1.017503242149821359e-02
2.380000000000000426e+01,-1.692751030251664172e-03,-1.034155422630849731e-02
2.390000000000000568e+01,-1.582010670781264748e-03,-1.051399479015626033e-02
2.400000000000000000e+01,-1.467045610997852294e-03,-1.069256448619027196e-02
2.410000000000000142e+01,-1.347694680268236682e-03,-1.087748116494633398e-02
2.420000000000000284e+01,-1.223790559364171075e-03,-1.106897042011949391e-02
2.430000000000000071e+01,-1.095159545895934422e-03,-1.126726586378261341e-02
2.440000000000000213e+01,-9.616213107972440208e-04,-1.147260941138724712e-02
2.450000000000000355e+01,-8.229886455201713621e-04,-1.168525157689442005e-02
2.460000000000000497e+01,-6.790671995856615781e-04,-1.190545177839533869e-02
2.470000000000000284e+01,-5.296552081217381289e-04,-1.213347865459494385e-02
2.480000000000000071e+01,-3.745432090073467710e-04,-1.236961039254436991e-02
2.490000000000000213e+01,-2.135137492253981126e-04,-1.261413506702211730e-02
2.500000000000000355e+01,-4.634108001321229214e-05,-1.286735099197809824e-02
2.510000000000000142e+01,1.272091596167370178e-04,-1.312956708446906019e-02
2.520000000000000284e+01,3.073802714298858388e-04,-1.340110324152972258e-02
2.530000000000000426e+01,4.944248390567314647e-04,-1.368229073043905446e-02
2.540000000000000568e+01,6.886050820920754448e-04,-1.397347259285802897e-02
2.550000000000000000e+01,8.901932237033267567e-04,-1.427500406333167583e-02
2.560000000000000142e+01,1.099471872262895895e-03,-1.458725300266664436e-02
2.570000000000000284e+01,1.316734417539510739e-03,-1.491060034671179944e-02
2.580000000000000071e+01,1.542285442004174591e-03,-1.524544057109047425e-02
2.590000000000000213e+01,1.776441147827294807e-03,-1.559218217245081882e-02
2.600000000000000355e+01,2.019529800165624674e-03,-1.595124816682145369e-02
2.610000000000000497e+01,2.271892187360360048e-03,-1.632307660568035196e-02
2.620000000000000284e+01,2.533882098691550046e-03,-1.670812111036659026e-02
2.630000000000000071e+01,2.805866820358818813e-03,-1.710685142548701992e-02
2.640000000000000213e+01,3.088227650383389318e-03,-1.751975399199282718e-02
2.650000000000000355e+01,3.381360433153538132e-03,-1.794733254062532563e-02
2.660000000000000142e+01,3.685676114362609369e-03,-1.839010870645466089e-02
2.670000000000000284e+01,4.001601317117824651e-03,-1.884862266526159819e-02
2.680000000000000426e+01,4.329578940027343885e-03,-1.932343379253827209e-02
2.690000000000000568e+01,4.670068778104143926e-03,-1.981512134591232460e-02
2.700000000000000355e+01,5.023548167357065782e-03,-2.032428517182652272e-02
2.710000000000000142e+01,5.390512653972838637e-03,-2.085154643733639485e-02
2.720000000000000284e+01,5.771476689027059577e-03,-2.139754838791840807e-02
2.730000000000000071e+01,6.166974349698155396e-03,-2.196295713221328022e-02
2.740000000000000213e+01,6.577560087995396217e-03,-2.254846245466161220e-02
2.750000000000000355e+01,7.003809508050538001e-03,-2.315477865702374877e-02
2.760000000000000497e+01,7.446320173062779581e-03,-2.378264542980984553e-02
2.770000000000000284e+01,7.905712443028459907e-03,-2.443282875468368726e-02
2.780000000000000071e+01,8.382630344429837371e-03,-2.510612183894110616e-02
2.790000000000000213e+01,8.877742473101874615e-03,-2.580334608320279666e-02
2.800000000000000355e+01,9.391742931543430734e-03,-2.652535208350249862e-02
2.810000000000000142e+01,9.925352301986153231e-03,-2.727302066899280064e-02
2.820000000000000284e+01,1.047931865658576281e-02,-2.804726397653441866e-02
2.830000000000000426e+01,1.105441860615166347e-02,-2.884902656348024841e-02
2.840000000000000568e+01,1.165145838888516014e-02,-2.967928656001161958e-02
2.850000000000000355e+01,1.227127500065265664e-02,-3.053905686243253009e-02
2.860000000000000142e+01,1.291473736837818811e-02,-3.142938636887748771e-02
2.870000000000000284e+01,1.358274756820064197e-02,-3.235136125894105819e-02
2.880000000000000426e+01,1.427624209010299253e-02,-3.330610631878942740e-02
2.890000000000000213e+01,1.499619315078662418e-02,-3.429478631337141981e-02
2.900000000000000355e+01,1.574361005663149973e-02,-3.531860740740230126e-02
2.910000000000000497e+01,1.651954061865245141e-02,-3.637881863685430567e-02
2.920000000000000284e+01,1.732507262143571578e-02,-3.747671343274937283e-02
2.930000000000000071e+01,1.816133534811458297e-02,-3.861363119911213893e-02
2.940000000000000213e+01,1.902950116352250531e-02,-3.979095894700931946e-02
2.950000000000000355e+01,1.993078715774264723e-02,-4.101013298666829343e-02
2.960000000000000142e+01,2.086645685235836642e-02,-4.227264067973938999e-02
2.970000000000000284e+01,2.183782197179627918e-02,-4.358002225383966755e-02
2.980000000000000426e+01,2.284624428224557233e-02,-4.493387268159187986e-02
2.990000000000000213e+01,2.389313750073114237e-02,-4.633584362645103150e-02
3.000000000000000355e+01,2.494634541893847243e-02,-4.774273033853800030e-02
3.010000000000000142e+01,2.595899392843518602e-02,-4.908757066417844539e-02
3.020000000000000284e+01,2.696446914775907713e-02,-5.041473446011078552e-02
3.030000000000000426e+01,2.796253502144284767e-02,-5.172368363082794490e-02
3.040000000000000568e+01,2.895295723351149278e-02,-5.301388746590048051e-02
3.050000000000000000e+01,2.993550326249297747e-02,-5.428482285515234124e-02
3.060000000000000142e+01,3.090994243600711858e-02,-5.553597450075436343e-02
3.070000000000000284e+01,3.187604598492055352e-02,-5.676683512615087607e-02
3.080000000000000426e+01,3.283358709705495176e-02,-5.797690568173349823e-02
3.090000000000000213e+01,3.378234097043572581e-02,-5.916569554717990287e-02
3.100000000000000355e+01,3.472208486606867539e-02,-6.033272273037459249e-02
3.110000000000000497e+01,3.565259816023263334e-02,-6.147751406283156334e-02
3.120000000000000639e+01,3.657366239627511673e-02,-6.259960539153922032e-02
3.130000000000000071e+01,3.748506133589953049e-02,-6.369854176715029903e-02
3.140000000000000213e+01,3.838658100993142669e-02,-6.477387762844002972e-02
3.150000000000000355e+01,3.927800976855201631e-02,-6.582517698295795028e-02
3.160000000000000142e+01,4.015913833098704727e-02,-6.685201358379962155e-02
3.170000000000000284e+01,4.102975983464016152e-02,-6.785397110242816221e-02
3.180000000000000426e+01,4.188966988365754734e-02,-6.883064329747322352e-02
3.190000000000000568e+01,4.273866659691403364e-02,-6.978163417944056868e-02
3.200000000000000711e+01,4.357655065540904510e-02,-7.070655817126547671e-02
3.210000000000000142e+01,4.440312534906031700e-02,-7.160504026464364902e-02
3.220000000000000284e+01,4.521819662288587699e-02,-7.247671617207784855e-02
3.230000000000000426e+01,4.602157312256212329e-02,-7.332123247457712767e-02
3.240000000000000568e+01,4.681306623934819444e-02,-7.413824676494989996e-02
3.250000000000000711e+01,4.759249015436555624e-02,-7.492742778663206982e-02
3.260000000000000853e+01,4.835966188222293877e-02,-7.568845556799444485e-02
3.270000000000000284e+01,4.911440131397547953e-02,-7.642102155207414205e-02
3.279999999999999716e+01,4.985653125940919111e-02,-7.712482872167861214e-02
3.289999999999999858e+01,5.058587748863976191e-02,-7.779959171981037924e-02
3.300000000000000000e+01,5.130226877301670430e-02,-7.844503696536456183e-02
3.310000000000000142e+01,5.200553692532233763e-02,-7.906090276405153272e-02
3.320000000000000284e+01,5.269551683925763341e-02,-7.964693941450030901e-02
3.330000000000000426e+01,5.337204652820366074e-02,-8.020290930949951214e-02
3.340000000000000568e+01,5.403496716325174171e-02,-8.072858703233450062e-02
3.350000000000000711e+01,5.468412311049131169e-02,-8.122375944818219229e-02
3.360000000000000142e+01,5.531936196754827506e-02,-8.168822579052584243e-02
3.370000000000000284e+01,5.594053459936446787e-02,-8.212179774255592979e-02
3.380000000000000426e+01,5.654749517321019242e-02,-8.252429951352195647e-02
3.390000000000000568e+01,5.714010119292130957e-02,-8.289556791000719793e-02
3.400000000000000711e+01,5.771821353235298546e-02,-8.323545240209456741e-02
3.410000000000000853e+01,5.828169646804248066e-02,-8.354381518439876753e-02
3.420000000000000284e+01,5.883041771107289791e-02,-8.382053123193934641e-02
3.429999999999999716e+01,5.936424843813068591e-02,-8.406548835083156590e-02
3.439999999999999858e+01,5.988306332174941210e-02,-8.427858722377520873e-02
3.450000000000000000e+01,6.038674055973303895e-02,-8.445974145032252023e-02
3.460000000000000142e+01,6.087516190375125841e-02,-8.460887758190931141e-02
3.470000000000000284e+01,6.134821268710081293e-02,-8.472593515163413802e-02
3.480000000000000426e+01,6.180578185162568378e-02,-8.481086669877466178e-02
3.490000000000000568e+01,6.224776197379033177e-02,-8.486363778803060476e-02
3.500000000000000711e+01,6.267404928989944723e-02,-8.488422702348519255e-02
3.510000000000000142e+01,6.308454372045863012e-02,-8.487262605728036757e-02
3.520000000000000284e+01,6.347914889366988722e-02,-8.482883959300102639e-02
3.530000000000000426e+01,6.385777216805701983e-02,-8.475288538376858638e-02
3.540000000000000568e+01,6.422032465421510794e-02,-8.464479422504223027e-02
3.550000000000000711e+01,6.456672123567885890e-02,-8.450460994213362942e-02
3.560000000000000853e+01,6.489688058890556721e-02,-8.433238937243767164e-02
3.570000000000000995e+01,6.521072520236748105e-02,-8.412820234238807537e-02
3.579999999999999716e+01,6.550818139474900992e-02,-8.389213163914632787e-02
3.589999999999999858e+01,6.578917933224498471e-02,-8.362427297703577123e-02
3.600000000000000000e+01,6.605365304495572354e-02,-8.332473495873474190e-02
3.610000000000000142e+01,6.630154044237443478e-02,-8.299363903124343245e-02
3.620000000000000284e+01,6.653278332796447314e-02,-8.263111943664380732e-02
3.630000000000000426e+01,6.674732741282214665e-02,-8.223732315767134926e-02
3.640000000000000568e+01,6.694512232842184107e-02,-8.181240985812114619e-02
3.650000000000000711e+01,6.712612163844139390e-02,-8.135655181811279890e-02
3.660000000000000142e+01,6.729028284966385998e-02,-8.086993386423971253e-02
3.670000000000000284e+01,6.743756742195337883e-02,-8.035275329463148486e-02
3.680000000000000426e+01,6.756794077730368664e-02,-7.980521979896015861e-02
3.690000000000000568e+01,6.768137230795556736e-02,-7.922755537342147936e-02
3.700000000000000711e+01,6.777783538358289617e-02,-7.861999423072765780e-02
3.710000000000000853e+01,6.785730735754469389e-02,-7.798278270514594213e-02
3.720000000000000995e+01,6.791976957220158262e-02,-7.731617915262313512e-02
3.730000000000000426e+01,6.796520736329636492e-02,-7.662045384603576037e-02
3.739999999999999858e+01,6.799361006339654789e-02,-7.589588886560846848e-02
3.750000000000000000e+01,6.800497100439883980e-02,-7.514277798454530033e-02
3.760000000000000142e+01,6.799928751909452285e-02,-7.436142654992007606e-02
3.770000000000000284e+01,6.797656094179571618e-02,-7.355215135887402389e-02
3.780000000000000426e+01,6.793679660802212639e-02,-7.271528053017117799e-02
3.790000000000000568e+01,6.788000385324829966e-02,-7.185115337116337875e-02
3.800000000000000711e+01,6.780619601071222191e-02,-7.096012024021880471e-02
3.810000000000000142e+01,6.771539040828471190e-02,-7.004254240467019943e-02
3.820000000000000284e+01,6.760760836440160571e-02,-6.909879189433952573e-02
3.830000000000000426e+01,6.748287518305870480e-02,-6.812925135069961002e-02
3.840000000000000568e+01,6.734122014787118082e-02,-6.713431387173296461e-02
3.850000000000000711e+01,6.718267651519874151e-02,-6.611438285255098746e-02
3.860000000000000853e+01,6.700728150633791791e-02,-6.506987182183859852e-02
3.870000000000000995e+01,6.681507629878369325e-02,-6.400120427418959368e-02
3.880000000000000426e+01,6.660610601656224983e-02,-6.290881349840218850e-02
3.889999999999999858e+01,6.638041971963706822e-02,-6.179314240180286411e-02
3.900000000000000000e+01,6.613807039239137653e-02,-6.065464333067042274e-02
3.910000000000000142e+01,6.587911493118883688e-02,-5.949377788683359730e-02
3.920000000000000284e+01,6.560361413101592487e-02,-5.831101674051538536e-02
3.930000000000000426e+01,6.531163267120929095e-02,-5.710683943950101843e-02
3.940000000000000568e+01,6.500323910027082375e-02,-5.588173421470623431e-02
3.950000000000000711e+01,6.467850581977453717e-02,-5.463619778222549711e-02
3.960000000000000142e+01,6.433750906736872277e-02,-5.337073514193929613e-02
3.970000000000000284e+01,6.398032889887812769e-02,-5.208585937276326988e-02
3.980000000000000426e+01,6.360704916950862819e-02,-5.078209142462150605e-02
3.990000000000000568e+01,6.321775751416089384e-02,-4.945995990722851232e-02
4.000000000000000711e+01,6.281254532685630332e-02,-4.812000087576578239e-02
4.010000000000000853e+01,6.239150773928025390e-02,-4.676275761353926308e-02
4.020000000000000995e+01,6.195474359844809625e-02,-4.538878041170661681e-02
4.030000000000000426e+01,6.150235544349900302e-02,-4.399862634616274332e-02
4.039999999999999858e+01,6.103444948162262823e-02,-4.259285905167468911e-02
4.050000000000000000e+01,6.055113556312500395e-02,-4.117204849335732997e-02
4.060000000000000142e+01,6.005252715563879490e-02,-3.973677073558215533e-02
4.070000000000000284e+01,5.953874131748477377e-02,-3.828760770841344030e-02
4.080000000000000426e+01,5.900989867018969354e-02,-3.682514697166597989e-02
4.090000000000000568e+01,5.846612337016825894e-02,-3.534998147668032970e-02
4.100000000000000711e+01,5.790754307957480390e-02,-3.386270932591195493e-02
4.110000000000000142e+01,5.733428893633193274e-02,-3.236393353043219567e-02
4.120000000000000284e+01,5.674649552334337654e-02,-3.085426176543851207e-02
4.130000000000000426e+01,5.614430083689811446e-02,-2.933430612387426251e-02
4.140000000000000568e+01,5.552784625427258092e-02,-2.780468286825683172e-02
4.150000000000000711e+01,5.489727650053995156e-02,-2.626601218081549283e-02
4.160000000000000853e+01,5.425273961459275290e-02,-2.471891791203989497e-02
4.170000000000000995e+01,5.359438691438773994e-02,-2.316402732774142104e-02
4.180000000000000426e+01,5.292237296142115327e-02,-2.160197085472962547e-02
4.189999999999999858e+01,5.221424852035808778e-02,-1.998165287320086136e-02
4.200000000000000000e+01,5.156315927343907424e-02,-1.832728537647887457e-02
4.210000000000000142e+01,5.099079945641360467e-02,-1.668857902985274727e-02
4.220000000000000284e+01,5.049636667249871036e-02,-1.506353465281430777e-02
4.230000000000000426e+01,5.007916777157562366e-02,-1.345016973211456308e-02
4.240000000000000568e+01,4.973861787845573756e-02,-1.184651600314731192e-02
4.250000000000000711e+01,4.947423957293837354e-02,-1.025061704871596362e-02
4.260000000000000142e+01,4.928566222051101314e-02,-8.660525912253644668e-03
4.270000000000000284e+01,4.917262145275293900e-02,-7.074302722585383216e-03
4.280000000000000426e+01,4.913495879671456873e-02,-5.490012327333805738e-03
4.290000000000000568e+01,4.917262145275289043e-02,-3.905721932082261219e-03
4.300000000000000711e+01,4.928566222051097151e-02,-2.319498742413962904e-03
4.310000000000000853e+01,4.947423957293827640e-02,-7.294076059516669402e-04
4.320000000000000995e+01,4.973861787845560573e-02,8.664913484796882975e-04
4.330000000000000426e+01,5.007916777157549182e-02,2.470145077446929058e-03
4.339999999999999858e+01,5.049636667249855077e-02,4.083509998146670275e-03
4.350000000000000000e+01,5.099079945641341732e-02,5.708554375185121918e-03
4.360000000000000142e+01,5.156315927343891464e-02,7.347260721811223194e-03
4.370000000000000284e+01,5.221424852035790737e-02,9.001628218533190909e-03
4.380000000000000426e+01,5.292237296142095898e-02,1.062194620006193420e-02
4.390000000000000568e+01,5.359438691438752483e-02,1.218400267307374711e-02
4.400000000000000711e+01,5.425273961459253086e-02,1.373889325737219676e-02
4.410000000000000142e+01,5.489727650053976421e-02,1.528598752614777727e-02
4.420000000000000284e+01,5.552784625427240051e-02,1.682465821358913871e-02
4.430000000000000426e+01,5.614430083689789935e-02,1.835428146920656256e-02
4.440000000000000568e+01,5.674649552334320307e-02,1.987423711077081906e-02
4.450000000000000711e+01,5.733428893633173151e-02,2.138390887576446797e-02
4.460000000000000853e+01,5.790754307957460961e-02,2.288268467124424804e-02
4.470000000000000995e+01,5.846612337016810629e-02,2.436995682201259505e-02
4.480000000000000426e+01,5.900989867018955476e-02,2.584512231699827300e-02
4.490000000000000568e+01,5.953874131748457948e-02,2.730758305374571260e-02
4.500000000000000000e+01,6.005252715563860061e-02,2.875674608091442763e-02
4.510000000000000142e+01,6.055113556312480966e-02,3.019202383868960921e-02
4.520000000000000284e+01,6.103444948162246170e-02,3.161283439700698916e-02
4.530000000000000426e+01,6.150235544349880873e-02,3.301860169149502949e-02
4.540000000000000568e+01,6.195474359844795748e-02,3.440875575703891687e-02
4.550000000000000711e+01,6.239150773928012900e-02,3.578273295887157007e-02
4.560000000000000142e+01,6.281254532685624781e-02,3.713997622109809632e-02
4.570000000000000284e+01,6.321775751416083833e-02,3.847993525256084707e-02
4.580000000000000426e+01,6.360704916950860044e-02,3.980206676995386161e-02
4.590000000000000568e+01,6.398032889887809993e-02,4.110583471809564626e-02
4.600000000000000711e+01,6.433750906736876440e-02,4.239071048727170027e-02
4.610000000000000853e+01,6.467850581977452329e-02,4.365617312755791513e-02
4.620000000000000995e+01,6.500323910027090701e-02,4.490170956003865232e-02
4.630000000000001137e+01,6.531163267120942972e-02,4.612681478483344338e-02
4.640000000000000568e+01,6.560361413101610528e-02,4.733099208584785889e-02
4.650000000000000000e+01,6.587911493118898953e-02,4.851375323216609164e-02
4.660000000000000142e+01,6.613807039239155694e-02,4.967461867600291708e-02
4.670000000000000284e+01,6.638041971963724863e-02,5.081311774713533069e-02
4.680000000000000426e+01,6.660610601656244412e-02,5.192878884373471754e-02
4.690000000000000568e+01,6.681507629878388754e-02,5.302117961952208802e-02
4.700000000000000711e+01,6.700728150633818159e-02,5.408984716717110675e-02
4.710000000000000142e+01,6.718267651519897743e-02,5.513435819788356507e-02
4.720000000000000284e+01,6.734122014787143062e-02,5.615428921706551446e-02
4.730000000000000426e+01,6.748287518305892685e-02,5.714922669603220151e-02
4.740000000000000568e+01,6.760760836440185551e-02,5.811876723967213110e-02
4.750000000000000711e+01,6.771539040828497558e-02,5.906251775000276316e-02
4.760000000000000853e+01,6.780619601071247171e-02,5.998009558555142395e-02
4.770000000000000995e+01,6.788000385324853558e-02,6.087112871649592860e-02
4.780000000000001137e+01,6.793679660802232068e-02,6.173525587550378335e-02
4.790000000000000568e+01,6.797656094179592434e-02,6.257212670420664313e-02
4.800000000000000000e+01,6.799928751909473101e-02,6.338140189525268142e-02
4.810000000000000142e+01,6.800497100439908960e-02,6.416275332987796121e-02
4.820000000000000284e+01,6.799361006339683933e-02,6.491586421094112935e-02
4.830000000000000426e+01,6.796520736329664247e-02,6.564042919136844900e-02
4.840000000000000568e+01,6.791976957220186017e-02,6.633615449795585151e-02
4.850000000000000711e+01,6.785730735754499920e-02,6.700275805047867239e-02
4.860000000000000142e+01,6.777783538358324311e-02,6.763996957606040195e-02
4.870000000000000284e+01,6.768137230795592818e-02,6.824753071875425126e-02
4.880000000000000426e+01,6.756794077730407522e-02,6.882519514429295826e-02
4.890000000000000568e+01,6.743756742195386455e-02,6.937272863996435390e-02
4.900000000000000711e+01,6.729028284966435958e-02,6.988990920957259545e-02
4.910000000000000853e+01,6.712612163844197677e-02,7.037652716344573733e-02
4.920000000000000995e+01,6.694512232842236843e-02,7.083238520345411238e-02
4.930000000000001137e+01,6.674732741282270176e-02,7.125729850300434320e-02
4.940000000000000568e+01,6.653278332796509764e-02,7.165109478197689841e-02
4.950000000000000000e+01,6.630154044237507316e-02,7.201361437657657905e-02
4.960000000000000142e+01,6.605365304495641743e-02,7.234471030406787462e-02
4.970000000000000284e+01,6.578917933224570636e-02,7.264424832236895946e-02
4.980000000000000426e+01,6.550818139474970381e-02,7.291210698447948835e-02
4.990000000000000568e+01,6.521072520236825820e-02,7.314817768772134687e-02
5.000000000000000711e+01,6.489688058890639988e-02,7.335236471777101253e-02
5.010000000000000142e+01,6.456672123567969157e-02,7.352458528746708133e-02
5.020000000000000284e+01,6.422032465421601000e-02,7.366476957037573770e-02
5.030000000000000426e+01,6.385777216805799128e-02,7.377286072910217707e-02
5.040000000000000568e+01,6.347914889367084479e-02,7.384881493833470034e-02
5.050000000000000711e+01,6.308454372045962932e-02,7.389260140261395826e-02
5.060000000000000853e+01,6.267404928990048807e-02,7.390420236881886651e-02
5.070000000000000995e+01,6.224776197379138648e-02,7.388361313336429259e-02
5.080000000000001137e+01,6.180578185162675237e-02,7.383084204410841900e-02
5.090000000000000568e+01,6.134821268710185377e-02,7.374591049696786749e-02
5.100000000000000000e+01,6.087516190375231312e-02,7.362885292724311026e-02
5.110000000000000142e+01,6.038674055973414917e-02,7.347971679565634684e-02
5.120000000000000284e+01,5.988306332175052232e-02,7.329856256910897983e-02
5.130000000000000426e+01,5.936424843813179614e-02,7.308546369616536476e-02
5.140000000000000568e+01,5.883041771107398038e-02,7.284050657727321465e-02
5.150000000000000711e+01,5.828169646804354925e-02,7.256379052973258026e-02
5.160000000000000142e+01,5.771821353235406099e-02,7.225542774742832464e-02
5.170000000000000284e+01,5.714010119292236428e-02,7.191554325534096903e-02
5.180000000000000426e+01,5.654749517321126101e-02,7.154427485885572757e-02
5.190000000000000568e+01,5.594053459936542544e-02,7.114177308788960374e-02
5.200000000000000711e+01,5.531936196754921181e-02,7.070820113585958577e-02
5.210000000000000853e+01,5.468412311049220681e-02,7.024373479351579685e-02
5.220000000000000995e+01,5.403496716325263682e-02,6.974856237766816069e-02
5.230000000000001137e+01,5.337204652820453504e-02,6.922288465483318609e-02
5.240000000000000568e+01,5.269551683925847302e-02,6.866691475983389970e-02
5.250000000000000711e+01,5.200553692532317029e-02,6.808087810938512341e-02
5.260000000000000142e+01,5.130226877301751615e-02,6.746501231069812476e-02
5.270000000000000284e+01,5.058587748864055295e-02,6.681956706514394217e-02
5.280000000000000426e+01,4.985653125940992664e-02,6.614480406701211956e-02
5.290000000000000568e+01,4.911440131397621506e-02,6.544099689740763559e-02
5.300000000000000711e+01,4.835966188222366041e-02,6.470843091332792452e-02
5.310000000000000142e+01,4.759249015436626401e-02,6.394740313196554948e-02
5.320000000000000284e+01,4.681306623934882588e-02,6.315822211028332411e-02
5.330000000000000426e+01,4.602157312256275473e-02,6.234120781991053795e-02
5.340000000000000568e+01,4.521819662288648067e-02,6.149669151741127271e-02
5.350000000000000711e+01,4.440312534906091374e-02,6.062501560997707317e-02
5.360000000000000853e+01,4.357655065540959327e-02,5.972653351659890086e-02
5.370000000000000995e+01,4.273866659691458181e-02,5.880160952477397895e-02
5.380000000000001137e+01,4.188966988365807470e-02,5.785061864280666155e-02
5.390000000000000568e+01,4.102975983464070969e-02,5.687394644776164188e-02
5.400000000000000711e+01,4.015913833098758851e-02,5.587198892913311510e-02
5.410000000000000142e+01,3.927800976855251591e-02,5.484515232829140219e-02
5.420000000000000284e+01,3.838658100993196792e-02,5.379385297377359265e-02
5.430000000000000426e+01,3.748506133590008560e-02,5.271851711248383421e-02
5.440000000000000568e+01,3.657366239627564408e-02,5.161958073687275550e-02
5.450000000000000711e+01,3.565259816023314682e-02,5.049748940816512627e-02
5.460000000000000142e+01,3.472208486606918887e-02,4.935269807570819012e-02
5.470000000000000284e+01,3.378234097043623235e-02,4.818567089251352131e-02
5.480000000000000426e+01,3.283358709705545830e-02,4.699688102706708892e-02
5.490000000000000568e+01,3.187604598492104618e-02,4.578681047148449451e-02
5.500000000000000711e+01,3.090994243600763206e-02,4.455594984608800269e-02
5.510000000000000853e+01,2.993550326249344931e-02,4.330479820048596662e-02
5.520000000000000995e+01,2.895295723351196462e-02,4.203386281123410589e-02
5.530000000000001137e+01,2.796253502144329176e-02,4.074365897616156335e-02
5.540000000000000568e+01,2.696446914775953510e-02,3.943470980544446641e-02
5.550000000000000711e+01,2.595899392843559542e-02,3.810754600951207077e-02
5.560000000000000142e+01,2.494634541893887489e-02,3.676270568387167426e-02
5.570000000000000284e+01,2.389313750073154483e-02,3.535581897178470545e-02
5.580000000000000426e+01,2.284624428224597131e-02,3.395384802692556769e-02
5.590000000000000568e+01,2.183782197179667123e-02,3.259999759917335538e-02
5.600000000000000711e+01,2.086645685235875847e-02,3.129261602507309864e-02
5.610000000000000142e+01,1.993078715774304621e-02,3.003010833200201596e-02
5.620000000000000284e+01,1.902950116352289736e-02,2.881093429234309750e-02
5.630000000000000426e+01,1.816133534811497849e-02,2.763360654444587533e-02
5.640000000000000568e+01,1.732507262143611129e-02,2.649668877808312312e-02
5.650000000000000711e+01,1.651954061865283999e-02,2.539879398218806983e-02
5.660000000000000853e+01,1.574361005663187096e-02,2.433858275273603766e-02
5.670000000000000995e+01,1.499619315078698847e-02,2.331476165870519091e-02
5.680000000000001137e+01,1.427624209010333600e-02,2.232608166412319156e-02
5.690000000000000568e+01,1.358274756820100279e-02,2.137133660427480153e-02
5.700000000000000711e+01,1.291473736837848649e-02,2.044936171421123799e-02
5.710000000000000142e+01,1.227127500065295154e-02,1.955903220776626650e-02
5.720000000000000284e+01,1.165145838888547239e-02,1.869926190534536292e-02
5.730000000000000426e+01,1.105441860615195490e-02,1.786900190881397787e-02
5.740000000000000568e+01,1.047931865658605077e-02,1.706723932186814813e-02
5.750000000000000711e+01,9.925352301986423847e-03,1.629299601432653705e-02
5.760000000000000853e+01,9.391742931543684003e-03,1.554532742883622635e-02
5.770000000000000284e+01,8.877742473102138293e-03,1.482332142853651051e-02
5.780000000000000426e+01,8.382630344430107988e-03,1.412609718427480614e-02
5.790000000000000568e+01,7.905712443028702768e-03,1.345280410001739764e-02
5.800000000000000711e+01,7.446320173062999891e-03,1.280262077514354203e-02
5.810000000000000853e+01,7.003809508050758310e-03,1.217475400235745568e-02
5.820000000000000995e+01,6.577560087995613057e-03,1.156843779999530870e-02
5.830000000000001137e+01,6.166974349698353154e-03,1.098293247754698714e-02
5.840000000000000568e+01,5.771476689027239988e-03,1.041752373325213581e-02
5.850000000000000711e+01,5.390512653973025987e-03,9.871521782670084413e-03
5.860000000000000142e+01,5.023548167357256601e-03,9.344260517160194943e-03
5.870000000000000284e+01,4.670068778104313929e-03,8.835096691245982944e-03
5.880000000000000426e+01,4.329578940027522561e-03,8.343409137871944312e-03
5.890000000000000568e+01,4.001601317117994654e-03,7.868598010595259998e-03
5.900000000000000711e+01,3.685676114362775903e-03,7.410084051788322704e-03
5.910000000000000853e+01,3.381360433153694257e-03,6.967307885958980498e-03
5.920000000000000284e+01,3.088227650383555851e-03,6.539729337326478584e-03
5.930000000000000426e+01,2.805866820358959325e-03,6.126826770820653981e-03
5.940000000000000568e+01,2.533882098691692293e-03,5.728096455700213904e-03
5.950000000000000711e+01,2.271892187360484948e-03,5.343051951013968667e-03
5.960000000000000853e+01,2.019529800165756513e-03,4.971223512155061725e-03
5.970000000000000995e+01,1.776441147827411034e-03,4.612157517784412977e-03
5.980000000000000426e+01,1.542285442004285613e-03,4.265415916424059734e-03
5.990000000000001279e+01,1.316734417539646047e-03,3.930575692045376254e-03
6.000000000000000711e+01,1.099471872263006918e-03,3.607228348000248927e-03
6.010000000000000853e+01,8.901932237034152276e-04,3.294979408665242235e-03
6.020000000000000284e+01,6.886050820921448337e-04,2.993447938191567612e-03
6.029999999999999716e+01,4.944248390568320786e-04,2.702266075772613921e-03
6.040000000000000568e+01,3.073802714299899222e-04,2.421078586863292456e-03
6.050000000000000000e+01,1.272091596168202846e-04,2.149542429802605778e-03
6.060000000000000853e+01,-4.634108001314984210e-05,1.887326337311657706e-03
6.070000000000000284e+01,-2.135137492253148458e-04,1.634110412355683703e-03
6.080000000000001137e+01,-3.745432090072773820e-04,1.389585737877901614e-03
6.090000000000000568e+01,-5.296552081216600663e-04,1.153453999928477289e-03
6.100000000000000000e+01,-6.790671995856095364e-04,9.254271237288790725e-04
6.110000000000000853e+01,-8.229886455201089121e-04,7.052269222279344135e-04
6.120000000000000284e+01,-9.616213107971781013e-04,4.925847567207371908e-04
6.130000000000001137e+01,-1.095159545895871105e-03,2.872412091161052200e-04
6.140000000000000568e+01,-1.223790559364122503e-03,8.894576545301867421e-05
6.150000000000001421e+01,-1.347694680268173364e-03,-1.025434897201533968e-04
6.160000000000000853e+01,-1.467045610997824538e-03,-2.874601684762102122e-04
6.170000000000000995e+01,-1.582010670781191890e-03,-4.660298645102634724e-04
6.180000000000000426e+01,-1.692751030251608661e-03,-6.384704283579987344e-04
6.189999999999999858e+01,-1.799421937393761405e-03,-8.049922331682998061e-04
6.200000000000000711e+01,-1.902172935187798446e-03,-9.657984313528097248e-04
6.210000000000000142e+01,-2.001148071254825293e-03,-1.121085202426935420e-03
6.220000000000000995e+01,-2.096486099798767176e-03,-1.271041992343921109e-03
6.230000000000000426e+01,-2.188320676127185165e-03,-1.415851744614131727e-03
6.240000000000001279e+01,-2.276780544024042778e-03,-1.555691123491473662e-03
6.250000000000000711e+01,-2.361989716236684647e-03,-1.690730729499373333e-03
6.260000000000000142e+01,-2.444067648330744413e-03,-1.821135307559196628e-03
6.270000000000000995e+01,-2.523129406155867442e-03,-1.947063947974796930e-03
6.280000000000000426e+01,-2.599285827157719712e-03,-2.068670280518730090e-03
6.290000000000001279e+01,-2.672643675762133471e-03,-2.186102661856736615e-03
6.300000000000000711e+01,-2.743305793049081835e-03,-2.299504356539085973e-03
6.310000000000000853e+01,-2.811371240926572972e-03,-2.409013711779791136e-03
6.320000000000000284e+01,-2.876935441006737808e-03,-2.514764326236646266e-03
6.329999999999999716e+01,-2.940090308377974436e-03,-2.616885212998238622e-03
6.340000000000000568e+01,-3.000924380461887989e-03,-2.715500956976838950e-03
6.350000000000000000e+01,-3.059522941134570732e-03,-2.810731866898583207e-03
6.360000000000000853e+01,-3.115968140287010517e-03,-2.902694122077313036e-03
6.370000000000000284e+01,-3.170339108991791603e-03,-2.991499914150250617e-03
6.380000000000001137e+01,-3.222712070437640068e-03,-3.077257583949141121e-03
6.390000000000000568e+01,-3.273160446787519960e-03,-3.160071753673231870e-03
6.400000000000001421e+01,-3.321754962109963426e-03,-3.240043454525705444e-03
6.410000000000000853e+01,-3.368563741527617721e-03,-3.317270249969308474e-03
6.420000000000000284e+01,-3.413652406722689041e-03,-3.391846354751192408e-03
6.430000000000001137e+01,-3.457084167932614020e-03,-3.463862749842632708e-03
6.440000000000000568e+01,-3.498919912564869665e-03,-3.533407293433521099e-03
6.450000000000001421e+01,-3.539218290556023043e-03,-3.600564828117073721e-03
6.460000000000000853e+01,-3.578035796593273359e-03,-3.665417284395728129e-03
6.470000000000001705e+01,-3.615426849315125750e-03,-3.728043780634264157e-03
6.480000000000001137e+01,-3.651443867601306646e-03,-3.788520719582192525e-03
6.490000000000000568e+01,-3.686137344059338232e-03,-3.846921881583290417e-03
6.500000000000001421e+01,-3.719555915810596018e-03,-3.903318514585625218e-03
6.510000000000000853e+01,-3.751746432675190195e-03,-3.957779421062361871e-03
6.520000000000001705e+01,-3.782754022851160351e-03,-4.010371041949000251e-03
6.530000000000001137e+01,-3.812622156180198001e-03,-4.061157537699680922e-03
6.540000000000000568e+01,-3.841392705088208202e-03,-4.110200866561245989e-03
6.550000000000000000e+01,-3.869106003287037070e-03,-4.157560860160851648e-03
6.559999999999999432e+01,-3.895800902318401031e-03,-4.203295296498947911e-03
6.570000000000000284e+01,-3.921514826020338143e-03,-4.247459970437100774e-03
6.579999999999999716e+01,-3.946283822992102501e-03,-4.290108761766145765e-03
6.590000000000000568e+01,-3.970142617130927379e-03,-4.331293700938359387e-03
6.600000000000000000e+01,-3.993124656311915210e-03,-4.371065032543198538e-03
6.610000000000000853e+01,-4.015262159278862146e-03,-4.409471276604444087e-03
6.620000000000000284e+01,-4.036586160812027750e-03,-4.446559287773434524e-03
6.629999999999999716e+01,-4.057126555236175054e-03,-4.482374312490556775e-03
6.640000000000000568e+01,-4.076912138329546846e-03,-4.516960044184769110e-03
6.650000000000000000e+01,-4.095970647693212424e-03,-4.550358676578413093e-03
6.660000000000000853e+01,-4.114328801636357551e-03,-4.582610955162632130e-03
6.670000000000000284e+01,-4.132012336633242126e-03,-4.613756226905735627e-03
6.680000000000001137e+01,-4.149046043403169064e-03,-4.643832488255556293e-03
6.690000000000000568e+01,-4.165453801665007331e-03,-4.672876431494084673e-03
6.700000000000001421e+01,-4.181258613614335755e-03,-4.700923489501277266e-03
6.710000000000000853e+01,-4.196482636170398121e-03,-4.728007878982158976e-03
6.720000000000000284e+01,-4.211147212038235214e-03,-4.754162642210348413e-03
6.730000000000001137e+01,-4.225272899629035732e-03,-4.779419687338868142e-03
6.740000000000000568e+01,-4.238879501881358605e-03,-4.803809827327210243e-03
6.750000000000001421e+01,-4.251986094022985711e-03,-4.827362817532456635e-03
6.760000000000000853e+01,-4.264611050312640955e-03,-4.850107392009992378e-03
6.770000000000001705e+01,-4.276772069799104729e-03,-4.872071298568344047e-03
6.780000000000001137e+01,-4.288486201133582219e-03,-4.893281332620862470e-03
6.790000000000000568e+01,-4.299769866470552586e-03,-4.913763369875352380e-03
6.800000000000001421e+01,-4.310638884489939072e-03,-4.933542397901881545e-03
6.810000000000000853e+01,-4.321108492573613562e-03,-4.952642546616961919e-03
6.820000000000001705e+01,-4.331193368166746764e-03,-4.971087117721385493e-03
6.830000000000001137e+01,-4.340907649354338281e-03,-4.988898613127788415e-03
6.840000000000000568e+01,-4.350264954681461009e-03,-5.006098762412399331e-03
6.850000000000000000e+01,-4.359278402245282506e-03,-5.022708549324491137e-03
6.859999999999999432e+01,-4.367960628085447959e-03,-5.038748237386177567e-03
6.870000000000000284e+01,-4.376323803898604474e-03,-5.054237394613270498e-03
6.879999999999999716e+01,-4.384379654102116101e-03,-5.069194917387867885e-03
6.890000000000000568e+01,-4.392139472270544485e-03,-5.083639053511336894e-03
6.900000000000000000e+01,-4.399614136968338189e-03,-5.097587424466318642e-03
6.910000000000000853e+01,-4.406814127000456376e-03,-5.111057046914386018e-03
6.920000000000000284e+01,-4.413749536102832063e-03,-5.124064353455974781e-03
6.929999999999999716e+01,-4.420430087092796882e-03,-5.136625212677771793e-03
6.940000000000000568e+01,-4.426865145499610070e-03,-5.148754948511998289e-03
6.950000000000000000e+01,-4.433063732694127700e-03,-5.160468358931089364e-03
6.960000000000000853e+01,-4.439034538535907397e-03,-5.171779734001041851e-03
6.970000000000000284e+01,-4.444785933555596251e-03,-5.182702873314815398e-03
6.980000000000001137e+01,-4.450325980689709762e-03,-5.193251102827508084e-03
6.990000000000000568e+01,-4.455662446584090879e-03,-5.203437291113702581e-03
7.000000000000001421e+01,-4.460802812482063222e-03,-5.213273865066802085e-03
7.010000000000000853e+01,-4.465754284712498100e-03,-5.222772825059477861e-03
7.020000000000000284e+01,-4.470523804792364379e-03,-5.231945759583940883e-03
7.030000000000001137e+01,-4.475118059158146415e-03,-5.240803859389487132e-03
7.040000000000000568e+01,-4.479543488539595823e-03,-5.249357931134944824e-03
7.050000000000001421e+01,-4.483806296989216976e-03,-5.257618410572642217e-03
7.060000000000000853e+01,-4.487912460579474884e-03,-5.265595375279609122e-03
7.070000000000001705e+01,-4.491867735780965751e-03,-5.273298556952073050e-03
7.080000000000001137e+01,-4.495677667532417369e-03,-5.280737353277819082e-03
7.090000000000000568e+01,-4.499347597014080428e-03,-5.287920839401232323e-03
7.100000000000001421e+01,-4.502882669135783826e-03,-5.294857778994575478e-03
7.110000000000000853e+01,-4.506287839749400538e-03,-5.301556634949631738e-03
7.120000000000001705e+01,-4.509567882596677950e-03,-5.308025579702084149e-03
7.130000000000001137e+01,-4.512727396001506124e-03,-5.314272505201745114e-03
7.140000000000001990e+01,-4.515770809316417382e-03,-5.320305032540559656e-03
7.150000000000001421e+01,-4.518702389132075829e-03,-5.326130521250050168e-03
7.159999999999999432e+01,-4.521526245258681957e-03,-5.331756078279863489e-03
7.170000000000000284e+01,-4.524246336487494115e-03,-5.337188566668061088e-03
7.179999999999999716e+01,-4.526866476140855959e-03,-5.342434613913744565e-03
7.190000000000000568e+01,-4.529390337418007055e-03,-5.347500620062528923e-03
7.200000000000000000e+01,-4.531821458544529717e-03,-5.352392765514498232e-03
7.210000000000000853e+01,-4.534163247732716194e-03,-5.357117018563945302e-03
7.220000000000000284e+01,-4.536418987959578257e-03,-5.361679142680752033e-03
7.229999999999999716e+01,-4.538591841569235112e-03,-5.366084703541508169e-03
7.240000000000000568e+01,-4.540684854706255984e-03,-5.370339075819649186e-03
7.250000000000000000e+01,-4.542700961586073997e-03,-5.374447449742266944e-03
7.260000000000000853e+01,-4.544642988608470040e-03,-5.378414837422179975e-03
7.270000000000000284e+01,-4.546513658320000366e-03,-5.382246078972528422e-03
7.280000000000001137e+01,-4.548315593230679681e-03,-5.385945848411611420e-03
7.290000000000000568e+01,-4.550051319490567951e-03,-5.389518659365011635e-03
7.300000000000001421e+01,-4.551723270431118178e-03,-5.392968870572212997e-03
7.310000000000000853e+01,-4.553333789976600314e-03,-5.396300691204091934e-03
7.320000000000000284e+01,-4.554885135930017946e-03,-5.399518185997939992e-03
7.330000000000001137e+01,-4.556379483138322910e-03,-5.402625280216443240e-03
7.340000000000000568e+01,-4.557818926541302822e-03,-5.405625764436422856e-03
7.350000000000001421e+01,-4.559205484108696908e-03,-5.408523299173054535e-03
7.360000000000000853e+01,-4.560541099669040803e-03,-5.411321419345868980e-03
7.370000000000001705e+01,-4.561827645634677734e-03,-5.414023538591014248e-03
7.380000000000001137e+01,-4.563066925626929442e-03,-5.416632953426018041e-03
7.390000000000000568e+01,-4.564260677004466048e-03,-5.419152847271289583e-03
7.400000000000001421e+01,-4.565410573298875167e-03,-5.421586294333912218e-03
7.410000000000000853e+01,-4.566518226560979492e-03,-5.423936263358084334e-03
7.420000000000001705e+01,-4.567585189620588203e-03,-5.426205621246878510e-03
7.430000000000001137e+01,-4.568612958263623507e-03,-5.428397136559822214e-03
7.440000000000001990e+01,-4.569602973328906921e-03,-5.430513482890436498e-03
7.450000000000001421e+01,-4.570556622728166700e-03,-5.432557242127983646e-03
7.460000000000000853e+01,-4.571475243391731440e-03,-5.434530907607331221e-03
7.470000000000000284e+01,-4.572360123142839815e-03,-5.436436887150722028e-03
7.479999999999999716e+01,-4.573212502503021075e-03,-5.438277506005189180e-03
7.490000000000000568e+01,-4.574033576431139718e-03,-5.440055009679445677e-03
7.500000000000000000e+01,-4.574824495998739381e-03,-5.441771566683234820e-03
7.510000000000000853e+01,-4.575586370003613228e-03,-5.443429271172891062e-03
7.520000000000000284e+01,-4.576320266524327822e-03,-5.445030145506225133e-03
7.529999999999999716e+01,-4.577027214417548825e-03,-5.446576142709607868e-03
7.540000000000000568e+01,-4.577708204760382905e-03,-5.448069148860739536e-03
7.550000000000000000e+01,-4.578364192239805369e-03,-5.449510985389545425e-03
7.560000000000000853e+01,-4.578996096491034888e-03,-5.450903411300314985e-03
7.570000000000000284e+01,-4.579604803386747892e-03,-5.452248125317629354e-03
7.580000000000001137e+01,-4.580191166279087671e-03,-5.453546767958743560e-03
7.590000000000000568e+01,-4.580756007195850750e-03,-5.454800923534985566e-03
7.600000000000001421e+01,-4.581300117993031100e-03,-5.456012122084611185e-03
7.610000000000000853e+01,-4.581824261464805502e-03,-5.457181841239411649e-03
7.620000000000000284e+01,-4.582329172413020062e-03,-5.458311508027278644e-03
7.630000000000001137e+01,-4.582815558677236049e-03,-5.459402500613283818e-03
7.640000000000000568e+01,-4.583284102127048974e-03,-5.460456149980925933e-03
7.650000000000001421e+01,-4.583735459618094692e-03,-5.461473741555930919e-03
7.660000000000000853e+01,-4.584170263912823277e-03,-5.462456516774375978e-03
7.670000000000001705e+01,-4.584589124567556816e-03,-5.463405674597328690e-03
7.680000000000001137e+01,-4.584992628787159900e-03,-5.464322372973453093e-03
7.690000000000000568e+01,-4.585381342248093066e-03,-5.465207730251707766e-03
7.700000000000001421e+01,-4.585755809891535299e-03,-5.466062826545660738e-03
7.710000000000000853e+01,-4.586116556687297278e-03,-5.466888705051299938e-03
7.720000000000001705e+01,-4.586464088369838522e-03,-5.467686373319619389e-03
7.730000000000001137e+01,-4.586798892147174282e-03,-5.468456804485830394e-03
7.740000000000001990e+01,-4.587121437383981891e-03,-5.469200938456561176e-03
7.750000000000001421e+01,-4.587432176259557091e-03,-5.469919683056550727e-03
7.760000000000000853e+01,-4.587731544401742710e-03,-5.470613915136113628e-03
7.770000000000000284e+01,-4.588019961497650200e-03,-5.471284481640897174e-03
7.779999999999999716e+01,-4.588297831882004983e-03,-5.471932200645197170e-03
7.790000000000000568e+01,-4.588565545103977759e-03,-5.472557862349887101e-03
7.800000000000000000e+01,-4.588823476473369127e-03,-5.473162230046506316e-03
7.810000000000000853e+01,-4.589071987586619376e-03,-5.473746041048428365e-03
7.820000000000000284e+01,-4.589311426833919336e-03,-5.474310007590396654e-03
7.830000000000001137e+01,-4.589542129887435283e-03,-5.474854817697390186e-03
7.840000000000000568e+01,-4.589764420172048713e-03,-5.475381136024049314e-03
7.850000000000000000e+01,-4.589978609318634377e-03,-5.475889604665462942e-03
7.860000000000000853e+01,-4.590184997601098708e-03,-5.476380843940609547e-03
7.870000000000000284e+01,-4.590383874357092768e-03,-5.476855453148988043e-03
7.880000000000001137e+01,-4.590575518393916719e-03,-5.477314011301954652e-03
7.890000000000000568e+01,-4.590760198379209914e-03,-5.477757077828894136e-03
7.900000000000001421e+01,-4.590938173217626143e-03,-5.478185193259809196e-03
7.910000000000000853e+01,-4.591109692413819325e-03,-5.478598879884768666e-03
7.920000000000000284e+01,-4.591274996422218396e-03,-5.478998642391023736e-03
7.930000000000001137e+01,-4.591434316984110107e-03,-5.479384968478792292e-03
7.940000000000000568e+01,-4.591587877452547525e-03,-5.479758329456182325e-03
7.950000000000001421e+01,-4.591735893105435527e-03,-5.480119180814169502e-03
7.960000000000000853e+01,-4.591878571447344064e-03,-5.480467962782365268e-03
7.970000000000001705e+01,-4.592016112500460316e-03,-5.480805100865933713e-03
7.980000000000001137e+01,-4.592148709084884449e-03,-5.481131006364924410e-03
7.990000000000000568e+01,-4.592276547089063458e-03,-5.481446076875820875e-03
8.000000000000001421e+01,-4.592399805730357047e-03,-5.481750696776694146e-03
8.010000000000000853e+01,-4.592518657806232522e-03,-5.482045237696160991e-03
8.020000000000001705e+01,-4.592633269936553624e-03,-5.482330058966771238e-03
8.030000000000001137e+01,-4.592743802797202672e-03,-5.482605508063282188e-03
8.040000000000001990e+01,-4.592850411345258087e-03,-5.482871921026656256e-03
8.050000000000001421e+01,-4.592953245036303193e-03,-5.483129622873993483e-03
8.060000000000000853e+01,-4.593052448033845513e-03,-5.483378927995117072e-03
8.070000000000000284e+01,-4.593148159411568170e-03,-5.483620140535947277e-03
8.079999999999999716e+01,-4.593240513348135871e-03,-5.483853554769728758e-03
8.090000000000000568e+01,-4.593329639315499140e-03,-5.484079455455948340e-03
8.100000000000000000e+01,-4.593415662260162506e-03,-5.484298118187779306e-03
8.110000000000000853e+01,-4.593498702778526892e-03,-5.484509809728226569e-03
8.120000000000000284e+01,-4.593578877285914124e-03,-5.484714788335677896e-03
8.130000000000001137e+01,-4.593656298179755841e-03,-5.484913304078834276e-03
8.140000000000000568e+01,-4.593731073997148022e-03,-5.485105599141922375e-03
8.150000000000000000e+01,-4.593803309567011384e-03,-5.485291908120090189e-03
8.160000000000000853e+01,-4.593873106157108331e-03,-5.485472458305605190e-03
8.170000000000000284e+01,-4.593940561615976297e-03,-5.485647469965148140e-03
8.180000000000001137e+01,-4.594005770510045487e-03,-5.485817156608502679e-03
8.190000000000000568e+01,-4.594068824256332222e-03,-5.485981725249175836e-03
8.200000000000001421e+01,-4.594129811250448510e-03,-5.486141376656704025e-03
8.210000000000000853e+01,-4.594188816990685091e-03,-5.486296305601852732e-03
8.220000000000000284e+01,-4.594245924197780211e-03,-5.486446701093930164e-03
8.230000000000001137e+01,-4.594301212930828639e-03,-5.486592746611753529e-03
8.240000000000000568e+01,-4.594354760699683078e-03,-5.486734620327142140e-03
8.250000000000001421e+01,-4.594406642573470659e-03,-5.486872495322451734e-03
8.260000000000000853e+01,-4.594456931285881111e-03,-5.487006539801707675e-03
8.270000000000001705e+01,-4.594505697337189325e-03,-5.487136917295841812e-03
8.280000000000001137e+01,-4.594553009092938560e-03,-5.487263786862062523e-03
8.290000000000000568e+01,-4.594598932879954793e-03,-5.487387303278074349e-03
8.300000000000001421e+01,-4.594643533079280188e-03,-5.487507617230793361e-03
8.310000000000000853e+01,-4.594686872216344024e-03,-5.487624875500205293e-03
8.320000000000001705e+01,-4.594729011048677252e-03,-5.487739221138454929e-03
8.330000000000001137e+01,-4.594770008651115172e-03,-5.487850793644383565e-03
8.340000000000001990e+01,-4.594809922498654768e-03,-5.487959729133575285e-03
8.350000000000001421e+01,-4.594848808546864345e-03,-5.488066160504600707e-03
8.360000000000000853e+01,-4.594886721310464765e-03,-5.488170217601085268e-03
8.370000000000000284e+01,-4.594923713939752692e-03,-5.488272027370035694e-03
8.379999999999999716e+01,-4.594959838295042780e-03,-5.488371714016818462e-03
8.390000000000000568e+01,-4.594995145019409831e-03,-5.488469399156657540e-03
8.400000000000000000e+01,-4.595029683609699704e-03,-5.488565201962948906e-03
8.410000000000000853e+01,-4.595063502485913047e-03,-5.488659239312696295e-03
8.420000000000000284e+01,-4.595096649059038189e-03,-5.488751625929074243e-03
8.430000000000001137e+01,-4.595129169797591666e-03,-5.488842474521480122e-03
8.440000000000000568e+01,-4.595161110292687694e-03,-5.488931895922916429e-03
8.450000000000000000e+01,-4.595192515322049469e-03,-5.489019999225209015e-03
8.460000000000000853e+01,-4.595223428912672582e-03,-5.489106891912169661e-03
8.470000000000000284e+01,-4.595253894402624543e-03,-5.489192679990715154e-03
8.480000000000001137e+01,-4.595283954501798267e-03,-5.489277468120100714e-03
8.490000000000000568e+01,-4.595313651351701049e-03,-5.489361359739765647e-03
8.500000000000001421e+01,-4.595343026584620787e-03,-5.489444457195341923e-03
8.510000000000000853e+01,-4.595372121382046253e-03,-5.489526861863639265e-03
8.520000000000000284e+01,-4.595400976532176655e-03,-5.489608674276282366e-03
8.530000000000001137e+01,-4.595429632487417308e-03,-5.489689994242362772e-03
8.540000000000000568e+01,-4.595458129420733860e-03,-5.489770920970129739e-03
8.550000000000001421e+01,-4.595486507282353465e-03,-5.489851553188243929e-03
8.560000000000000853e+01,-4.595514805855383487e-03,-5.489931989265952120e-03
