0.000000000000000000e+00,-9.515945627164752035e-03,-1.643403092066971632e-02
1.000000000000000056e-01,-9.515945626647866890e-03,-1.643403092136621127e-02
2.000000000000000111e-01,-9.515945626125135726e-03,-1.643403092207046737e-02
3.000000000000000444e-01,-9.515945625593602575e-03,-1.643403092278639815e-02
4.000000000000000222e-01,-9.515945625050249018e-03,-1.643403092351798309e-02
5.000000000000001110e-01,-9.515945624492015004e-03,-1.643403092426935774e-02
6.000000000000000888e-01,-9.515945623915725987e-03,-1.643403092504464036e-02
7.000000000000000666e-01,-9.515945623318106811e-03,-1.643403092584822325e-02
8.000000000000000444e-01,-9.515945622695792111e-03,-1.643403092668455773e-02
9.000000000000001332e-01,-9.515945622045246521e-03,-1.643403092755829631e-02
1.000000000000000222e+00,-9.515945621362764673e-03,-1.643403092847433786e-02
1.100000000000000089e+00,-9.515945620644509356e-03,-1.643403092943778246e-02
1.200000000000000178e+00,-9.515945619886405707e-03,-1.643403093045399388e-02
1.300000000000000266e+00,-9.515945619084153345e-03,-1.643403093152867936e-02
1.400000000000000133e+00,-9.515945618233195152e-03,-1.643403093266777859e-02
1.500000000000000000e+00,-9.515945617328717271e-03,-1.643403093387768577e-02
1.600000000000000089e+00,-9.515945616365633491e-03,-1.643403093516515937e-02
1.700000000000000178e+00,-9.515945615338392699e-03,-1.643403093653731870e-02
1.800000000000000266e+00,-9.515945614241284184e-03,-1.643403093800189715e-02
1.900000000000000355e+00,-9.515945613068031717e-03,-1.643403093956700631e-02
2.000000000000000444e+00,-9.515945611811998245e-03,-1.643403094124142386e-02
2.100000000000000089e+00,-9.515945610466067933e-03,-1.643403094303445486e-02
2.200000000000000178e+00,-9.515945609022601059e-03,-1.643403094495609479e-02
2.300000000000000266e+00,-9.515945607473447893e-03,-1.643403094701711628e-02
2.400000000000000355e+00,-9.515945605809834201e-03,-1.643403094922897892e-02
2.500000000000000444e+00,-9.515945604022291865e-03,-1.643403095160402005e-02
2.600000000000000533e+00,-9.515945602100731732e-03,-1.643403095415551032e-02
2.700000000000000622e+00,-9.515945600034231983e-03,-1.643403095689767099e-02
2.800000000000000266e+00,-9.515945597811135276e-03,-1.643403095984580578e-02
2.900000000000000355e+00,-9.515945595418785069e-03,-1.643403096301632518e-02
3.000000000000000000e+00,-9.515945592843699091e-03,-1.643403096642696501e-02
3.100000000000000089e+00,-9.515945590071222399e-03,-1.643403097009674477e-02
3.200000000000000178e+00,-9.515945587085673091e-03,-1.643403097404612032e-02
3.300000000000000266e+00,-9.515945583870148022e-03,-1.643403097829712958e-02
3.400000000000000355e+00,-9.515945580406408311e-03,-1.643403098287348277e-02
3.500000000000000444e+00,-9.515945576674834233e-03,-1.643403098780070806e-02
3.600000000000000533e+00,-9.515945572654293388e-03,-1.643403099310633206e-02
3.700000000000000178e+00,-9.515945568321981102e-03,-1.643403099881990057e-02
3.800000000000000711e+00,-9.515945563653382261e-03,-1.643403100497330474e-02
3.900000000000000799e+00,-9.515945558622052741e-03,-1.643403101160089211e-02
4.000000000000000888e+00,-9.515945553199445933e-03,-1.643403101873960534e-02
4.099999999999999645e+00,-9.515945547354850292e-03,-1.643403102642929797e-02
4.200000000000000178e+00,-9.515945541055177703e-03,-1.643403103471284196e-02
4.299999999999999822e+00,-9.515945534264710209e-03,-1.643403104363646075e-02
4.400000000000000355e+00,-9.515945526945009808e-03,-1.643403105324995478e-02
4.500000000000000000e+00,-9.515945519054543750e-03,-1.643403106360691313e-02
4.600000000000000533e+00,-9.515945510548681069e-03,-1.643403107476515759e-02
4.700000000000000178e+00,-9.515945501379154819e-03,-1.643403108678690924e-02
4.800000000000000711e+00,-9.515945491494062075e-03,-1.643403109973923942e-02
4.900000000000000355e+00,-9.515945480837399023e-03,-1.643403111369438549e-02
5.000000000000000888e+00,-9.515945469348769531e-03,-1.643403112873026428e-02
5.100000000000000533e+00,-9.515945456963079835e-03,-1.643403114493066294e-02
5.200000000000001066e+00,-9.515945443610156901e-03,-1.643403116238604730e-02
5.300000000000000711e+00,-9.515945429214363316e-03,-1.643403118119373882e-02
5.400000000000001243e+00,-9.515945413694120239e-03,-1.643403120145867785e-02
5.500000000000000888e+00,-9.515945396961496272e-03,-1.643403122329391980e-02
5.600000000000000533e+00,-9.515945378921700920e-03,-1.643403124682126654e-02
5.700000000000000178e+00,-9.515945359472501724e-03,-1.643403127217198459e-02
5.800000000000000711e+00,-9.515945338503754153e-03,-1.643403129948746780e-02
5.900000000000000355e+00,-9.515945315896579340e-03,-1.643403132892014631e-02
6.000000000000000000e+00,-9.515945291522959898e-03,-1.643403136063419437e-02
6.100000000000000533e+00,-9.515945265244765000e-03,-1.643403139480649477e-02
6.200000000000000178e+00,-9.515945236913117208e-03,-1.643403143162775262e-02
6.300000000000000711e+00,-9.515945206367500825e-03,-1.643403147130334876e-02
6.400000000000000355e+00,-9.515945173434851162e-03,-1.643403151405461657e-02
6.500000000000000888e+00,-9.515945137928588302e-03,-1.643403156012005970e-02
6.600000000000000533e+00,-9.515945099647541566e-03,-1.643403160975664967e-02
6.700000000000001066e+00,-9.515945058374804602e-03,-1.643403166324132469e-02
6.800000000000000711e+00,-9.515945013876550562e-03,-1.643403172087243291e-02
6.900000000000001243e+00,-9.515944965900680758e-03,-1.643403178297147757e-02
7.000000000000000888e+00,-9.515944914175334529e-03,-1.643403184988490029e-02
7.100000000000001421e+00,-9.515944858407478918e-03,-1.643403192198600662e-02
7.200000000000001066e+00,-9.515944798281165268e-03,-1.643403199967700609e-02
7.300000000000000711e+00,-9.515944733455700827e-03,-1.643403208339128466e-02
7.400000000000000355e+00,-9.515944663563818615e-03,-1.643403217359591661e-02
7.500000000000000888e+00,-9.515944588209528099e-03,-1.643403227079407933e-02
7.600000000000001421e+00,-9.515944506965896485e-03,-1.643403237552805082e-02
7.700000000000001066e+00,-9.515944419372621838e-03,-1.643403248838209638e-02
7.800000000000001599e+00,-9.515944324933408444e-03,-1.643403260998575061e-02
7.900000000000000355e+00,-9.515944223113210337e-03,-1.643403274101744652e-02
8.000000000000001776e+00,-9.515944113335127880e-03,-1.643403288220818617e-02
8.100000000000001421e+00,-9.515943994977196785e-03,-1.643403303434557566e-02
8.199999999999999289e+00,-9.515943867368838877e-03,-1.643403319827836315e-02
8.300000000000000711e+00,-9.515943729787045696e-03,-1.643403337492110525e-02
8.400000000000000355e+00,-9.515943581452312311e-03,-1.643403356525921163e-02
8.500000000000001776e+00,-9.515943421524255402e-03,-1.643403377035451696e-02
8.599999999999999645e+00,-9.515943249096716142e-03,-1.643403399135119972e-02
8.700000000000001066e+00,-9.515943063192814494e-03,-1.643403422948211054e-02
8.800000000000000711e+00,-9.515942862759221160e-03,-1.643403448607573883e-02
8.900000000000002132e+00,-9.515942646660363602e-03,-1.643403476256351595e-02
9.000000000000000000e+00,-9.515942413671886133e-03,-1.643403506048788515e-02
9.100000000000001421e+00,-9.515942162473738780e-03,-1.643403538151087459e-02
9.200000000000001066e+00,-9.515941891642707567e-03,-1.643403572742337462e-02
9.300000000000002487e+00,-9.515941599644323762e-03,-1.643403610015513674e-02
9.400000000000000355e+00,-9.515941284824219748e-03,-1.643403650178545602e-02
9.500000000000001776e+00,-9.515940945398707745e-03,-1.643403693455498110e-02
9.600000000000001421e+00,-9.515940579444680247e-03,-1.643403740087796133e-02
9.700000000000001066e+00,-9.515940184888788816e-03,-1.643403790335587825e-02
9.800000000000000711e+00,-9.515939759495523065e-03,-1.643403844479188539e-02
9.900000000000000355e+00,-9.515939300854776156e-03,-1.643403902820647980e-02
1.000000000000000178e+01,-9.515938806367993039e-03,-1.643403965685439130e-02
1.009999999999999964e+01,-9.515938273233551931e-03,-1.643404033424262015e-02
1.020000000000000107e+01,-9.515937698430881192e-03,-1.643404106415007407e-02
1.030000000000000071e+01,-9.515937078703285562e-03,-1.643404185064875969e-02
1.040000000000000213e+01,-9.515936410539545948e-03,-1.643404269812623678e-02
1.050000000000000000e+01,-9.515935690154072452e-03,-1.643404361131033803e-02
1.060000000000000142e+01,-9.515934913465331352e-03,-1.643404459529544670e-02
1.070000000000000107e+01,-9.515934076072821851e-03,-1.643404565557090094e-02
1.080000000000000249e+01,-9.515933173232123815e-03,-1.643404679805165330e-02
1.090000000000000036e+01,-9.515932199827978333e-03,-1.643404802911124438e-02
1.100000000000000178e+01,-9.515931150345362938e-03,-1.643404935561737501e-02
1.110000000000000142e+01,-9.515930018838183319e-03,-1.643405078497020208e-02
1.120000000000000107e+01,-9.515928798895650909e-03,-1.643405232514364919e-02
1.130000000000000071e+01,-9.515927483605888387e-03,-1.643405398472986417e-02
1.140000000000000036e+01,-9.515926065516839422e-03,-1.643405577298714948e-02
1.150000000000000178e+01,-9.515924536594007332e-03,-1.643405769989166043e-02
1.160000000000000142e+01,-9.515922888174949829e-03,-1.643405977619298922e-02
1.170000000000000107e+01,-9.515921110920144699e-03,-1.643406201347414469e-02
1.180000000000000071e+01,-9.515919194760202177e-03,-1.643406442421627145e-02
1.190000000000000213e+01,-9.515917128838658964e-03,-1.643406702186810814e-02
1.200000000000000000e+01,-9.515914901450584634e-03,-1.643406982092117732e-02
1.210000000000000142e+01,-9.515912499976249272e-03,-1.643407283699050564e-02
1.220000000000000107e+01,-9.515909910809517563e-03,-1.643407608690181793e-02
1.230000000000000249e+01,-9.515907119280891252e-03,-1.643407958878535455e-02
1.240000000000000036e+01,-9.515904109574402012e-03,-1.643408336217702312e-02
1.250000000000000178e+01,-9.515900864637823892e-03,-1.643408742812741200e-02
1.260000000000000142e+01,-9.515897366086269529e-03,-1.643409180931920330e-02
1.270000000000000284e+01,-9.515893594097912453e-03,-1.643409653019368283e-02
1.280000000000000071e+01,-9.515889527301708839e-03,-1.643410161708714831e-02
1.290000000000000036e+01,-9.515885142656332896e-03,-1.643410709837780578e-02
1.300000000000000178e+01,-9.515880415319588614e-03,-1.643411300464404229e-02
1.310000000000000142e+01,-9.515875318507702879e-03,-1.643411936883512267e-02
1.320000000000000107e+01,-9.515869823343531958e-03,-1.643412622645487597e-02
1.330000000000000071e+01,-9.515863898693018713e-03,-1.643413361575978698e-02
1.340000000000000213e+01,-9.515857510988738263e-03,-1.643414157797255457e-02
1.350000000000000178e+01,-9.515850624039721983e-03,-1.643415015751183844e-02
1.360000000000000142e+01,-9.515843198826440946e-03,-1.643415940224024138e-02
1.370000000000000107e+01,-9.515835193279652965e-03,-1.643416936373123804e-02
1.380000000000000249e+01,-9.515826562042192099e-03,-1.643418009755684070e-02
1.390000000000000036e+01,-9.515817256211870495e-03,-1.643419166359776779e-02
1.400000000000000178e+01,-9.515807223064404879e-03,-1.643420412637732267e-02
1.410000000000000142e+01,-9.515796405754754425e-03,-1.643421755542152918e-02
1.420000000000000284e+01,-9.515784742995064133e-03,-1.643423202564681454e-02
1.430000000000000071e+01,-9.515772168707390538e-03,-1.643424761777808815e-02
1.440000000000000213e+01,-9.515758611649225221e-03,-1.643426441879894742e-02
1.450000000000000178e+01,-9.515743995010116085e-03,-1.643428252243712279e-02
1.460000000000000142e+01,-9.515728235976204930e-03,-1.643430202968714990e-02
1.470000000000000107e+01,-9.515711245261196383e-03,-1.643432304937391189e-02
1.480000000000000071e+01,-9.515692926600389373e-03,-1.643434569875968157e-02
1.490000000000000213e+01,-9.515673176205333844e-03,-1.643437010419838973e-02
1.500000000000000178e+01,-9.515651882175780313e-03,-1.643439640184033573e-02
1.510000000000000142e+01,-9.515628923865645378e-03,-1.643442473839191661e-02
1.520000000000000284e+01,-9.515604171199513323e-03,-1.643445527193388572e-02
1.530000000000000071e+01,-9.515577483935638847e-03,-1.643448817280343532e-02
1.540000000000000213e+01,-9.515548710871402083e-03,-1.643452362454424914e-02
1.550000000000000178e+01,-9.515517688986594586e-03,-1.643456182493059636e-02
1.560000000000000320e+01,-9.515484242519800517e-03,-1.643460298707050474e-02
1.570000000000000107e+01,-9.515448181972630676e-03,-1.643464734059477128e-02
1.580000000000000071e+01,-9.515409303035994582e-03,-1.643469513293789944e-02
1.590000000000000213e+01,-9.515367385432647873e-03,-1.643474663071850528e-02
1.600000000000000355e+01,-9.515322191669062235e-03,-1.643480212122669024e-02
1.610000000000000142e+01,-9.515273465689904481e-03,-1.643486191402675212e-02
1.620000000000000284e+01,-9.515220931427263024e-03,-1.643492634268409192e-02
1.630000000000000426e+01,-9.515164291236633334e-03,-1.643499576662618006e-02
1.639999999999999858e+01,-9.515103224210352123e-03,-1.643507057314757408e-02
1.650000000000000000e+01,-9.515037384359568973e-03,-1.643515117957058264e-02
1.660000000000000142e+01,-9.514966398653974117e-03,-1.643523803557337196e-02
1.670000000000000284e+01,-9.514889864908233907e-03,-1.643533162569855988e-02
1.680000000000000071e+01,-9.514807349503355202e-03,-1.643543247205633481e-02
1.690000000000000213e+01,-9.514718384929940487e-03,-1.643554113723715709e-02
1.700000000000000355e+01,-9.514622467139390027e-03,-1.643565822745026578e-02
1.710000000000000142e+01,-9.514519052688071715e-03,-1.643578439590554635e-02
1.719999999999999929e+01,-9.514407555658428023e-03,-1.643592034645754638e-02
1.730000000000000071e+01,-9.514287344339147218e-03,-1.643606683753210188e-02
1.740000000000000213e+01,-9.514157737646269236e-03,-1.643622468635737646e-02
1.750000000000000355e+01,-9.514018001264151064e-03,-1.643639477352283607e-02
1.760000000000000142e+01,-9.513867343485263306e-03,-1.643657804789185745e-02
1.770000000000000284e+01,-9.513704910724365277e-03,-1.643677553189515708e-02
1.780000000000000426e+01,-9.513529782682477592e-03,-1.643698832723453074e-02
1.789999999999999858e+01,-9.513340967132667692e-03,-1.643721762102900996e-02
1.800000000000000000e+01,-9.513137394298385244e-03,-1.643746469243730773e-02
1.810000000000000142e+01,-9.512917910792409448e-03,-1.643773091979398512e-02
1.820000000000000284e+01,-9.512681273082022534e-03,-1.643801778829862004e-02
1.830000000000000071e+01,-9.512426140443588224e-03,-1.643832689830138430e-02
1.840000000000000213e+01,-9.512151067366313856e-03,-1.643865997423078415e-02
1.850000000000000355e+01,-9.511854495362414424e-03,-1.643901887421385724e-02
1.860000000000000497e+01,-9.511534744137125491e-03,-1.643940560044192603e-02
1.869999999999999929e+01,-9.511190002068684729e-03,-1.643982231034034694e-02
1.880000000000000071e+01,-9.510818315944106691e-03,-1.644027132860398713e-02
1.890000000000000213e+01,-9.510417579892873480e-03,-1.644075516016607619e-02
1.900000000000000355e+01,-9.509985523455614237e-03,-1.644127650417236131e-02
1.910000000000000142e+01,-9.509519698720358613e-03,-1.644183826903889908e-02
1.920000000000000284e+01,-9.509017466453332373e-03,-1.644244358867710462e-02
1.930000000000000426e+01,-9.508475981145705219e-03,-1.644309583997695390e-02
1.940000000000000213e+01,-9.507892174891927756e-03,-1.644379866164550827e-02
1.950000000000000000e+01,-9.507262740007585422e-03,-1.644455597450624959e-02
1.960000000000000142e+01,-9.506584110289182515e-03,-1.644537200337204200e-02
1.970000000000000284e+01,-9.505852440808849890e-03,-1.644625130061402873e-02
1.980000000000000071e+01,-9.505063586130218373e-03,-1.644719877155808099e-02
1.990000000000000213e+01,-9.504213076821390466e-03,-1.644821970184972768e-02
2.000000000000000355e+01,-9.503296094132439309e-03,-1.644931978694158872e-02
2.010000000000000497e+01,-9.502307442693687031e-03,-1.645050516386609846e-02
2.019999999999999929e+01,-9.501241521080203839e-03,-1.645178244547236893e-02
2.030000000000000071e+01,-9.500092290075683871e-03,-1.645315875731719057e-02
2.040000000000000213e+01,-9.498853238455895465e-03,-1.645464177741616518e-02
2.050000000000000355e+01,-9.497517346097879981e-03,-1.645623977907707466e-02
2.060000000000000142e+01,-9.496077044205946532e-03,-1.645796167705408999e-02
2.070000000000000284e+01,-9.494524172428946834e-03,-1.645981707728032956e-02
2.080000000000000426e+01,-9.492849932625922055e-03,-1.646181633045650655e-02
2.090000000000000213e+01,-9.491044839018369234e-03,-1.646397058979417322e-02
2.100000000000000000e+01,-9.489098664446391634e-03,-1.646629187323598101e-02
2.110000000000000142e+01,-9.487000382424483347e-03,-1.646879313050015475e-02
2.120000000000000284e+01,-9.484738104668471309e-03,-1.647148831532284710e-02
2.130000000000000071e+01,-9.482299013739863003e-03,-1.647439246330178325e-02
2.140000000000000213e+01,-9.479669290425710854e-03,-1.647752177577510233e-02
2.150000000000000355e+01,-9.476834035442870813e-03,-1.648089371020358337e-02
2.160000000000000497e+01,-9.473777185022697750e-03,-1.648452707756048463e-02
2.169999999999999929e+01,-9.470481419898297767e-03,-1.648844214727198526e-02
2.180000000000000071e+01,-9.466928067178251999e-03,-1.649266076029409431e-02
2.190000000000000213e+01,-9.463096994551330882e-03,-1.649720645095651902e-02
2.200000000000000355e+01,-9.458966496222170200e-03,-1.650210457825335847e-02
2.210000000000000142e+01,-9.454513169932520639e-03,-1.650738246731310241e-02
2.220000000000000284e+01,-9.449711784370391082e-03,-1.651306956183695371e-02
2.230000000000000426e+01,-9.444535136216430926e-03,-1.651919758835602992e-02
2.240000000000000213e+01,-9.438953896017506645e-03,-1.652580073322401297e-02
2.250000000000000000e+01,-9.432936442014139972e-03,-1.653291583333195772e-02
2.260000000000000142e+01,-9.426448680980362843e-03,-1.654058258161000827e-02
2.270000000000000284e+01,-9.419453855061019759e-03,-1.654884374846176190e-02
2.280000000000000071e+01,-9.411912333511854994e-03,-1.655774542036718422e-02
2.290000000000000213e+01,-9.403781388162770968e-03,-1.656733725698466067e-02
2.300000000000000355e+01,-9.395014951331871061e-03,-1.657767276818681787e-02
2.310000000000000497e+01,-9.385563354818684395e-03,-1.658880961257542044e-02
2.320000000000000284e+01,-9.375373048497965406e-03,-1.660080991914086521e-02
2.330000000000000071e+01,-9.364386296919536418e-03,-1.661374063386032371e-02
2.340000000000000213e+01,-9.352540852195180207e-03,-1.662767389316870126e-02
2.350000000000000355e+01,-9.339769601319432984e-03,-1.664268742638524978e-02
2.360000000000000142e+01,-9.326000185925872876e-03,-1.665886498934134041e-02
2.370000000000000284e+01,-9.311154592324628887e-03,-1.667629683162810336e-02
2.380000000000000426e+01,-9.295148709498563672e-03,-1.669508020007087756e-02
2.390000000000000568e+01,-9.277891852553440954e-03,-1.671531988123900470e-02
2.400000000000000000e+01,-9.259286248922544288e-03,-1.673712878601748763e-02
2.410000000000000142e+01,-9.239226484414386764e-03,-1.676062857950167545e-02
2.420000000000000284e+01,-9.217598905965160988e-03,-1.678595035972898705e-02
2.430000000000000071e+01,-9.194280977711948716e-03,-1.681323538903412365e-02
2.440000000000000213e+01,-9.169140586738507709e-03,-1.684263588210765245e-02
2.450000000000000355e+01,-9.142035294560150321e-03,-1.687431585515436483e-02
2.460000000000000497e+01,-9.112811530106779828e-03,-1.690845204088878631e-02
2.470000000000000284e+01,-9.081303719631703825e-03,-1.694523487447188032e-02
2.480000000000000071e+01,-9.047333348616820592e-03,-1.698486955588967423e-02
2.490000000000000213e+01,-9.010707950358760182e-03,-1.702757719470007411e-02
2.500000000000000355e+01,-8.971220015505976947e-03,-1.707359604353431148e-02
2.510000000000000142e+01,-8.928645816368197680e-03,-1.712318282723430951e-02
2.520000000000000284e+01,-8.882744139337480499e-03,-1.717661417504070392e-02
2.530000000000000426e+01,-8.833254918238709480e-03,-1.723418816382119370e-02
2.540000000000000568e+01,-8.779897760866833129e-03,-1.729622598094890037e-02
2.550000000000000000e+01,-8.722370360362198538e-03,-1.736307371610652447e-02
2.560000000000000142e+01,-8.660346782423975626e-03,-1.743510429201328496e-02
2.570000000000000284e+01,-8.593475618656521570e-03,-1.751271954484462379e-02
2.580000000000000071e+01,-8.521377995587015725e-03,-1.759635246595116567e-02
2.590000000000000213e+01,-8.443645428073336817e-03,-1.768646961738292236e-02
2.600000000000000355e+01,-8.359837504940461142e-03,-1.778357373469368133e-02
2.610000000000000497e+01,-8.269479393732997313e-03,-1.788820653154640436e-02
2.620000000000000284e+01,-8.172059150446015635e-03,-1.800095172176510716e-02
2.630000000000000071e+01,-8.067024818992331314e-03,-1.812243827569279264e-02
2.640000000000000213e+01,-7.953781303972302236e-03,-1.825334392902129219e-02
2.650000000000000355e+01,-7.831686999028340118e-03,-1.839439896366780805e-02
2.660000000000000142e+01,-7.700050151681181454e-03,-1.854639028179070476e-02
2.670000000000000284e+01,-7.558124944052089372e-03,-1.871016579567167867e-02
2.680000000000000426e+01,-7.405107267265596122e-03,-1.888663915795469814e-02
2.690000000000000568e+01,-7.240130165591541350e-03,-1.907679485862990090e-02
2.700000000000000355e+01,-7.062258924514324548e-03,-1.928169371719691549e-02
2.710000000000000142e+01,-6.870485774899490888e-03,-1.950247880064691700e-02
2.720000000000000284e+01,-6.663724183253438675e-03,-1.974038180027771691e-02
2.730000000000000071e+01,-6.440802695725753729e-03,-1.999672990291642347e-02
2.740000000000000213e+01,-6.200458300976454534e-03,-2.027295319488182229e-02
2.750000000000000355e+01,-5.941329274304172660e-03,-2.057059263999112819e-02
2.760000000000000497e+01,-5.661947462491271482e-03,-2.089130867611767653e-02
2.770000000000000284e+01,-5.360729965654953411e-03,-2.123689047825733089e-02
2.780000000000000071e+01,-5.035970168975337918e-03,-2.160926593977924651e-02
2.790000000000000213e+01,-4.685828073489130968e-03,-2.201051242754313575e-02
2.800000000000000355e+01,-4.308319871165589010e-03,-2.244286837088282568e-02
2.810000000000000142e+01,-3.901306705200339314e-03,-2.290874574910713515e-02
2.820000000000000284e+01,-3.462482551845696976e-03,-2.341074354718211334e-02
2.830000000000000426e+01,-2.989361155119545088e-03,-2.395166225465968426e-02
2.840000000000000568e+01,-2.479261940368238971e-03,-2.453451948873763486e-02
2.850000000000000355e+01,-1.929294826873904217e-03,-2.516256682860722876e-02
2.860000000000000142e+01,-1.336343853458338976e-03,-2.583930795500205546e-02
2.870000000000000284e+01,-6.970495243110094719e-04,-2.656851819614284432e-02
2.880000000000000426e+01,-7.789775017176536753e-06,-2.735426558911917272e-02
2.890000000000000213e+01,7.353405490547158807e-04,-2.820093357420291880e-02
2.900000000000000355e+01,1.536551818276547798e-03,-2.911324544869789074e-02
2.910000000000000497e+01,2.400383473551499086e-03,-3.009629071674614631e-02
2.920000000000000284e+01,3.331729745527662462e-03,-3.115555348208835437e-02
2.930000000000000071e+01,4.335867383951953757e-03,-3.229694304217248929e-02
2.940000000000000213e+01,5.418485554270997817e-03,-3.352682685428612364e-02
2.950000000000000355e+01,6.585718070865193008e-03,-3.485206605761967391e-02
2.960000000000000142e+01,7.844178149540317890e-03,-3.628005374942763761e-02
2.970000000000000284e+01,9.200995876174667548e-03,-3.781875622881833432e-02
2.980000000000000426e+01,1.066385860380866801e-02,-3.947675743825831973e-02
2.990000000000000213e+01,1.224105450705578746e-02,-4.126330685071723237e-02
3.000000000000000355e+01,1.387103973986941741e-02,-4.310858222368579157e-02
3.010000000000000142e+01,1.542095441494152966e-02,-4.486100065684774096e-02
3.020000000000000284e+01,1.696064272927889915e-02,-4.659949247113738535e-02
3.030000000000000426e+01,1.848947327287891670e-02,-4.832320596434608317e-02
3.040000000000000568e+01,2.000681908839662196e-02,-5.003129667429277727e-02
3.050000000000000000e+01,2.151205792825347865e-02,-5.172292779253326311e-02
3.060000000000000142e+01,2.300457250981441035e-02,-5.339727057432017143e-02
3.070000000000000284e+01,2.448375076852899943e-02,-5.505350474461183363e-02
3.080000000000000426e+01,2.594898610893279015e-02,-5.669081889993238255e-02
3.090000000000000213e+01,2.739967765340561509e-02,-5.830841090588527453e-02
3.100000000000000355e+01,2.883523048858515833e-02,-5.990548829012594390e-02
3.110000000000000497e+01,3.025505590933484298e-02,-6.148126863060068836e-02
3.120000000000000639e+01,3.165857166016548818e-02,-6.303497993886225670e-02
3.130000000000000071e+01,3.304520217401216153e-02,-6.456586103827352541e-02
3.140000000000000213e+01,3.441437880826832274e-02,-6.607316193691459283e-02
3.150000000000000355e+01,3.576554007798005141e-02,-6.755614419501029810e-02
3.160000000000000142e+01,3.709813188610515400e-02,-6.901408128669826725e-02
3.170000000000000284e+01,3.841160775074255185e-02,-7.044625895596014209e-02
3.180000000000000426e+01,3.970542902923877848e-02,-7.185197556654208950e-02
3.190000000000000568e+01,4.097906513907968729e-02,-7.323054244569211779e-02
3.200000000000000711e+01,4.223199377547670608e-02,-7.458128422154705617e-02
3.210000000000000142e+01,4.346370112555857090e-02,-7.590353915400295526e-02
3.220000000000000284e+01,4.467368207908063715e-02,-7.719665945890741288e-02
3.230000000000000426e+01,4.586144043556523997e-02,-7.846001162541470231e-02
3.240000000000000568e+01,4.702648910778832458e-02,-7.969297672634792495e-02
3.250000000000000711e+01,4.816835032152870510e-02,-8.089495072141711374e-02
3.260000000000000853e+01,4.928655581149835041e-02,-8.206534475314365695e-02
3.270000000000000284e+01,5.038064701337306717e-02,-8.320358543534671358e-02
3.279999999999999716e+01,5.145017525184485130e-02,-8.430911513405008051e-02
3.289999999999999858e+01,5.249470192461902496e-02,-8.538139224067187172e-02
3.300000000000000000e+01,5.351379868228016423e-02,-8.641989143736329704e-02
3.310000000000000142e+01,5.450704760395409798e-02,-8.742410395436653325e-02
3.320000000000000284e+01,5.547404136869245328e-02,-8.839353781926508058e-02
3.330000000000000426e+01,5.641438342251110794e-02,-8.932771809800585383e-02
3.340000000000000568e+01,5.732768814101241173e-02,-9.022618712757293769e-02
3.350000000000000711e+01,5.821358098752593691e-02,-9.108850474020106780e-02
3.360000000000000142e+01,5.907169866670206049e-02,-9.191424847901742690e-02
3.370000000000000284e+01,5.990168927349542871e-02,-9.270301380500706179e-02
3.380000000000000426e+01,6.070321243747754669e-02,-9.345441429519987797e-02
3.390000000000000568e+01,6.147593946241929064e-02,-9.416808183198287219e-02
3.400000000000000711e+01,6.221955346108550000e-02,-9.484366678344371970e-02
3.410000000000000853e+01,6.293374948518731804e-02,-9.548083817465903567e-02
3.420000000000000284e+01,6.361823465043821291e-02,-9.607928384984130987e-02
3.429999999999999716e+01,6.427272825666276168e-02,-9.663871062526721567e-02
3.439999999999999858e+01,6.489696190290866751e-02,-9.715884443291031292e-02
3.450000000000000000e+01,6.549067959751554702e-02,-9.763943045470997728e-02
3.460000000000000142e+01,6.605363786309408070e-02,-9.808023324740855475e-02
3.470000000000000284e+01,6.658560583637362917e-02,-9.848103685789701134e-02
3.480000000000000426e+01,6.708636536287689023e-02,-9.884164492901256760e-02
3.490000000000000568e+01,6.755571108638280808e-02,-9.916188079573542979e-02
3.500000000000000711e+01,6.799345053314079235e-02,-9.944158757173891805e-02
3.510000000000000142e+01,6.839940419080241252e-02,-9.968062822624891572e-02
3.520000000000000284e+01,6.877340558203731691e-02,-9.987888565117680750e-02
3.530000000000000426e+01,6.911530133280403831e-02,-1.000362627184917808e-01
3.540000000000000568e+01,6.942495123524695944e-02,-1.001526823278042905e-01
3.550000000000000711e+01,6.970222830519402779e-02,-1.002280874441389136e-01
3.560000000000000853e+01,6.994701883423186384e-02,-1.002624411258753040e-01
3.570000000000000995e+01,7.015922243633614108e-02,-1.002557265428471178e-01
3.579999999999999716e+01,7.033875208903880849e-02,-1.002079469845867654e-01
3.589999999999999858e+01,7.048553416911541858e-02,-1.001191258587139227e-01
3.600000000000000000e+01,7.059950848277690705e-02,-9.998930667946809292e-02
3.610000000000000142e+01,7.068062829035458294e-02,-9.981855304639042359e-02
3.620000000000000284e+01,7.072886032546764346e-02,-9.960694861316590765e-02
3.630000000000000426e+01,7.074418480866506709e-02,-9.935459704664031944e-02
3.640000000000000568e+01,7.072659545553731941e-02,-9.906162197603363140e-02
3.650000000000000711e+01,7.067609947929336112e-02,-9.872816693237221330e-02
3.660000000000000142e+01,7.059271758780261141e-02,-9.835439527817228800e-02
3.670000000000000284e+01,7.047648397510272722e-02,-9.794049012740708993e-02
3.680000000000000426e+01,7.032744630737720881e-02,-9.748665425579755572e-02
3.690000000000000568e+01,7.014566570340795282e-02,-9.699311000147092798e-02
3.700000000000000711e+01,6.993121670951087110e-02,-9.646009915603537266e-02
3.710000000000000853e+01,6.968418726896553894e-02,-9.588788284612401180e-02
3.720000000000000995e+01,6.940467868595036338e-02,-9.527674140546690817e-02
3.730000000000000426e+01,6.909280558399884253e-02,-9.462697423755313253e-02
3.739999999999999858e+01,6.874869585899379132e-02,-9.393889966895024868e-02
3.750000000000000000e+01,6.837249062671836575e-02,-9.321285479335347790e-02
3.760000000000000142e+01,6.796434416498615960e-02,-9.244919530644046812e-02
3.770000000000000284e+01,6.752442385037338290e-02,-9.164829533161331088e-02
3.780000000000000426e+01,6.705291008957946219e-02,-9.081054723671139195e-02
3.790000000000000568e+01,6.654999624544429004e-02,-8.993636144178807079e-02
3.800000000000000711e+01,6.601588855765204433e-02,-8.902616621804129715e-02
3.810000000000000142e+01,6.545080605815441210e-02,-8.808040747800070791e-02
3.820000000000000284e+01,6.485498048134803739e-02,-8.709954855707054133e-02
3.830000000000000426e+01,6.422865616904253894e-02,-8.608406998653814202e-02
3.840000000000000568e+01,6.357208997025862174e-02,-8.503446925815698332e-02
3.850000000000000711e+01,6.288555113589684720e-02,-8.395126058042172434e-02
3.860000000000000853e+01,6.216932120832084629e-02,-8.283497462665248556e-02
3.870000000000000995e+01,6.142369390589957900e-02,-8.168615827501374271e-02
3.880000000000000426e+01,6.064897500255671259e-02,-8.050537434059387709e-02
3.889999999999999858e+01,5.984548220237567717e-02,-7.929320129967706854e-02
3.900000000000000000e+01,5.901354500931284275e-02,-7.805023300634288119e-02
3.910000000000000142e+01,5.815350459207120626e-02,-7.677707840153204233e-02
3.920000000000000284e+01,5.726571364419079380e-02,-7.547436121472080039e-02
3.930000000000000426e+01,5.635053623941269074e-02,-7.414271965835063372e-02
3.940000000000000568e+01,5.540834768237629104e-02,-7.278280611516230181e-02
3.950000000000000711e+01,5.443953435471078628e-02,-7.139528681858806070e-02
3.960000000000000142e+01,5.344449355658398293e-02,-6.998084152635802857e-02
3.970000000000000284e+01,5.242363334377389550e-02,-6.854016318748089309e-02
3.980000000000000426e+01,5.137737236032918764e-02,-6.707395760276235741e-02
3.990000000000000568e+01,5.030613966688786409e-02,-6.558294307902708120e-02
4.000000000000000711e+01,4.921037456472361626e-02,-6.406785007721399472e-02
4.010000000000000853e+01,4.809052641559342922e-02,-6.252942085451713983e-02
4.020000000000000995e+01,4.694705445745880890e-02,-6.096840910074749487e-02
4.030000000000000426e+01,4.578042761615708223e-02,-5.938557956909368274e-02
4.039999999999999858e+01,4.459112431309995850e-02,-5.778170770146288937e-02
4.050000000000000000e+01,4.337963226907791403e-02,-5.615757924858495731e-02
4.060000000000000142e+01,4.214644830425091915e-02,-5.451398988506661603e-02
4.070000000000000284e+01,4.089207813440785821e-02,-5.285174481958324066e-02
4.080000000000000426e+01,3.961703616357768742e-02,-5.117165840040036051e-02
4.090000000000000568e+01,3.832184527307777588e-02,-4.947455371641731880e-02
4.100000000000000711e+01,3.700703660708579146e-02,-4.776126219392891337e-02
4.110000000000000142e+01,3.567314935482306104e-02,-4.603262318930240182e-02
4.120000000000000284e+01,3.432073052943863944e-02,-4.428948357776959360e-02
4.130000000000000426e+01,3.295033474368511128e-02,-4.253269733853527745e-02
4.140000000000000568e+01,3.156252398247762214e-02,-4.076312513640549529e-02
4.150000000000000711e+01,3.015786737242980367e-02,-3.898163390014028340e-02
4.160000000000000853e+01,2.873694094846087829e-02,-3.718909639773781972e-02
4.170000000000000995e+01,2.730032741756996048e-02,-3.538639080885784549e-02
4.180000000000000426e+01,2.584861591987376236e-02,-3.357440029459375641e-02
4.189999999999999858e+01,2.431613816407221171e-02,-3.167174253110515564e-02
4.200000000000000000e+01,2.290907999163239658e-02,-2.977182118678551453e-02
4.210000000000000142e+01,2.168573302401229086e-02,-2.794630722518949908e-02
4.220000000000000284e+01,2.063916611648524552e-02,-2.618501667181373158e-02
4.230000000000000426e+01,1.976344971113001142e-02,-2.447812383457055596e-02
4.240000000000000568e+01,1.905362224159977760e-02,-2.281610648930822507e-02
4.250000000000000711e+01,1.850566202226282611e-02,-2.118969275828472623e-02
4.260000000000000142e+01,1.811646446244679839e-02,-1.958980938524624779e-02
4.270000000000000284e+01,1.788382447668884420e-02,-1.800753111855287955e-02
4.280000000000000426e+01,1.780642399133267398e-02,-1.643403091997642715e-02
4.290000000000000568e+01,1.788382447668874359e-02,-1.486053072139997128e-02
4.300000000000000711e+01,1.811646446244661104e-02,-1.327825245470658916e-02
4.310000000000000853e+01,1.850566202226251733e-02,-1.167836908166807949e-02
4.320000000000000995e+01,1.905362224159936821e-02,-1.005195535064458759e-02
4.330000000000000426e+01,1.976344971112952223e-02,-8.389938005382197722e-03
4.339999999999999858e+01,2.063916611648457591e-02,-6.683045168138980474e-03
4.350000000000000000e+01,2.168573302401153105e-02,-4.921754614763192148e-03
4.360000000000000142e+01,2.290907999163150841e-02,-3.096240653167117718e-03
4.370000000000000284e+01,2.431613816407121251e-02,-1.196319308847407226e-03
4.380000000000000426e+01,2.584861591987265214e-02,7.063384546412802834e-04
4.390000000000000568e+01,2.730032741756872536e-02,2.518328968905442222e-03
4.400000000000000711e+01,2.873694094845954602e-02,4.321034557785496250e-03
4.410000000000000142e+01,3.015786737242835344e-02,6.113572060188043195e-03
4.420000000000000284e+01,3.156252398247605395e-02,7.895063296453310592e-03
4.430000000000000426e+01,3.295033474368343207e-02,9.664635498583155210e-03
4.440000000000000568e+01,3.432073052943683533e-02,1.142142173781751646e-02
4.450000000000000711e+01,3.567314935482111815e-02,1.316456134935037672e-02
4.460000000000000853e+01,3.700703660708372367e-02,1.489320035397692990e-02
4.470000000000000995e+01,3.832184527307555544e-02,1.660649187646537003e-02
4.480000000000000426e+01,3.961703616357532820e-02,1.830359656044846031e-02
4.490000000000000568e+01,4.089207813440537409e-02,1.998368297963140292e-02
4.500000000000000000e+01,4.214644830424832400e-02,2.164592804511486848e-02
4.510000000000000142e+01,4.337963226907515235e-02,2.328951740863324446e-02
4.520000000000000284e+01,4.459112431309711355e-02,2.491364586151121122e-02
4.530000000000000426e+01,4.578042761615414014e-02,2.651751772914203928e-02
4.540000000000000568e+01,4.694705445745574190e-02,2.810034726079591386e-02
4.550000000000000711e+01,4.809052641559027896e-02,2.966135901456560739e-02
4.560000000000000142e+01,4.921037456472032723e-02,3.119978823726249004e-02
4.570000000000000284e+01,5.030613966688449179e-02,3.271488123907560774e-02
4.580000000000000426e+01,5.137737236032574595e-02,3.420589576281098110e-02
4.590000000000000568e+01,5.242363334377032891e-02,3.567210134752955841e-02
4.600000000000000711e+01,5.344449355658037470e-02,3.711277968640680491e-02
4.610000000000000853e+01,5.443953435470709479e-02,3.852722497863693418e-02
4.620000000000000995e+01,5.540834768237255792e-02,3.991474427521123081e-02
4.630000000000001137e+01,5.635053623940888823e-02,4.127465781839959047e-02
4.640000000000000568e+01,5.726571364418690802e-02,4.260629937476988205e-02
4.650000000000000000e+01,5.815350459206726497e-02,4.390901656158117949e-02
4.660000000000000142e+01,5.901354500930884595e-02,4.518217116639212938e-02
4.670000000000000284e+01,5.984548220237163874e-02,4.642513945972634448e-02
4.680000000000000426e+01,6.064897500255260476e-02,4.763731250064320855e-02
4.690000000000000568e+01,6.142369390589542955e-02,4.881809643506315743e-02
4.700000000000000711e+01,6.216932120831662745e-02,4.996691278670194192e-02
4.710000000000000142e+01,6.288555113589254508e-02,5.108319874047120845e-02
4.720000000000000284e+01,6.357208997025430575e-02,5.216640741820657845e-02
4.730000000000000426e+01,6.422865616903818131e-02,5.321600814658775103e-02
4.740000000000000568e+01,6.485498048134363813e-02,5.423148671712024749e-02
4.750000000000000711e+01,6.545080605814999897e-02,5.521234563805041407e-02
4.760000000000000853e+01,6.601588855764756181e-02,5.615810437809101718e-02
4.770000000000000995e+01,6.654999624543976589e-02,5.706829960183781858e-02
4.780000000000001137e+01,6.705291008957485477e-02,5.794248539676122300e-02
4.790000000000000568e+01,6.752442385036866446e-02,5.878023349166314193e-02
4.800000000000000000e+01,6.796434416498141340e-02,5.958113346649036857e-02
4.810000000000000142e+01,6.837249062671356403e-02,6.034479295340333671e-02
4.820000000000000284e+01,6.874869585898892022e-02,6.107083782900014912e-02
4.830000000000000426e+01,6.909280558399392980e-02,6.175891239760301910e-02
4.840000000000000568e+01,6.940467868594538126e-02,6.240867956551685025e-02
4.850000000000000711e+01,6.968418726896050130e-02,6.301982100617396776e-02
4.860000000000000142e+01,6.993121670950581958e-02,6.359203731608531474e-02
4.870000000000000284e+01,7.014566570340287355e-02,6.412504816152092557e-02
4.880000000000000426e+01,7.032744630737210179e-02,6.461859241584752556e-02
4.890000000000000568e+01,7.047648397509759244e-02,6.507242828745707364e-02
4.900000000000000711e+01,7.059271758779749051e-02,6.548633343822235497e-02
4.910000000000000853e+01,7.067609947928825409e-02,6.586010509242222477e-02
4.920000000000000995e+01,7.072659545553214300e-02,6.619356013608368450e-02
4.930000000000001137e+01,7.074418480865982128e-02,6.648653520669031702e-02
4.940000000000000568e+01,7.072886032546239765e-02,6.673888677321590523e-02
4.950000000000000000e+01,7.068062829034935102e-02,6.695049120644053220e-02
4.960000000000000142e+01,7.059950848277164737e-02,6.712124483951815990e-02
4.970000000000000284e+01,7.048553416911013114e-02,6.725106401876394802e-02
4.980000000000000426e+01,7.033875208903360432e-02,6.733988514463674913e-02
4.990000000000000568e+01,7.015922243633092303e-02,6.738766470289715704e-02
5.000000000000000711e+01,6.994701883422667354e-02,6.739437928592532934e-02
5.010000000000000142e+01,6.970222830518889301e-02,6.736002560418898055e-02
5.020000000000000284e+01,6.942495123524181078e-02,6.728462048785449623e-02
5.030000000000000426e+01,6.911530133279897292e-02,6.716820087854191712e-02
5.040000000000000568e+01,6.877340558203230703e-02,6.701082381122699938e-02
5.050000000000000711e+01,6.839940419079744427e-02,6.681256638629913536e-02
5.060000000000000853e+01,6.799345053313589349e-02,6.657352573178920707e-02
5.070000000000000995e+01,6.755571108637797861e-02,6.629381895578578821e-02
5.080000000000001137e+01,6.708636536287213015e-02,6.597358308906287050e-02
5.090000000000000568e+01,6.658560583636895236e-02,6.561297501794738363e-02
5.100000000000000000e+01,6.605363786308945939e-02,6.521217140745892704e-02
5.110000000000000142e+01,6.549067959751103674e-02,6.477136861476051610e-02
5.120000000000000284e+01,6.489696190290421274e-02,6.429078259296085174e-02
5.130000000000000426e+01,6.427272825665840406e-02,6.377064878531771286e-02
5.140000000000000568e+01,6.361823465043396630e-02,6.321122200989184869e-02
5.150000000000000711e+01,6.293374948518312695e-02,6.261277633470954673e-02
5.160000000000000142e+01,6.221955346108136442e-02,6.197560494349417526e-02
5.170000000000000284e+01,6.147593946241522445e-02,6.130001999203332774e-02
5.180000000000000426e+01,6.070321243747357765e-02,6.058635245525034740e-02
5.190000000000000568e+01,5.990168927349148742e-02,5.983495196505757285e-02
5.200000000000000711e+01,5.907169866669821634e-02,5.904618663906792408e-02
5.210000000000000853e+01,5.821358098752223154e-02,5.822044290025157887e-02
5.220000000000000995e+01,5.732768814100876187e-02,5.735812528762342100e-02
5.230000000000001137e+01,5.641438342250761073e-02,5.645965625805630939e-02
5.240000000000000568e+01,5.547404136868903934e-02,5.552547597931556389e-02
5.250000000000000711e+01,5.450704760395071180e-02,5.455604211441693330e-02
5.260000000000000142e+01,5.351379868227687520e-02,5.355182959741373871e-02
5.270000000000000284e+01,5.249470192461581919e-02,5.251333040072216074e-02
5.280000000000000426e+01,5.145017525184172880e-02,5.144105329410034178e-02
5.290000000000000568e+01,5.038064701336998630e-02,5.033552359539693322e-02
5.300000000000000711e+01,4.928655581149529730e-02,4.919728291319380720e-02
5.310000000000000142e+01,4.816835032152572138e-02,4.802688888146720847e-02
5.320000000000000284e+01,4.702648910778542413e-02,4.682491488639795030e-02
5.330000000000000426e+01,4.586144043556236727e-02,4.559194978546464438e-02
5.340000000000000568e+01,4.467368207907787547e-02,4.432859761895727169e-02
5.350000000000000711e+01,4.346370112555582310e-02,4.303547731405271692e-02
5.360000000000000853e+01,4.223199377547401379e-02,4.171322238159674844e-02
5.370000000000000995e+01,4.097906513907711989e-02,4.036248060574171292e-02
5.380000000000001137e+01,3.970542902923628048e-02,3.898391372659161525e-02
5.390000000000000568e+01,3.841160775074015099e-02,3.757819711600968171e-02
5.400000000000000711e+01,3.709813188610282253e-02,3.614601944674766809e-02
5.410000000000000142e+01,3.576554007797783097e-02,3.468808235505967119e-02
5.420000000000000284e+01,3.441437880826621332e-02,3.320510009696393816e-02
5.430000000000000426e+01,3.304520217401010762e-02,3.169779919832270421e-02
5.440000000000000568e+01,3.165857166016351754e-02,3.016691809891138346e-02
5.450000000000000711e+01,3.025505590933299030e-02,2.861320679064970410e-02
5.460000000000000142e+01,2.883523048858340973e-02,2.703742645017489024e-02
5.470000000000000284e+01,2.739967765340394282e-02,2.544034906593415149e-02
5.480000000000000426e+01,2.594898610893124277e-02,2.382275705998116236e-02
5.490000000000000568e+01,2.448375076852754226e-02,2.218544290466051630e-02
5.500000000000000711e+01,2.300457250981297400e-02,2.052920873436876389e-02
5.510000000000000853e+01,2.151205792825216026e-02,1.885486595258177231e-02
5.520000000000000995e+01,2.000681908839541459e-02,1.716323483434114769e-02
5.530000000000001137e+01,1.848947327287778220e-02,1.545514412439440502e-02
5.540000000000000568e+01,1.696064272927786873e-02,1.373143063118556842e-02
5.550000000000000711e+01,1.542095441494056515e-02,1.199293881689579913e-02
5.560000000000000142e+01,1.387103973986855351e-02,1.024052038373373871e-02
5.570000000000000284e+01,1.224105450705500683e-02,8.395245010765137877e-03
5.580000000000000426e+01,1.066385860380796718e-02,6.608695598306100344e-03
5.590000000000000568e+01,9.200995876174056926e-03,4.950694388866010848e-03
5.600000000000000711e+01,7.844178149539787065e-03,3.411991909475234341e-03
5.610000000000000142e+01,6.585718070864717694e-03,1.984004217667166559e-03
5.620000000000000284e+01,5.418485554270578014e-03,6.587650143335503639e-04
5.630000000000000426e+01,4.335867383951606813e-03,-5.711187977801533699e-04
5.640000000000000568e+01,3.331729745527364089e-03,-1.712508357864395842e-03
5.650000000000000711e+01,2.400383473551235408e-03,-2.771771123206683701e-03
5.660000000000000853e+01,1.536551818276332693e-03,-3.754816391255012126e-03
5.670000000000000995e+01,7.353405490545424084e-04,-4.667128265750065605e-03
5.680000000000001137e+01,-7.789775017344804930e-06,-5.513796250833875867e-03
5.690000000000000568e+01,-6.970495243111447803e-04,-6.299543643810280591e-03
5.700000000000000711e+01,-1.336343853458463876e-03,-7.028753884951121494e-03
5.710000000000000142e+01,-1.929294826874008301e-03,-7.705495011346014111e-03
5.720000000000000284e+01,-2.479261940368345657e-03,-8.333542351215660060e-03
5.730000000000000426e+01,-2.989361155119597130e-03,-8.916399585293648816e-03
5.740000000000000568e+01,-3.462482551845742079e-03,-9.457318292771261375e-03
5.750000000000000711e+01,-3.901306705200360131e-03,-9.959316090846284664e-03
5.760000000000000853e+01,-4.308319871165605490e-03,-1.042519346907063924e-02
5.770000000000000284e+01,-4.685828073489134438e-03,-1.085754941241037080e-02
5.780000000000000426e+01,-5.035970168975351796e-03,-1.125879590017431209e-02
5.790000000000000568e+01,-5.360729965654950809e-03,-1.163117136169625719e-02
5.800000000000000711e+01,-5.661947462491264543e-03,-1.197675316383596880e-02
5.810000000000000853e+01,-5.941329274304154445e-03,-1.229746919996252061e-02
5.820000000000000995e+01,-6.200458300976440656e-03,-1.259510864507182651e-02
5.830000000000001137e+01,-6.440802695725698218e-03,-1.287133193703730513e-02
5.840000000000000568e+01,-6.663724183253408317e-03,-1.312768003967602730e-02
5.850000000000000711e+01,-6.870485774899463133e-03,-1.336558303930685844e-02
5.860000000000000142e+01,-7.062258924514296793e-03,-1.358636812275687555e-02
5.870000000000000284e+01,-7.240130165591513595e-03,-1.379126698132391096e-02
5.880000000000000426e+01,-7.405107267265561427e-03,-1.398142268199913454e-02
5.890000000000000568e+01,-7.558124944052065086e-03,-1.415789604428218523e-02
5.900000000000000711e+01,-7.700050151681157168e-03,-1.432167155816317303e-02
5.910000000000000853e+01,-7.831686999028312363e-03,-1.447366287628608708e-02
5.920000000000000284e+01,-7.953781303972274480e-03,-1.461471791093263070e-02
5.930000000000000426e+01,-8.067024818992298354e-03,-1.474562356426111984e-02
5.940000000000000568e+01,-8.172059150445987880e-03,-1.486711011818882440e-02
5.950000000000000711e+01,-8.269479393732964354e-03,-1.497985530840754281e-02
5.960000000000000853e+01,-8.359837504940421243e-03,-1.508448810526027972e-02
5.970000000000000995e+01,-8.443645428073295184e-03,-1.518159222257105603e-02
5.980000000000000426e+01,-8.521377995586967152e-03,-1.527170937400280926e-02
5.990000000000001279e+01,-8.593475618656469528e-03,-1.535534229510936849e-02
6.000000000000000711e+01,-8.660346782423913176e-03,-1.543295754794072813e-02
6.010000000000000853e+01,-8.722370360362153435e-03,-1.550498812384749556e-02
6.020000000000000284e+01,-8.779897760866777617e-03,-1.557183585900515435e-02
6.029999999999999716e+01,-8.833254918238679990e-03,-1.563387367613284368e-02
6.040000000000000568e+01,-8.882744139337452743e-03,-1.569144766491336121e-02
6.050000000000000000e+01,-8.928645816368162985e-03,-1.574487901271974868e-02
6.060000000000000853e+01,-8.971220015505935313e-03,-1.579446579641976406e-02
6.070000000000000284e+01,-9.010707950358734161e-03,-1.584048464525399796e-02
6.080000000000001137e+01,-9.047333348616789367e-03,-1.588319228406439437e-02
6.090000000000000568e+01,-9.081303719631669130e-03,-1.592282696548218829e-02
6.100000000000000000e+01,-9.112811530106759011e-03,-1.595960979906529964e-02
6.110000000000000853e+01,-9.142035294560126035e-03,-1.599374598479971071e-02
6.120000000000000284e+01,-9.169140586738473014e-03,-1.602542595784643698e-02
6.130000000000001137e+01,-9.194280977711917491e-03,-1.605482645091995536e-02
6.140000000000000568e+01,-9.217598905965140171e-03,-1.608211148022509543e-02
6.150000000000001421e+01,-9.239226484414359009e-03,-1.610743326045242438e-02
6.160000000000000853e+01,-9.259286248922513063e-03,-1.613093305393660526e-02
6.170000000000000995e+01,-9.277891852553416668e-03,-1.615274195871508819e-02
6.180000000000000426e+01,-9.295148709498528977e-03,-1.617298163988321880e-02
6.189999999999999858e+01,-9.311154592324611540e-03,-1.619176500832600341e-02
6.200000000000000711e+01,-9.326000185925841651e-03,-1.620919685061275248e-02
6.210000000000000142e+01,-9.339769601319412168e-03,-1.622537441356882923e-02
6.220000000000000995e+01,-9.352540852195150717e-03,-1.624038794678540551e-02
6.230000000000000426e+01,-9.364386296919498254e-03,-1.625432120609378306e-02
6.240000000000001279e+01,-9.375373048497944589e-03,-1.626725192081323115e-02
6.250000000000000711e+01,-9.385563354818663578e-03,-1.627925222737868285e-02
6.260000000000000142e+01,-9.395014951331864123e-03,-1.629038907176731318e-02
6.270000000000000995e+01,-9.403781388162769234e-03,-1.630072458296947038e-02
6.280000000000000426e+01,-9.411912333511841117e-03,-1.631031641958694683e-02
6.290000000000001279e+01,-9.419453855061012820e-03,-1.631921809149238303e-02
6.300000000000000711e+01,-9.426448680980355904e-03,-1.632747925834413319e-02
6.310000000000000853e+01,-9.432936442014136502e-03,-1.633514600662216640e-02
6.320000000000000284e+01,-9.438953896017499706e-03,-1.634226110673012156e-02
6.329999999999999716e+01,-9.444535136216423987e-03,-1.634886425159810808e-02
6.340000000000000568e+01,-9.449711784370370266e-03,-1.635499227811721204e-02
6.350000000000000000e+01,-9.454513169932513700e-03,-1.636067937264103558e-02
6.360000000000000853e+01,-9.458966496222156323e-03,-1.636595726170078993e-02
6.370000000000000284e+01,-9.463096994551310065e-03,-1.637085538899764325e-02
6.380000000000001137e+01,-9.466928067178251999e-03,-1.637540107966006450e-02
6.390000000000000568e+01,-9.470481419898292563e-03,-1.637961969268217702e-02
6.400000000000001421e+01,-9.473777185022676933e-03,-1.638353476239367765e-02
6.410000000000000853e+01,-9.476834035442860404e-03,-1.638716812975056156e-02
6.420000000000000284e+01,-9.479669290425710854e-03,-1.639054006417904261e-02
6.430000000000001137e+01,-9.482299013739856064e-03,-1.639366937665236168e-02
6.440000000000000568e+01,-9.484738104668471309e-03,-1.639657352463129783e-02
6.450000000000001421e+01,-9.487000382424481612e-03,-1.639926870945400753e-02
6.460000000000000853e+01,-9.489098664446391634e-03,-1.640176996671818127e-02
6.470000000000001705e+01,-9.491044839018372703e-03,-1.640409125015998906e-02
6.480000000000001137e+01,-9.492849932625911646e-03,-1.640624550949764532e-02
6.490000000000000568e+01,-9.494524172428939895e-03,-1.640824476267383966e-02
6.500000000000001421e+01,-9.496077044205960410e-03,-1.641010016290009310e-02
6.510000000000000853e+01,-9.497517346097866103e-03,-1.641182206087710149e-02
6.520000000000001705e+01,-9.498853238455878117e-03,-1.641342006253799016e-02
6.530000000000001137e+01,-9.500092290075680401e-03,-1.641490308263697517e-02
6.540000000000000568e+01,-9.501241521080217717e-03,-1.641627939448178294e-02
6.550000000000000000e+01,-9.502307442693692235e-03,-1.641755667608807423e-02
6.559999999999999432e+01,-9.503296094132435839e-03,-1.641874205301259090e-02
6.570000000000000284e+01,-9.504213076821383527e-03,-1.641984213810441379e-02
6.579999999999999716e+01,-9.505063586130225312e-03,-1.642086306839611251e-02
6.590000000000000568e+01,-9.505852440808860299e-03,-1.642181053934012661e-02
6.600000000000000000e+01,-9.506584110289179046e-03,-1.642268983658215151e-02
6.610000000000000853e+01,-9.507262740007575014e-03,-1.642350586544792310e-02
6.620000000000000284e+01,-9.507892174891931225e-03,-1.642426317830866442e-02
6.629999999999999716e+01,-9.508475981145719097e-03,-1.642496599997721185e-02
6.640000000000000568e+01,-9.509017466453339312e-03,-1.642561825127705766e-02
6.650000000000000000e+01,-9.509519698720379430e-03,-1.642622357091525279e-02
6.660000000000000853e+01,-9.509985523455635054e-03,-1.642678533578179056e-02
6.670000000000000284e+01,-9.510417579892894296e-03,-1.642730667978808609e-02
6.680000000000001137e+01,-9.510818315944125773e-03,-1.642779051135015780e-02
6.690000000000000568e+01,-9.511190002068710750e-03,-1.642823952961380493e-02
6.700000000000001421e+01,-9.511534744137160186e-03,-1.642865623951220502e-02
6.710000000000000853e+01,-9.511854495362428302e-03,-1.642904296574030851e-02
6.720000000000000284e+01,-9.512151067366341611e-03,-1.642940186572336772e-02
6.730000000000001137e+01,-9.512426140443602102e-03,-1.642973494165277798e-02
6.740000000000000568e+01,-9.512681273082048555e-03,-1.643004405165551449e-02
6.750000000000001421e+01,-9.512917910792433734e-03,-1.643033092016015981e-02
6.760000000000000853e+01,-9.513137394298414734e-03,-1.643059714751682332e-02
6.770000000000001705e+01,-9.513340967132691978e-03,-1.643084421892513844e-02
6.780000000000001137e+01,-9.513529782682498409e-03,-1.643107351271958991e-02
6.790000000000000568e+01,-9.513704910724382624e-03,-1.643128630805898438e-02
6.800000000000001421e+01,-9.513867343485280653e-03,-1.643148379206227708e-02
6.810000000000000853e+01,-9.514018001264177085e-03,-1.643166706643130887e-02
6.820000000000001705e+01,-9.514157737646269236e-03,-1.643183715359675806e-02
6.830000000000001137e+01,-9.514287344339155891e-03,-1.643199500242202918e-02
6.840000000000000568e+01,-9.514407555658421084e-03,-1.643214149349659162e-02
6.850000000000000000e+01,-9.514519052688071715e-03,-1.643227744404859858e-02
6.859999999999999432e+01,-9.514622467139379619e-03,-1.643240361250386875e-02
6.870000000000000284e+01,-9.514718384929942221e-03,-1.643252070271699478e-02
6.879999999999999716e+01,-9.514807349503353467e-03,-1.643262936789781706e-02
6.890000000000000568e+01,-9.514889864908230438e-03,-1.643273021425558506e-02
6.900000000000000000e+01,-9.514966398653967178e-03,-1.643282380438077298e-02
6.910000000000000853e+01,-9.515037384359562034e-03,-1.643291066038355536e-02
6.920000000000000284e+01,-9.515103224210338245e-03,-1.643299126680656738e-02
6.929999999999999716e+01,-9.515164291236628130e-03,-1.643306607332795446e-02
6.940000000000000568e+01,-9.515220931427278636e-03,-1.643313549727004261e-02
6.950000000000000000e+01,-9.515273465689895807e-03,-1.643319992592739628e-02
6.960000000000000853e+01,-9.515322191669060500e-03,-1.643325971872745123e-02
6.970000000000000284e+01,-9.515367385432637465e-03,-1.643331520923563965e-02
6.980000000000001137e+01,-9.515409303035998051e-03,-1.643336670701628019e-02
6.990000000000000568e+01,-9.515448181972616798e-03,-1.643341449935939447e-02
7.000000000000001421e+01,-9.515484242519776231e-03,-1.643345885288364713e-02
7.010000000000000853e+01,-9.515517688986573769e-03,-1.643350001502355204e-02
7.020000000000000284e+01,-9.515548710871398613e-03,-1.643353821540991314e-02
7.030000000000001137e+01,-9.515577483935645786e-03,-1.643357366715072695e-02
7.040000000000000568e+01,-9.515604171199511588e-03,-1.643360656802027656e-02
7.050000000000001421e+01,-9.515628923865640174e-03,-1.643363710156226995e-02
7.060000000000000853e+01,-9.515651882175766435e-03,-1.643366543811383348e-02
7.070000000000001705e+01,-9.515673176205330375e-03,-1.643369173575578296e-02
7.080000000000001137e+01,-9.515692926600385904e-03,-1.643371614119447724e-02
7.090000000000000568e+01,-9.515711245261196383e-03,-1.643373879058026774e-02
7.100000000000001421e+01,-9.515728235976208399e-03,-1.643375981026702626e-02
7.110000000000000853e+01,-9.515743995010119555e-03,-1.643377931751705684e-02
7.120000000000001705e+01,-9.515758611649226956e-03,-1.643379742115521833e-02
7.130000000000001137e+01,-9.515772168707355844e-03,-1.643381422217609494e-02
7.140000000000001990e+01,-9.515784742995084949e-03,-1.643382981430736162e-02
7.150000000000001421e+01,-9.515796405754764833e-03,-1.643384428453264698e-02
7.159999999999999432e+01,-9.515807223064418757e-03,-1.643385771357685696e-02
7.170000000000000284e+01,-9.515817256211884373e-03,-1.643387017635643266e-02
7.179999999999999716e+01,-9.515826562042226794e-03,-1.643388174239733893e-02
7.190000000000000568e+01,-9.515835193279673782e-03,-1.643389247622295199e-02
7.200000000000000000e+01,-9.515843198826440946e-03,-1.643390243771392784e-02
7.210000000000000853e+01,-9.515850624039746269e-03,-1.643391168244234118e-02
7.220000000000000284e+01,-9.515857510988750406e-03,-1.643392026198162159e-02
7.229999999999999716e+01,-9.515863898693036060e-03,-1.643392822419438223e-02
7.240000000000000568e+01,-9.515869823343545836e-03,-1.643393561349931059e-02
7.250000000000000000e+01,-9.515875318507709818e-03,-1.643394247111903614e-02
7.260000000000000853e+01,-9.515880415319602492e-03,-1.643394883531011652e-02
7.270000000000000284e+01,-9.515885142656351978e-03,-1.643395474157636690e-02
7.280000000000001137e+01,-9.515889527301747003e-03,-1.643396022286701744e-02
7.290000000000000568e+01,-9.515893594097935004e-03,-1.643396530976048986e-02
7.300000000000001421e+01,-9.515897366086292081e-03,-1.643397003063496939e-02
7.310000000000000853e+01,-9.515900864637849912e-03,-1.643397441182674681e-02
7.320000000000000284e+01,-9.515904109574426298e-03,-1.643397847777714263e-02
7.330000000000001137e+01,-9.515907119280934620e-03,-1.643398225116881814e-02
7.340000000000000568e+01,-9.515909910809552258e-03,-1.643398575305235823e-02
7.350000000000001421e+01,-9.515912499976266620e-03,-1.643398900296365664e-02
7.360000000000000853e+01,-9.515914901450615859e-03,-1.643399201903298495e-02
7.370000000000001705e+01,-9.515917128838671107e-03,-1.643399481808602638e-02
7.380000000000001137e+01,-9.515919194760219524e-03,-1.643399741573789430e-02
7.390000000000000568e+01,-9.515921110920148168e-03,-1.643399982648001065e-02
7.400000000000001421e+01,-9.515922888174949829e-03,-1.643400206376116959e-02
7.410000000000000853e+01,-9.515924536594022945e-03,-1.643400414006248450e-02
7.420000000000001705e+01,-9.515926065516853299e-03,-1.643400606696699198e-02
7.430000000000001137e+01,-9.515927483605902265e-03,-1.643400785522428076e-02
7.440000000000001990e+01,-9.515928798895652643e-03,-1.643400951481049574e-02
7.450000000000001421e+01,-9.515930018838191992e-03,-1.643401105498394285e-02
7.460000000000000853e+01,-9.515931150345362938e-03,-1.643401248433675951e-02
7.470000000000000284e+01,-9.515932199827988741e-03,-1.643401381084290055e-02
7.479999999999999716e+01,-9.515933173232116876e-03,-1.643401504190248469e-02
7.490000000000000568e+01,-9.515934076072821851e-03,-1.643401618438324052e-02
7.500000000000000000e+01,-9.515934913465331352e-03,-1.643401724465871558e-02
7.510000000000000853e+01,-9.515935690154065513e-03,-1.643401822864381037e-02
7.520000000000000284e+01,-9.515936410539554621e-03,-1.643401914182792550e-02
7.529999999999999716e+01,-9.515937078703285562e-03,-1.643401998930540953e-02
7.540000000000000568e+01,-9.515937698430881192e-03,-1.643402077580406045e-02
7.550000000000000000e+01,-9.515938273233558869e-03,-1.643402150571153519e-02
7.560000000000000853e+01,-9.515938806368001712e-03,-1.643402218309976057e-02
7.570000000000000284e+01,-9.515939300854769217e-03,-1.643402281174765819e-02
7.580000000000001137e+01,-9.515939759495526534e-03,-1.643402339516226995e-02
7.590000000000000568e+01,-9.515940184888774939e-03,-1.643402393659829444e-02
7.600000000000001421e+01,-9.515940579444676778e-03,-1.643402443907619401e-02
7.610000000000000853e+01,-9.515940945398686929e-03,-1.643402490539916730e-02
7.620000000000000284e+01,-9.515941284824223217e-03,-1.643402533816871666e-02
7.630000000000001137e+01,-9.515941599644323762e-03,-1.643402573979904982e-02
7.640000000000000568e+01,-9.515941891642709302e-03,-1.643402611253079459e-02
7.650000000000001421e+01,-9.515942162473747454e-03,-1.643402645844328769e-02
7.660000000000000853e+01,-9.515942413671894806e-03,-1.643402677946627019e-02
7.670000000000001705e+01,-9.515942646660367071e-03,-1.643402707739064633e-02
7.680000000000001137e+01,-9.515942862759214221e-03,-1.643402735387841651e-02
7.690000000000000568e+01,-9.515943063192800616e-03,-1.643402761047203786e-02
7.700000000000001421e+01,-9.515943249096717876e-03,-1.643402784860296950e-02
7.710000000000000853e+01,-9.515943421524262341e-03,-1.643402806959965920e-02
7.720000000000001705e+01,-9.515943581452326189e-03,-1.643402827469495411e-02
7.730000000000001137e+01,-9.515943729787042227e-03,-1.643402846503307438e-02
7.740000000000001990e+01,-9.515943867368831938e-03,-1.643402864167580260e-02
7.750000000000001421e+01,-9.515943994977203724e-03,-1.643402880560860396e-02
7.760000000000000853e+01,-9.515944113335141757e-03,-1.643402895774599692e-02
7.770000000000000284e+01,-9.515944223113217276e-03,-1.643402909893671923e-02
7.779999999999999716e+01,-9.515944324933427526e-03,-1.643402922996839780e-02
7.790000000000000568e+01,-9.515944419372635715e-03,-1.643402935157208325e-02
7.800000000000000000e+01,-9.515944506965912097e-03,-1.643402946442610452e-02
7.810000000000000853e+01,-9.515944588209552385e-03,-1.643402956916007948e-02
7.820000000000000284e+01,-9.515944663563823819e-03,-1.643402966635825260e-02
7.830000000000001137e+01,-9.515944733455721644e-03,-1.643402975656288109e-02
7.840000000000000568e+01,-9.515944798281172207e-03,-1.643402984027719088e-02
7.850000000000000000e+01,-9.515944858407491061e-03,-1.643402991796818688e-02
7.860000000000000853e+01,-9.515944914175334529e-03,-1.643402999006927587e-02
7.870000000000000284e+01,-9.515944965900666880e-03,-1.643403005698271246e-02
7.880000000000001137e+01,-9.515945013876550562e-03,-1.643403011908175365e-02
7.890000000000000568e+01,-9.515945058374813276e-03,-1.643403017671285146e-02
7.900000000000001421e+01,-9.515945099647527688e-03,-1.643403023019752995e-02
7.910000000000000853e+01,-9.515945137928586567e-03,-1.643403027983411993e-02
7.920000000000000284e+01,-9.515945173434856366e-03,-1.643403032589955612e-02
7.930000000000001137e+01,-9.515945206367502560e-03,-1.643403036865082739e-02
7.940000000000000568e+01,-9.515945236913115474e-03,-1.643403040832641313e-02
7.950000000000001421e+01,-9.515945265244751122e-03,-1.643403044514765710e-02
7.960000000000000853e+01,-9.515945291522959898e-03,-1.643403047931999220e-02
7.970000000000001705e+01,-9.515945315896581075e-03,-1.643403051103402637e-02
7.980000000000001137e+01,-9.515945338503735071e-03,-1.643403054046668754e-02
7.990000000000000568e+01,-9.515945359472501724e-03,-1.643403056778217769e-02
8.000000000000001421e+01,-9.515945378921700920e-03,-1.643403059313290268e-02
8.010000000000000853e+01,-9.515945396961489333e-03,-1.643403061666025289e-02
8.020000000000001705e+01,-9.515945413694115035e-03,-1.643403063849549831e-02
8.030000000000001137e+01,-9.515945429214339030e-03,-1.643403065876043040e-02
8.040000000000001990e+01,-9.515945443610149962e-03,-1.643403067756813926e-02
8.050000000000001421e+01,-9.515945456963065957e-03,-1.643403069502348893e-02
8.060000000000000853e+01,-9.515945469348762592e-03,-1.643403071122393963e-02
8.070000000000000284e+01,-9.515945480837388615e-03,-1.643403072625977679e-02
8.079999999999999716e+01,-9.515945491494055136e-03,-1.643403074021492979e-02
8.090000000000000568e+01,-9.515945501379154819e-03,-1.643403075316727038e-02
8.100000000000000000e+01,-9.515945510548663722e-03,-1.643403076518902550e-02
8.110000000000000853e+01,-9.515945519054547219e-03,-1.643403077634725609e-02
8.120000000000000284e+01,-9.515945526944999400e-03,-1.643403078670422832e-02
8.130000000000001137e+01,-9.515945534264724087e-03,-1.643403079631770153e-02
8.140000000000000568e+01,-9.515945541055174234e-03,-1.643403080524132726e-02
8.150000000000000000e+01,-9.515945547354853762e-03,-1.643403081352487125e-02
8.160000000000000853e+01,-9.515945553199425117e-03,-1.643403082121456041e-02
8.170000000000000284e+01,-9.515945558622038863e-03,-1.643403082835328058e-02
8.180000000000001137e+01,-9.515945563653389200e-03,-1.643403083498086101e-02
8.190000000000000568e+01,-9.515945568321981102e-03,-1.643403084113426865e-02
8.200000000000001421e+01,-9.515945572654288184e-03,-1.643403084684784757e-02
8.210000000000000853e+01,-9.515945576674841172e-03,-1.643403085215344381e-02
8.220000000000000284e+01,-9.515945580406408311e-03,-1.643403085708068298e-02
8.230000000000001137e+01,-9.515945583870149757e-03,-1.643403086165704310e-02
8.240000000000000568e+01,-9.515945587085693907e-03,-1.643403086590803155e-02
8.250000000000001421e+01,-9.515945590071232807e-03,-1.643403086985741751e-02
8.260000000000000853e+01,-9.515945592843702561e-03,-1.643403087352718686e-02
8.270000000000001705e+01,-9.515945595418812825e-03,-1.643403087693781975e-02
8.280000000000001137e+01,-9.515945597811135276e-03,-1.643403088010833915e-02
8.290000000000000568e+01,-9.515945600034258003e-03,-1.643403088305648435e-02
8.300000000000001421e+01,-9.515945602100731732e-03,-1.643403088579864849e-02
8.310000000000000853e+01,-9.515945604022295334e-03,-1.643403088835012835e-02
8.320000000000001705e+01,-9.515945605809837671e-03,-1.643403089072518683e-02
8.330000000000001137e+01,-9.515945607473468709e-03,-1.643403089293704600e-02
8.340000000000001990e+01,-9.515945609022618407e-03,-1.643403089499805708e-02
8.350000000000001421e+01,-9.515945610466074872e-03,-1.643403089691972130e-02
8.360000000000000853e+01,-9.515945611812026000e-03,-1.643403089871277659e-02
8.370000000000000284e+01,-9.515945613068028247e-03,-1.643403090038715944e-02
8.379999999999999716e+01,-9.515945614241298062e-03,-1.643403090195228941e-02
8.390000000000000568e+01,-9.515945615338427394e-03,-1.643403090341684011e-02
8.400000000000000000e+01,-9.515945616365605736e-03,-1.643403090478903761e-02
8.410000000000000853e+01,-9.515945617328724210e-03,-1.643403090607648345e-02
8.420000000000000284e+01,-9.515945618233195152e-03,-1.643403090728638716e-02
8.430000000000001137e+01,-9.515945619084160284e-03,-1.643403090842549333e-02
8.440000000000000568e+01,-9.515945619886410911e-03,-1.643403090950015799e-02
8.450000000000000000e+01,-9.515945620644516295e-03,-1.643403091051638329e-02
8.460000000000000853e+01,-9.515945621362771611e-03,-1.643403091147981401e-02
8.470000000000000284e+01,-9.515945622045249991e-03,-1.643403091239585209e-02
8.480000000000001137e+01,-9.515945622695785172e-03,-1.643403091326961149e-02
8.490000000000000568e+01,-9.515945623318113750e-03,-1.643403091410592168e-02
8.500000000000001421e+01,-9.515945623915722518e-03,-1.643403091490950110e-02
8.510000000000000853e+01,-9.515945624492008065e-03,-1.643403091568480801e-02
8.520000000000000284e+01,-9.515945625050242079e-03,-1.643403091643614103e-02
8.530000000000001137e+01,-9.515945625593612983e-03,-1.643403091716776412e-02
8.540000000000000568e+01,-9.515945626125125317e-03,-1.643403091788368450e-02
8.550000000000001421e+01,-9.515945626647859951e-03,-1.643403091858794754e-02
8.560000000000000853e+01,-9.515945627164745096e-03,-1.643403091928443208e-02
