0.000000000000000000e+00,1.633593653846153737e+00,-6.282365384615383463e-02
1.000000000000000056e-01,1.633593653846153737e+00,-6.282365384615383463e-02
2.000000000000000111e-01,1.633593653846153737e+00,-6.282365384615383463e-02
3.000000000000000444e-01,1.633593653846153737e+00,-6.282365384615383463e-02
4.000000000000000222e-01,1.633593653846153737e+00,-6.282365384615383463e-02
5.000000000000001110e-01,1.633593653846153737e+00,-6.282365384615383463e-02
6.000000000000000888e-01,1.633593653846153737e+00,-6.282365384615383463e-02
7.000000000000000666e-01,1.633593653846153737e+00,-6.282365384615383463e-02
8.000000000000000444e-01,1.633593653846153737e+00,-6.282365384615383463e-02
9.000000000000001332e-01,1.633593653846153737e+00,-6.282365384615383463e-02
1.000000000000000222e+00,1.633593653846153737e+00,-6.282365384615383463e-02
1.100000000000000089e+00,1.633593653846153737e+00,-6.282365384615383463e-02
1.200000000000000178e+00,1.633593653846153737e+00,-6.282365384615383463e-02
1.300000000000000266e+00,1.633593653846153737e+00,-6.282365384615383463e-02
1.400000000000000133e+00,1.633593653846153737e+00,-6.282365384615383463e-02
1.500000000000000000e+00,1.633593653846153737e+00,-6.282365384615383463e-02
1.600000000000000089e+00,1.633593653846153737e+00,-6.282365384615383463e-02
1.700000000000000178e+00,1.633593653846153737e+00,-6.282365384615383463e-02
1.800000000000000266e+00,1.633593653846153737e+00,-6.282365384615383463e-02
1.900000000000000355e+00,1.633593653846153737e+00,-6.282365384615383463e-02
2.000000000000000444e+00,1.633593653846153737e+00,-6.282365384615383463e-02
2.100000000000000089e+00,1.633593653846153737e+00,-6.282365384615383463e-02
2.200000000000000178e+00,1.633593653846153737e+00,-6.282365384615383463e-02
2.300000000000000266e+00,1.633593653846153737e+00,-6.282365384615383463e-02
2.400000000000000355e+00,1.633593653846153737e+00,-6.282365384615383463e-02
2.500000000000000444e+00,1.633593653846153737e+00,-6.282365384615383463e-02
2.600000000000000533e+00,1.633593653846153737e+00,-6.282365384615383463e-02
2.700000000000000622e+00,1.633593653846153737e+00,-6.282365384615383463e-02
2.800000000000000266e+00,1.633593653846153737e+00,-6.282365384615383463e-02
2.900000000000000355e+00,1.633593653846153737e+00,-6.282365384615383463e-02
3.000000000000000000e+00,1.633593653846153737e+00,-6.282365384615383463e-02
3.100000000000000089e+00,1.633593653846153737e+00,-6.282365384615383463e-02
3.200000000000000178e+00,1.633593653846153737e+00,-6.282365384615383463e-02
3.300000000000000266e+00,1.633593653846153737e+00,-6.282365384615383463e-02
3.400000000000000355e+00,1.633593653846153737e+00,-6.282365384615383463e-02
3.500000000000000444e+00,1.633593653846153737e+00,-6.282365384615383463e-02
3.600000000000000533e+00,1.633593653846153737e+00,-6.282365384615383463e-02
3.700000000000000178e+00,1.633593653846153737e+00,-6.282365384615383463e-02
3.800000000000000711e+00,1.633593653846153737e+00,-6.282365384615383463e-02
3.900000000000000799e+00,1.633593653846153737e+00,-6.282365384615383463e-02
4.000000000000000888e+00,1.633593653846153737e+00,-6.282365384615383463e-02
4.099999999999999645e+00,1.633593653846153737e+00,-6.282365384615383463e-02
4.200000000000000178e+00,1.633593653846153737e+00,-6.282365384615383463e-02
4.299999999999999822e+00,1.633593653846153737e+00,-6.282365384615383463e-02
4.400000000000000355e+00,1.633593653846153737e+00,-6.282365384615383463e-02
4.500000000000000000e+00,1.633593653846153737e+00,-6.282365384615383463e-02
4.600000000000000533e+00,1.633593653846153737e+00,-6.282365384615383463e-02
4.700000000000000178e+00,1.633593653846153737e+00,-6.282365384615383463e-02
4.800000000000000711e+00,1.633593653846153737e+00,-6.282365384615383463e-02
4.900000000000000355e+00,1.633593653846153737e+00,-6.282365384615383463e-02
5.000000000000000888e+00,1.633593653846153737e+00,-6.282365384615383463e-02
5.100000000000000533e+00,1.633593653846153737e+00,-6.282365384615383463e-02
5.200000000000001066e+00,1.633593653846153737e+00,-6.282365384615383463e-02
5.300000000000000711e+00,1.633593653846153737e+00,-6.282365384615383463e-02
5.400000000000001243e+00,1.633593653846153737e+00,-6.282365384615383463e-02
5.500000000000000888e+00,1.633593653846153737e+00,-6.282365384615383463e-02
5.600000000000000533e+00,1.633593653846153737e+00,-6.282365384615383463e-02
5.700000000000000178e+00,1.633593653846153737e+00,-6.282365384615383463e-02
5.800000000000000711e+00,1.633593653846153737e+00,-6.282365384615383463e-02
5.900000000000000355e+00,1.633593653846153737e+00,-6.282365384615383463e-02
6.000000000000000000e+00,1.633593653846153737e+00,-6.282365384615383463e-02
6.100000000000000533e+00,1.633593653846153737e+00,-6.282365384615383463e-02
6.200000000000000178e+00,1.633593653846153737e+00,-6.282365384615383463e-02
6.300000000000000711e+00,1.633593653846153737e+00,-6.282365384615383463e-02
6.400000000000000355e+00,1.633593653846153737e+00,-6.282365384615383463e-02
6.500000000000000888e+00,1.633593653846153737e+00,-6.282365384615383463e-02
6.600000000000000533e+00,1.633593653846153737e+00,-6.282365384615383463e-02
6.700000000000001066e+00,1.633593653846153737e+00,-6.282365384615383463e-02
6.800000000000000711e+00,1.633593653846153737e+00,-6.282365384615383463e-02
6.900000000000001243e+00,1.633593653846153737e+00,-6.282365384615383463e-02
7.000000000000000888e+00,1.633593653846153737e+00,-6.282365384615383463e-02
7.100000000000001421e+00,1.633593653846153737e+00,-6.282365384615383463e-02
7.200000000000001066e+00,1.633593653846153737e+00,-6.282365384615383463e-02
7.300000000000000711e+00,1.633593653846153737e+00,-6.282365384615383463e-02
7.400000000000000355e+00,1.633593653846153737e+00,-6.282365384615383463e-02
7.500000000000000888e+00,1.633593653846153737e+00,-6.282365384615383463e-02
7.600000000000001421e+00,1.633593653846153737e+00,-6.282365384615383463e-02
7.700000000000001066e+00,1.633593653846153737e+00,-6.282365384615383463e-02
7.800000000000001599e+00,1.633593653846153737e+00,-6.282365384615383463e-02
7.900000000000000355e+00,1.633593653846153737e+00,-6.282365384615383463e-02
8.000000000000001776e+00,1.633593653846153737e+00,-6.282365384615383463e-02
8.100000000000001421e+00,1.633593653846153737e+00,-6.282365384615383463e-02
8.199999999999999289e+00,1.633593653846153737e+00,-6.282365384615383463e-02
8.300000000000000711e+00,1.633593653846153737e+00,-6.282365384615383463e-02
8.400000000000000355e+00,1.633593653846153737e+00,-6.282365384615383463e-02
8.500000000000001776e+00,1.633593653846153737e+00,-6.282365384615383463e-02
8.599999999999999645e+00,1.633593653846153737e+00,-6.282365384615383463e-02
8.700000000000001066e+00,1.633593653846153737e+00,-6.282365384615383463e-02
8.800000000000000711e+00,1.633593653846153737e+00,-6.282365384615383463e-02
8.900000000000002132e+00,1.633593653846153737e+00,-6.282365384615383463e-02
9.000000000000000000e+00,1.633593653846153737e+00,-6.282365384615383463e-02
9.100000000000001421e+00,1.633593653846153737e+00,-6.282365384615383463e-02
9.200000000000001066e+00,1.633593653846153737e+00,-6.282365384615383463e-02
9.300000000000002487e+00,1.633593653846153737e+00,-6.282365384615383463e-02
9.400000000000000355e+00,1.633593653846153737e+00,-6.282365384615383463e-02
9.500000000000001776e+00,1.633593653846153737e+00,-6.282365384615383463e-02
9.600000000000001421e+00,1.633593653846153737e+00,-6.282365384615383463e-02
9.700000000000001066e+00,1.633593653846153737e+00,-6.282365384615383463e-02
9.800000000000000711e+00,1.633593653846153737e+00,-6.282365384615383463e-02
9.900000000000000355e+00,1.633593653846153737e+00,-6.282365384615383463e-02
1.000000000000000178e+01,1.633593653846153737e+00,-6.282365384615383463e-02
1.009999999999999964e+01,1.633593653846153737e+00,-6.282365384615383463e-02
1.020000000000000107e+01,1.633593653846153737e+00,-6.282365384615383463e-02
1.030000000000000071e+01,1.633593653846153737e+00,-6.282365384615383463e-02
1.040000000000000213e+01,1.633593653846153737e+00,-6.282365384615383463e-02
1.050000000000000000e+01,1.633593653846153737e+00,-6.282365384615383463e-02
1.060000000000000142e+01,1.633593653846153737e+00,-6.282365384615383463e-02
1.070000000000000107e+01,1.633593653846153737e+00,-6.282365384615383463e-02
1.080000000000000249e+01,1.633593653846153737e+00,-6.282365384615383463e-02
1.090000000000000036e+01,1.633593653846153737e+00,-6.282365384615383463e-02
1.100000000000000178e+01,1.633593653846153737e+00,-6.282365384615383463e-02
1.110000000000000142e+01,1.633593653846153737e+00,-6.282365384615383463e-02
1.120000000000000107e+01,1.633593653846153737e+00,-6.282365384615383463e-02
1.130000000000000071e+01,1.633593653846153737e+00,-6.282365384615383463e-02
1.140000000000000036e+01,1.633593653846153737e+00,-6.282365384615383463e-02
1.150000000000000178e+01,1.633593653846153737e+00,-6.282365384615383463e-02
1.160000000000000142e+01,1.633593653846153737e+00,-6.282365384615383463e-02
1.170000000000000107e+01,1.633593653846153737e+00,-6.282365384615383463e-02
1.180000000000000071e+01,1.633593653846153737e+00,-6.282365384615383463e-02
1.190000000000000213e+01,1.633593653846153737e+00,-6.282365384615383463e-02
1.200000000000000000e+01,1.633593653846153737e+00,-6.282365384615383463e-02
1.210000000000000142e+01,1.633593653846153737e+00,-6.282365384615383463e-02
1.220000000000000107e+01,1.633593653846153737e+00,-6.282365384615383463e-02
1.230000000000000249e+01,1.633593653846153737e+00,-6.282365384615383463e-02
1.240000000000000036e+01,1.633593653846153737e+00,-6.282365384615383463e-02
1.250000000000000178e+01,1.633593653846153737e+00,-6.282365384615383463e-02
1.260000000000000142e+01,1.633593653846153737e+00,-6.282365384615383463e-02
1.270000000000000284e+01,1.633593653846153737e+00,-6.282365384615383463e-02
1.280000000000000071e+01,1.633593653846153737e+00,-6.282365384615383463e-02
1.290000000000000036e+01,1.633593653846153737e+00,-6.282365384615383463e-02
1.300000000000000178e+01,1.633593653846153737e+00,-6.282365384615383463e-02
1.310000000000000142e+01,1.633593653846153737e+00,-6.282365384615383463e-02
1.320000000000000107e+01,1.633593653846153737e+00,-6.282365384615383463e-02
1.330000000000000071e+01,1.633593653846153737e+00,-6.282365384615383463e-02
1.340000000000000213e+01,1.633593653846153737e+00,-6.282365384615383463e-02
1.350000000000000178e+01,1.633593653846153737e+00,-6.282365384615383463e-02
1.360000000000000142e+01,1.633593653846153737e+00,-6.282365384615383463e-02
1.370000000000000107e+01,1.633593653846153737e+00,-6.282365384615383463e-02
1.380000000000000249e+01,1.633593653846153737e+00,-6.282365384615383463e-02
1.390000000000000036e+01,1.633593653846153737e+00,-6.282365384615383463e-02
1.400000000000000178e+01,1.633593653846153737e+00,-6.282365384615383463e-02
1.410000000000000142e+01,1.633593653846153737e+00,-6.282365384615383463e-02
1.420000000000000284e+01,1.633593653846153737e+00,-6.282365384615383463e-02
1.430000000000000071e+01,1.633593653846153737e+00,-6.282365384615383463e-02
1.440000000000000213e+01,1.633593653846153737e+00,-6.282365384615383463e-02
1.450000000000000178e+01,1.633593653846153737e+00,-6.282365384615383463e-02
1.460000000000000142e+01,1.633593653846153737e+00,-6.282365384615383463e-02
1.470000000000000107e+01,1.633593653846153737e+00,-6.282365384615383463e-02
1.480000000000000071e+01,1.633593653846153737e+00,-6.282365384615383463e-02
1.490000000000000213e+01,1.633593653846153737e+00,-6.282365384615383463e-02
1.500000000000000178e+01,1.633593653846153737e+00,-6.282365384615383463e-02
1.510000000000000142e+01,1.633593653846153737e+00,-6.282365384615383463e-02
1.520000000000000284e+01,1.633593653846153737e+00,-6.282365384615383463e-02
1.530000000000000071e+01,1.633593653846153737e+00,-6.282365384615383463e-02
1.540000000000000213e+01,1.633593653846153737e+00,-6.282365384615383463e-02
1.550000000000000178e+01,1.633593653846153737e+00,-6.282365384615383463e-02
1.560000000000000320e+01,1.633593653846153737e+00,-6.282365384615383463e-02
1.570000000000000107e+01,1.633593653846153737e+00,-6.282365384615383463e-02
1.580000000000000071e+01,1.633593653846153737e+00,-6.282365384615383463e-02
1.590000000000000213e+01,1.633593653846153737e+00,-6.282365384615383463e-02
1.600000000000000355e+01,1.633593653846153737e+00,-6.282365384615383463e-02
1.610000000000000142e+01,1.633593653846153737e+00,-6.282365384615383463e-02
1.620000000000000284e+01,1.633593653846153737e+00,-6.282365384615383463e-02
1.630000000000000426e+01,1.633593653846153737e+00,-6.282365384615383463e-02
1.639999999999999858e+01,1.633593653846153737e+00,-6.282365384615383463e-02
1.650000000000000000e+01,1.633593653846153737e+00,-6.282365384615383463e-02
1.660000000000000142e+01,1.633593653846153737e+00,-6.282365384615383463e-02
1.670000000000000284e+01,1.633593653846153737e+00,-6.282365384615383463e-02
1.680000000000000071e+01,1.633593653846153737e+00,-6.282365384615383463e-02
1.690000000000000213e+01,1.633593653846153737e+00,-6.282365384615383463e-02
1.700000000000000355e+01,1.633593653846153737e+00,-6.282365384615383463e-02
1.710000000000000142e+01,1.633593653846153737e+00,-6.282365384615383463e-02
1.719999999999999929e+01,1.633593653846153737e+00,-6.282365384615383463e-02
1.730000000000000071e+01,1.633593653846153737e+00,-6.282365384615383463e-02
1.740000000000000213e+01,1.633593653846153737e+00,-6.282365384615383463e-02
1.750000000000000355e+01,1.633593653846153737e+00,-6.282365384615383463e-02
1.760000000000000142e+01,1.633593653846153737e+00,-6.282365384615383463e-02
1.770000000000000284e+01,1.633593653846153737e+00,-6.282365384615383463e-02
1.780000000000000426e+01,1.633593653846153737e+00,-6.282365384615383463e-02
1.789999999999999858e+01,1.633593653846153737e+00,-6.282365384615383463e-02
1.800000000000000000e+01,1.633593653846153737e+00,-6.282365384615383463e-02
1.810000000000000142e+01,1.633593653846153737e+00,-6.282365384615383463e-02
1.820000000000000284e+01,1.633593653846153737e+00,-6.282365384615383463e-02
1.830000000000000071e+01,1.633593653846153737e+00,-6.282365384615383463e-02
1.840000000000000213e+01,1.633593653846153737e+00,-6.282365384615383463e-02
1.850000000000000355e+01,1.633593653846153737e+00,-6.282365384615383463e-02
1.860000000000000497e+01,1.633593653846153737e+00,-6.282365384615383463e-02
1.869999999999999929e+01,1.633593653846153737e+00,-6.282365384615383463e-02
1.880000000000000071e+01,1.633593653846153737e+00,-6.282365384615383463e-02
1.890000000000000213e+01,1.633593653846153737e+00,-6.282365384615383463e-02
1.900000000000000355e+01,1.633593653846153737e+00,-6.282365384615383463e-02
1.910000000000000142e+01,1.633593653846153737e+00,-6.282365384615383463e-02
1.920000000000000284e+01,1.633593653846153737e+00,-6.282365384615383463e-02
1.930000000000000426e+01,1.633593653846153737e+00,-6.282365384615383463e-02
1.940000000000000213e+01,1.633593653846153737e+00,-6.282365384615383463e-02
1.950000000000000000e+01,1.633593653846153737e+00,-6.282365384615383463e-02
1.960000000000000142e+01,1.633593653846153737e+00,-6.282365384615383463e-02
1.970000000000000284e+01,1.633593653846153737e+00,-6.282365384615383463e-02
1.980000000000000071e+01,1.633593653846153737e+00,-6.282365384615383463e-02
1.990000000000000213e+01,1.633593653846153737e+00,-6.282365384615383463e-02
2.000000000000000355e+01,1.633593653846153737e+00,-6.282365384615383463e-02
2.010000000000000497e+01,1.633593653846153737e+00,-6.282365384615383463e-02
2.019999999999999929e+01,1.633593653846153737e+00,-6.282365384615383463e-02
2.030000000000000071e+01,1.633593653846153737e+00,-6.282365384615383463e-02
2.040000000000000213e+01,1.633593653846153737e+00,-6.282365384615383463e-02
2.050000000000000355e+01,1.633593653846153737e+00,-6.282365384615383463e-02
2.060000000000000142e+01,1.633593653846153737e+00,-6.282365384615383463e-02
2.070000000000000284e+01,1.633593653846153737e+00,-6.282365384615383463e-02
2.080000000000000426e+01,1.633593653846153737e+00,-6.282365384615383463e-02
2.090000000000000213e+01,1.633593653846153737e+00,-6.282365384615383463e-02
2.100000000000000000e+01,1.633593653846153737e+00,-6.282365384615383463e-02
2.110000000000000142e+01,1.633593653846153737e+00,-6.282365384615383463e-02
2.120000000000000284e+01,1.633593653846153737e+00,-6.282365384615383463e-02
2.130000000000000071e+01,1.633593653846153737e+00,-6.282365384615383463e-02
2.140000000000000213e+01,1.633593653846153737e+00,-6.282365384615383463e-02
2.150000000000000355e+01,1.633593653846153737e+00,-6.282365384615383463e-02
2.160000000000000497e+01,1.633593653846153737e+00,-6.282365384615383463e-02
2.169999999999999929e+01,1.633593653846153737e+00,-6.282365384615383463e-02
2.180000000000000071e+01,1.633593653846153737e+00,-6.282365384615383463e-02
2.190000000000000213e+01,1.633593653846153737e+00,-6.282365384615383463e-02
2.200000000000000355e+01,1.633593653846153737e+00,-6.282365384615383463e-02
2.210000000000000142e+01,1.633593653846153737e+00,-6.282365384615383463e-02
2.220000000000000284e+01,1.633593653846153737e+00,-6.282365384615383463e-02
2.230000000000000426e+01,1.633593653846153737e+00,-6.282365384615383463e-02
2.240000000000000213e+01,1.633593653846153737e+00,-6.282365384615383463e-02
2.250000000000000000e+01,1.633593653846153737e+00,-6.282365384615383463e-02
2.260000000000000142e+01,1.633593653846153737e+00,-6.282365384615383463e-02
2.270000000000000284e+01,1.633593653846153737e+00,-6.282365384615383463e-02
2.280000000000000071e+01,1.633593653846153737e+00,-6.282365384615383463e-02
2.290000000000000213e+01,1.633593653846153737e+00,-6.282365384615383463e-02
2.300000000000000355e+01,1.633593653846153737e+00,-6.282365384615383463e-02
2.310000000000000497e+01,1.633593653846153737e+00,-6.282365384615383463e-02
2.320000000000000284e+01,1.633593653846153737e+00,-6.282365384615383463e-02
2.330000000000000071e+01,1.633593653846153737e+00,-6.282365384615383463e-02
2.340000000000000213e+01,1.633593653846153737e+00,-6.282365384615383463e-02
2.350000000000000355e+01,1.633593653846153737e+00,-6.282365384615383463e-02
2.360000000000000142e+01,1.633593653846153737e+00,-6.282365384615383463e-02
2.370000000000000284e+01,1.633593653846153737e+00,-6.282365384615383463e-02
2.380000000000000426e+01,1.633593653846153737e+00,-6.282365384615383463e-02
2.390000000000000568e+01,1.633593653846153737e+00,-6.282365384615383463e-02
2.400000000000000000e+01,1.633593653846153737e+00,-6.282365384615383463e-02
2.410000000000000142e+01,1.633593653846153737e+00,-6.282365384615383463e-02
2.420000000000000284e+01,1.633593653846153737e+00,-6.282365384615383463e-02
2.430000000000000071e+01,1.633593653846153737e+00,-6.282365384615383463e-02
2.440000000000000213e+01,1.633593653846153737e+00,-6.282365384615383463e-02
2.450000000000000355e+01,1.633593653846153737e+00,-6.282365384615383463e-02
2.460000000000000497e+01,1.633593653846153737e+00,-6.282365384615383463e-02
2.470000000000000284e+01,1.633593653846153737e+00,-6.282365384615383463e-02
2.480000000000000071e+01,1.633593653846153737e+00,-6.282365384615383463e-02
2.490000000000000213e+01,1.633593653846153737e+00,-6.282365384615383463e-02
2.500000000000000355e+01,1.633593653846153737e+00,-6.282365384615383463e-02
2.510000000000000142e+01,1.633593653846153737e+00,-6.282365384615383463e-02
2.520000000000000284e+01,1.633593653846153737e+00,-6.282365384615383463e-02
2.530000000000000426e+01,1.633593653846153737e+00,-6.282365384615383463e-02
2.540000000000000568e+01,1.633593653846153737e+00,-6.282365384615383463e-02
2.550000000000000000e+01,1.633593653846153737e+00,-6.282365384615383463e-02
2.560000000000000142e+01,1.633593653846153737e+00,-6.282365384615383463e-02
2.570000000000000284e+01,1.633593653846153737e+00,-6.282365384615383463e-02
2.580000000000000071e+01,1.633593653846153737e+00,-6.282365384615383463e-02
2.590000000000000213e+01,1.633593653846153737e+00,-6.282365384615383463e-02
2.600000000000000355e+01,1.633593653846153737e+00,-6.282365384615383463e-02
2.610000000000000497e+01,1.633593653846153737e+00,-6.282365384615383463e-02
2.620000000000000284e+01,1.633593653846153737e+00,-6.282365384615383463e-02
2.630000000000000071e+01,1.633593653846153737e+00,-6.282365384615383463e-02
2.640000000000000213e+01,1.633593653846153737e+00,-6.282365384615383463e-02
2.650000000000000355e+01,1.633593653846153737e+00,-6.282365384615383463e-02
2.660000000000000142e+01,1.633593653846153737e+00,-6.282365384615383463e-02
2.670000000000000284e+01,1.633593653846153737e+00,-6.282365384615383463e-02
2.680000000000000426e+01,1.633593653846153737e+00,-6.282365384615383463e-02
2.690000000000000568e+01,1.633593653846153737e+00,-6.282365384615383463e-02
2.700000000000000355e+01,1.633593653846153737e+00,-6.282365384615383463e-02
2.710000000000000142e+01,1.633593653846153737e+00,-6.282365384615383463e-02
2.720000000000000284e+01,1.633593653846153737e+00,-6.282365384615383463e-02
2.730000000000000071e+01,1.633593653846153737e+00,-6.282365384615383463e-02
2.740000000000000213e+01,1.633593653846153737e+00,-6.282365384615383463e-02
2.750000000000000355e+01,1.633593653846153737e+00,-6.282365384615383463e-02
2.760000000000000497e+01,1.633593653846153737e+00,-6.282365384615383463e-02
2.770000000000000284e+01,1.633593653846153737e+00,-6.282365384615383463e-02
2.780000000000000071e+01,1.633593653846153737e+00,-6.282365384615383463e-02
2.790000000000000213e+01,1.633593653846153737e+00,-6.282365384615383463e-02
2.800000000000000355e+01,1.633593653846153737e+00,-6.282365384615383463e-02
2.810000000000000142e+01,1.633593653846153737e+00,-6.282365384615383463e-02
2.820000000000000284e+01,1.633593653846153737e+00,-6.282365384615383463e-02
2.830000000000000426e+01,1.633593653846153737e+00,-6.282365384615383463e-02
2.840000000000000568e+01,1.633593653846153737e+00,-6.282365384615383463e-02
2.850000000000000355e+01,1.633593653846153737e+00,-6.282365384615383463e-02
2.860000000000000142e+01,1.633593653846153737e+00,-6.282365384615383463e-02
2.870000000000000284e+01,1.633593653846153737e+00,-6.282365384615383463e-02
2.880000000000000426e+01,1.633593653846153737e+00,-6.282365384615383463e-02
2.890000000000000213e+01,1.633593653846153737e+00,-6.282365384615383463e-02
2.900000000000000355e+01,1.633593653846153737e+00,-6.282365384615383463e-02
2.910000000000000497e+01,1.633593653846153737e+00,-6.282365384615383463e-02
2.920000000000000284e+01,1.633593653846153737e+00,-6.282365384615383463e-02
2.930000000000000071e+01,1.633593653846153737e+00,-6.282365384615383463e-02
2.940000000000000213e+01,1.633593653846153737e+00,-6.282365384615383463e-02
2.950000000000000355e+01,1.633593653846153737e+00,-6.282365384615383463e-02
2.960000000000000142e+01,1.633593653846153737e+00,-6.282365384615383463e-02
2.970000000000000284e+01,1.633593653846153737e+00,-6.282365384615383463e-02
2.980000000000000426e+01,1.633593653846153737e+00,-6.282365384615383463e-02
2.990000000000000213e+01,1.633593653846153737e+00,-6.282365384615383463e-02
3.000000000000000355e+01,1.516921153846153780e+00,0.000000000000000000e+00
3.010000000000000142e+01,1.516921153846153780e+00,0.000000000000000000e+00
3.020000000000000284e+01,1.516921153846153780e+00,0.000000000000000000e+00
3.030000000000000426e+01,1.516921153846153780e+00,0.000000000000000000e+00
3.040000000000000568e+01,1.516921153846153780e+00,0.000000000000000000e+00
3.050000000000000000e+01,1.516921153846153780e+00,0.000000000000000000e+00
3.060000000000000142e+01,1.516921153846153780e+00,0.000000000000000000e+00
3.070000000000000284e+01,1.516921153846153780e+00,0.000000000000000000e+00
3.080000000000000426e+01,1.516921153846153780e+00,0.000000000000000000e+00
3.090000000000000213e+01,1.516921153846153780e+00,0.000000000000000000e+00
3.100000000000000355e+01,1.516921153846153780e+00,0.000000000000000000e+00
3.110000000000000497e+01,1.516921153846153780e+00,0.000000000000000000e+00
3.120000000000000639e+01,1.516921153846153780e+00,0.000000000000000000e+00
3.130000000000000071e+01,1.516921153846153780e+00,0.000000000000000000e+00
3.140000000000000213e+01,1.516921153846153780e+00,0.000000000000000000e+00
3.150000000000000355e+01,1.516921153846153780e+00,0.000000000000000000e+00
3.160000000000000142e+01,1.516921153846153780e+00,0.000000000000000000e+00
3.170000000000000284e+01,1.516921153846153780e+00,0.000000000000000000e+00
3.180000000000000426e+01,1.516921153846153780e+00,0.000000000000000000e+00
3.190000000000000568e+01,1.516921153846153780e+00,0.000000000000000000e+00
3.200000000000000711e+01,1.516921153846153780e+00,0.000000000000000000e+00
3.210000000000000142e+01,1.516921153846153780e+00,0.000000000000000000e+00
3.220000000000000284e+01,1.516921153846153780e+00,0.000000000000000000e+00
3.230000000000000426e+01,1.516921153846153780e+00,0.000000000000000000e+00
3.240000000000000568e+01,1.516921153846153780e+00,0.000000000000000000e+00
3.250000000000000711e+01,1.516921153846153780e+00,0.000000000000000000e+00
3.260000000000000853e+01,1.516921153846153780e+00,0.000000000000000000e+00
3.270000000000000284e+01,1.516921153846153780e+00,0.000000000000000000e+00
3.279999999999999716e+01,1.516921153846153780e+00,0.000000000000000000e+00
3.289999999999999858e+01,1.516921153846153780e+00,0.000000000000000000e+00
3.300000000000000000e+01,1.516921153846153780e+00,0.000000000000000000e+00
3.310000000000000142e+01,1.516921153846153780e+00,0.000000000000000000e+00
3.320000000000000284e+01,1.516921153846153780e+00,0.000000000000000000e+00
3.330000000000000426e+01,1.516921153846153780e+00,0.000000000000000000e+00
3.340000000000000568e+01,1.516921153846153780e+00,0.000000000000000000e+00
3.350000000000000711e+01,1.516921153846153780e+00,0.000000000000000000e+00
3.360000000000000142e+01,1.516921153846153780e+00,0.000000000000000000e+00
3.370000000000000284e+01,1.516921153846153780e+00,0.000000000000000000e+00
3.380000000000000426e+01,1.516921153846153780e+00,0.000000000000000000e+00
3.390000000000000568e+01,1.516921153846153780e+00,0.000000000000000000e+00
3.400000000000000711e+01,1.516921153846153780e+00,0.000000000000000000e+00
3.410000000000000853e+01,1.516921153846153780e+00,0.000000000000000000e+00
3.420000000000000284e+01,1.516921153846153780e+00,0.000000000000000000e+00
3.429999999999999716e+01,1.516921153846153780e+00,0.000000000000000000e+00
3.439999999999999858e+01,1.516921153846153780e+00,0.000000000000000000e+00
3.450000000000000000e+01,1.516921153846153780e+00,0.000000000000000000e+00
3.460000000000000142e+01,1.516921153846153780e+00,0.000000000000000000e+00
3.470000000000000284e+01,1.516921153846153780e+00,0.000000000000000000e+00
3.480000000000000426e+01,1.516921153846153780e+00,0.000000000000000000e+00
3.490000000000000568e+01,1.516921153846153780e+00,0.000000000000000000e+00
3.500000000000000711e+01,1.516921153846153780e+00,0.000000000000000000e+00
3.510000000000000142e+01,1.516921153846153780e+00,0.000000000000000000e+00
3.520000000000000284e+01,1.516921153846153780e+00,0.000000000000000000e+00
3.530000000000000426e+01,1.516921153846153780e+00,0.000000000000000000e+00
3.540000000000000568e+01,1.516921153846153780e+00,0.000000000000000000e+00
3.550000000000000711e+01,1.516921153846153780e+00,0.000000000000000000e+00
3.560000000000000853e+01,1.516921153846153780e+00,0.000000000000000000e+00
3.570000000000000995e+01,1.516921153846153780e+00,0.000000000000000000e+00
3.579999999999999716e+01,1.516921153846153780e+00,0.000000000000000000e+00
3.589999999999999858e+01,1.516921153846153780e+00,0.000000000000000000e+00
3.600000000000000000e+01,1.516921153846153780e+00,0.000000000000000000e+00
3.610000000000000142e+01,1.516921153846153780e+00,0.000000000000000000e+00
3.620000000000000284e+01,1.516921153846153780e+00,0.000000000000000000e+00
3.630000000000000426e+01,1.516921153846153780e+00,0.000000000000000000e+00
3.640000000000000568e+01,1.516921153846153780e+00,0.000000000000000000e+00
3.650000000000000711e+01,1.516921153846153780e+00,0.000000000000000000e+00
3.660000000000000142e+01,1.516921153846153780e+00,0.000000000000000000e+00
3.670000000000000284e+01,1.516921153846153780e+00,0.000000000000000000e+00
3.680000000000000426e+01,1.516921153846153780e+00,0.000000000000000000e+00
3.690000000000000568e+01,1.516921153846153780e+00,0.000000000000000000e+00
3.700000000000000711e+01,1.516921153846153780e+00,0.000000000000000000e+00
3.710000000000000853e+01,1.516921153846153780e+00,0.000000000000000000e+00
3.720000000000000995e+01,1.516921153846153780e+00,0.000000000000000000e+00
3.730000000000000426e+01,1.516921153846153780e+00,0.000000000000000000e+00
3.739999999999999858e+01,1.516921153846153780e+00,0.000000000000000000e+00
3.750000000000000000e+01,1.516921153846153780e+00,0.000000000000000000e+00
3.760000000000000142e+01,1.516921153846153780e+00,0.000000000000000000e+00
3.770000000000000284e+01,1.516921153846153780e+00,0.000000000000000000e+00
3.780000000000000426e+01,1.516921153846153780e+00,0.000000000000000000e+00
3.790000000000000568e+01,1.516921153846153780e+00,0.000000000000000000e+00
3.800000000000000711e+01,1.516921153846153780e+00,0.000000000000000000e+00
3.810000000000000142e+01,1.516921153846153780e+00,0.000000000000000000e+00
3.820000000000000284e+01,1.516921153846153780e+00,0.000000000000000000e+00
3.830000000000000426e+01,1.516921153846153780e+00,0.000000000000000000e+00
3.840000000000000568e+01,1.516921153846153780e+00,0.000000000000000000e+00
3.850000000000000711e+01,1.516921153846153780e+00,0.000000000000000000e+00
3.860000000000000853e+01,1.516921153846153780e+00,0.000000000000000000e+00
3.870000000000000995e+01,1.516921153846153780e+00,0.000000000000000000e+00
3.880000000000000426e+01,1.516921153846153780e+00,0.000000000000000000e+00
3.889999999999999858e+01,1.516921153846153780e+00,0.000000000000000000e+00
3.900000000000000000e+01,1.516921153846153780e+00,0.000000000000000000e+00
3.910000000000000142e+01,1.516921153846153780e+00,0.000000000000000000e+00
3.920000000000000284e+01,1.516921153846153780e+00,0.000000000000000000e+00
3.930000000000000426e+01,1.516921153846153780e+00,0.000000000000000000e+00
3.940000000000000568e+01,1.516921153846153780e+00,0.000000000000000000e+00
3.950000000000000711e+01,1.516921153846153780e+00,0.000000000000000000e+00
3.960000000000000142e+01,1.516921153846153780e+00,0.000000000000000000e+00
3.970000000000000284e+01,1.516921153846153780e+00,0.000000000000000000e+00
3.980000000000000426e+01,1.516921153846153780e+00,0.000000000000000000e+00
3.990000000000000568e+01,1.516921153846153780e+00,0.000000000000000000e+00
4.000000000000000711e+01,1.516921153846153780e+00,0.000000000000000000e+00
4.010000000000000853e+01,1.516921153846153780e+00,0.000000000000000000e+00
4.020000000000000995e+01,1.516921153846153780e+00,0.000000000000000000e+00
4.030000000000000426e+01,1.516921153846153780e+00,0.000000000000000000e+00
4.039999999999999858e+01,1.516921153846153780e+00,0.000000000000000000e+00
4.050000000000000000e+01,1.516921153846153780e+00,0.000000000000000000e+00
4.060000000000000142e+01,1.516921153846153780e+00,0.000000000000000000e+00
4.070000000000000284e+01,1.516921153846153780e+00,0.000000000000000000e+00
4.080000000000000426e+01,1.516921153846153780e+00,0.000000000000000000e+00
4.090000000000000568e+01,1.516921153846153780e+00,0.000000000000000000e+00
4.100000000000000711e+01,1.516921153846153780e+00,0.000000000000000000e+00
4.110000000000000142e+01,1.516921153846153780e+00,0.000000000000000000e+00
4.120000000000000284e+01,1.516921153846153780e+00,0.000000000000000000e+00
4.130000000000000426e+01,1.516921153846153780e+00,0.000000000000000000e+00
4.140000000000000568e+01,1.516921153846153780e+00,0.000000000000000000e+00
4.150000000000000711e+01,1.516921153846153780e+00,0.000000000000000000e+00
4.160000000000000853e+01,1.516921153846153780e+00,0.000000000000000000e+00
4.170000000000000995e+01,1.516921153846153780e+00,0.000000000000000000e+00
4.180000000000000426e+01,1.516921153846153780e+00,0.000000000000000000e+00
4.189999999999999858e+01,1.633593653846153737e+00,-6.282365384615383463e-02
4.200000000000000000e+01,1.633593653846153737e+00,-6.282365384615383463e-02
4.210000000000000142e+01,1.633593653846153737e+00,-6.282365384615383463e-02
4.220000000000000284e+01,1.633593653846153737e+00,-6.282365384615383463e-02
4.230000000000000426e+01,1.633593653846153737e+00,-6.282365384615383463e-02
4.240000000000000568e+01,1.633593653846153737e+00,-6.282365384615383463e-02
4.250000000000000711e+01,1.633593653846153737e+00,-6.282365384615383463e-02
4.260000000000000142e+01,1.633593653846153737e+00,-6.282365384615383463e-02
4.270000000000000284e+01,1.633593653846153737e+00,-6.282365384615383463e-02
4.280000000000000426e+01,1.633593653846153737e+00,-6.282365384615383463e-02
4.290000000000000568e+01,1.633593653846153737e+00,-6.282365384615383463e-02
4.300000000000000711e+01,1.633593653846153737e+00,-6.282365384615383463e-02
4.310000000000000853e+01,1.633593653846153737e+00,-6.282365384615383463e-02
4.320000000000000995e+01,1.633593653846153737e+00,-6.282365384615383463e-02
4.330000000000000426e+01,1.633593653846153737e+00,-6.282365384615383463e-02
4.339999999999999858e+01,1.633593653846153737e+00,-6.282365384615383463e-02
4.350000000000000000e+01,1.633593653846153737e+00,-6.282365384615383463e-02
4.360000000000000142e+01,1.633593653846153737e+00,-6.282365384615383463e-02
4.370000000000000284e+01,1.633593653846153737e+00,-6.282365384615383463e-02
4.380000000000000426e+01,1.516921153846153780e+00,0.000000000000000000e+00
4.390000000000000568e+01,1.516921153846153780e+00,0.000000000000000000e+00
4.400000000000000711e+01,1.516921153846153780e+00,0.000000000000000000e+00
4.410000000000000142e+01,1.516921153846153780e+00,0.000000000000000000e+00
4.420000000000000284e+01,1.516921153846153780e+00,0.000000000000000000e+00
4.430000000000000426e+01,1.516921153846153780e+00,0.000000000000000000e+00
4.440000000000000568e+01,1.516921153846153780e+00,0.000000000000000000e+00
4.450000000000000711e+01,1.516921153846153780e+00,0.000000000000000000e+00
4.460000000000000853e+01,1.516921153846153780e+00,0.000000000000000000e+00
4.470000000000000995e+01,1.516921153846153780e+00,0.000000000000000000e+00
4.480000000000000426e+01,1.516921153846153780e+00,0.000000000000000000e+00
4.490000000000000568e+01,1.516921153846153780e+00,0.000000000000000000e+00
4.500000000000000000e+01,1.516921153846153780e+00,0.000000000000000000e+00
4.510000000000000142e+01,1.516921153846153780e+00,0.000000000000000000e+00
4.520000000000000284e+01,1.516921153846153780e+00,0.000000000000000000e+00
4.530000000000000426e+01,1.516921153846153780e+00,0.000000000000000000e+00
4.540000000000000568e+01,1.516921153846153780e+00,0.000000000000000000e+00
4.550000000000000711e+01,1.516921153846153780e+00,0.000000000000000000e+00
4.560000000000000142e+01,1.516921153846153780e+00,0.000000000000000000e+00
4.570000000000000284e+01,1.516921153846153780e+00,0.000000000000000000e+00
4.580000000000000426e+01,1.516921153846153780e+00,0.000000000000000000e+00
4.590000000000000568e+01,1.516921153846153780e+00,0.000000000000000000e+00
4.600000000000000711e+01,1.516921153846153780e+00,0.000000000000000000e+00
4.610000000000000853e+01,1.516921153846153780e+00,0.000000000000000000e+00
4.620000000000000995e+01,1.516921153846153780e+00,0.000000000000000000e+00
4.630000000000001137e+01,1.516921153846153780e+00,0.000000000000000000e+00
4.640000000000000568e+01,1.516921153846153780e+00,0.000000000000000000e+00
4.650000000000000000e+01,1.516921153846153780e+00,0.000000000000000000e+00
4.660000000000000142e+01,1.516921153846153780e+00,0.000000000000000000e+00
4.670000000000000284e+01,1.516921153846153780e+00,0.000000000000000000e+00
4.680000000000000426e+01,1.516921153846153780e+00,0.000000000000000000e+00
4.690000000000000568e+01,1.516921153846153780e+00,0.000000000000000000e+00
4.700000000000000711e+01,1.516921153846153780e+00,0.000000000000000000e+00
4.710000000000000142e+01,1.516921153846153780e+00,0.000000000000000000e+00
4.720000000000000284e+01,1.516921153846153780e+00,0.000000000000000000e+00
4.730000000000000426e+01,1.516921153846153780e+00,0.000000000000000000e+00
4.740000000000000568e+01,1.516921153846153780e+00,0.000000000000000000e+00
4.750000000000000711e+01,1.516921153846153780e+00,0.000000000000000000e+00
4.760000000000000853e+01,1.516921153846153780e+00,0.000000000000000000e+00
4.770000000000000995e+01,1.516921153846153780e+00,0.000000000000000000e+00
4.780000000000001137e+01,1.516921153846153780e+00,0.000000000000000000e+00
4.790000000000000568e+01,1.516921153846153780e+00,0.000000000000000000e+00
4.800000000000000000e+01,1.516921153846153780e+00,0.000000000000000000e+00
4.810000000000000142e+01,1.516921153846153780e+00,0.000000000000000000e+00
4.820000000000000284e+01,1.516921153846153780e+00,0.000000000000000000e+00
4.830000000000000426e+01,1.516921153846153780e+00,0.000000000000000000e+00
4.840000000000000568e+01,1.516921153846153780e+00,0.000000000000000000e+00
4.850000000000000711e+01,1.516921153846153780e+00,0.000000000000000000e+00
4.860000000000000142e+01,1.516921153846153780e+00,0.000000000000000000e+00
4.870000000000000284e+01,1.516921153846153780e+00,0.000000000000000000e+00
4.880000000000000426e+01,1.516921153846153780e+00,0.000000000000000000e+00
4.890000000000000568e+01,1.516921153846153780e+00,0.000000000000000000e+00
4.900000000000000711e+01,1.516921153846153780e+00,0.000000000000000000e+00
4.910000000000000853e+01,1.516921153846153780e+00,0.000000000000000000e+00
4.920000000000000995e+01,1.516921153846153780e+00,0.000000000000000000e+00
4.930000000000001137e+01,1.516921153846153780e+00,0.000000000000000000e+00
4.940000000000000568e+01,1.516921153846153780e+00,0.000000000000000000e+00
4.950000000000000000e+01,1.516921153846153780e+00,0.000000000000000000e+00
4.960000000000000142e+01,1.516921153846153780e+00,0.000000000000000000e+00
4.970000000000000284e+01,1.516921153846153780e+00,0.000000000000000000e+00
4.980000000000000426e+01,1.516921153846153780e+00,0.000000000000000000e+00
4.990000000000000568e+01,1.516921153846153780e+00,0.000000000000000000e+00
5.000000000000000711e+01,1.516921153846153780e+00,0.000000000000000000e+00
5.010000000000000142e+01,1.516921153846153780e+00,0.000000000000000000e+00
5.020000000000000284e+01,1.516921153846153780e+00,0.000000000000000000e+00
5.030000000000000426e+01,1.516921153846153780e+00,0.000000000000000000e+00
5.040000000000000568e+01,1.516921153846153780e+00,0.000000000000000000e+00
5.050000000000000711e+01,1.516921153846153780e+00,0.000000000000000000e+00
5.060000000000000853e+01,1.516921153846153780e+00,0.000000000000000000e+00
5.070000000000000995e+01,1.516921153846153780e+00,0.000000000000000000e+00
5.080000000000001137e+01,1.516921153846153780e+00,0.000000000000000000e+00
5.090000000000000568e+01,1.516921153846153780e+00,0.000000000000000000e+00
5.100000000000000000e+01,1.516921153846153780e+00,0.000000000000000000e+00
5.110000000000000142e+01,1.516921153846153780e+00,0.000000000000000000e+00
5.120000000000000284e+01,1.516921153846153780e+00,0.000000000000000000e+00
5.130000000000000426e+01,1.516921153846153780e+00,0.000000000000000000e+00
5.140000000000000568e+01,1.516921153846153780e+00,0.000000000000000000e+00
5.150000000000000711e+01,1.516921153846153780e+00,0.000000000000000000e+00
5.160000000000000142e+01,1.516921153846153780e+00,0.000000000000000000e+00
5.170000000000000284e+01,1.516921153846153780e+00,0.000000000000000000e+00
5.180000000000000426e+01,1.516921153846153780e+00,0.000000000000000000e+00
5.190000000000000568e+01,1.516921153846153780e+00,0.000000000000000000e+00
5.200000000000000711e+01,1.516921153846153780e+00,0.000000000000000000e+00
5.210000000000000853e+01,1.516921153846153780e+00,0.000000000000000000e+00
5.220000000000000995e+01,1.516921153846153780e+00,0.000000000000000000e+00
5.230000000000001137e+01,1.516921153846153780e+00,0.000000000000000000e+00
5.240000000000000568e+01,1.516921153846153780e+00,0.000000000000000000e+00
5.250000000000000711e+01,1.516921153846153780e+00,0.000000000000000000e+00
5.260000000000000142e+01,1.516921153846153780e+00,0.000000000000000000e+00
5.270000000000000284e+01,1.516921153846153780e+00,0.000000000000000000e+00
5.280000000000000426e+01,1.516921153846153780e+00,0.000000000000000000e+00
5.290000000000000568e+01,1.516921153846153780e+00,0.000000000000000000e+00
5.300000000000000711e+01,1.516921153846153780e+00,0.000000000000000000e+00
5.310000000000000142e+01,1.516921153846153780e+00,0.000000000000000000e+00
5.320000000000000284e+01,1.516921153846153780e+00,0.000000000000000000e+00
5.330000000000000426e+01,1.516921153846153780e+00,0.000000000000000000e+00
5.340000000000000568e+01,1.516921153846153780e+00,0.000000000000000000e+00
5.350000000000000711e+01,1.516921153846153780e+00,0.000000000000000000e+00
5.360000000000000853e+01,1.516921153846153780e+00,0.000000000000000000e+00
5.370000000000000995e+01,1.516921153846153780e+00,0.000000000000000000e+00
5.380000000000001137e+01,1.516921153846153780e+00,0.000000000000000000e+00
5.390000000000000568e+01,1.516921153846153780e+00,0.000000000000000000e+00
5.400000000000000711e+01,1.516921153846153780e+00,0.000000000000000000e+00
5.410000000000000142e+01,1.516921153846153780e+00,0.000000000000000000e+00
5.420000000000000284e+01,1.516921153846153780e+00,0.000000000000000000e+00
5.430000000000000426e+01,1.516921153846153780e+00,0.000000000000000000e+00
5.440000000000000568e+01,1.516921153846153780e+00,0.000000000000000000e+00
5.450000000000000711e+01,1.516921153846153780e+00,0.000000000000000000e+00
5.460000000000000142e+01,1.516921153846153780e+00,0.000000000000000000e+00
5.470000000000000284e+01,1.516921153846153780e+00,0.000000000000000000e+00
5.480000000000000426e+01,1.516921153846153780e+00,0.000000000000000000e+00
5.490000000000000568e+01,1.516921153846153780e+00,0.000000000000000000e+00
5.500000000000000711e+01,1.516921153846153780e+00,0.000000000000000000e+00
5.510000000000000853e+01,1.516921153846153780e+00,0.000000000000000000e+00
5.520000000000000995e+01,1.516921153846153780e+00,0.000000000000000000e+00
5.530000000000001137e+01,1.516921153846153780e+00,0.000000000000000000e+00
5.540000000000000568e+01,1.516921153846153780e+00,0.000000000000000000e+00
5.550000000000000711e+01,1.516921153846153780e+00,0.000000000000000000e+00
5.560000000000000142e+01,1.516921153846153780e+00,0.000000000000000000e+00
5.570000000000000284e+01,1.633593653846153737e+00,-6.282365384615383463e-02
5.580000000000000426e+01,1.633593653846153737e+00,-6.282365384615383463e-02
5.590000000000000568e+01,1.633593653846153737e+00,-6.282365384615383463e-02
5.600000000000000711e+01,1.633593653846153737e+00,-6.282365384615383463e-02
5.610000000000000142e+01,1.633593653846153737e+00,-6.282365384615383463e-02
5.620000000000000284e+01,1.633593653846153737e+00,-6.282365384615383463e-02
5.630000000000000426e+01,1.633593653846153737e+00,-6.282365384615383463e-02
5.640000000000000568e+01,1.633593653846153737e+00,-6.282365384615383463e-02
5.650000000000000711e+01,1.633593653846153737e+00,-6.282365384615383463e-02
5.660000000000000853e+01,1.633593653846153737e+00,-6.282365384615383463e-02
5.670000000000000995e+01,1.633593653846153737e+00,-6.282365384615383463e-02
5.680000000000001137e+01,1.633593653846153737e+00,-6.282365384615383463e-02
5.690000000000000568e+01,1.633593653846153737e+00,-6.282365384615383463e-02
5.700000000000000711e+01,1.633593653846153737e+00,-6.282365384615383463e-02
5.710000000000000142e+01,1.633593653846153737e+00,-6.282365384615383463e-02
5.720000000000000284e+01,1.633593653846153737e+00,-6.282365384615383463e-02
5.730000000000000426e+01,1.633593653846153737e+00,-6.282365384615383463e-02
5.740000000000000568e+01,1.633593653846153737e+00,-6.282365384615383463e-02
5.750000000000000711e+01,1.633593653846153737e+00,-6.282365384615383463e-02
5.760000000000000853e+01,1.633593653846153737e+00,-6.282365384615383463e-02
5.770000000000000284e+01,1.633593653846153737e+00,-6.282365384615383463e-02
5.780000000000000426e+01,1.633593653846153737e+00,-6.282365384615383463e-02
5.790000000000000568e+01,1.633593653846153737e+00,-6.282365384615383463e-02
5.800000000000000711e+01,1.633593653846153737e+00,-6.282365384615383463e-02
5.810000000000000853e+01,1.633593653846153737e+00,-6.282365384615383463e-02
5.820000000000000995e+01,1.633593653846153737e+00,-6.282365384615383463e-02
5.830000000000001137e+01,1.633593653846153737e+00,-6.282365384615383463e-02
5.840000000000000568e+01,1.633593653846153737e+00,-6.282365384615383463e-02
5.850000000000000711e+01,1.633593653846153737e+00,-6.282365384615383463e-02
5.860000000000000142e+01,1.633593653846153737e+00,-6.282365384615383463e-02
5.870000000000000284e+01,1.633593653846153737e+00,-6.282365384615383463e-02
5.880000000000000426e+01,1.633593653846153737e+00,-6.282365384615383463e-02
5.890000000000000568e+01,1.633593653846153737e+00,-6.282365384615383463e-02
5.900000000000000711e+01,1.633593653846153737e+00,-6.282365384615383463e-02
5.910000000000000853e+01,1.633593653846153737e+00,-6.282365384615383463e-02
5.920000000000000284e+01,1.633593653846153737e+00,-6.282365384615383463e-02
5.930000000000000426e+01,1.633593653846153737e+00,-6.282365384615383463e-02
5.940000000000000568e+01,1.633593653846153737e+00,-6.282365384615383463e-02
5.950000000000000711e+01,1.633593653846153737e+00,-6.282365384615383463e-02
5.960000000000000853e+01,1.633593653846153737e+00,-6.282365384615383463e-02
5.970000000000000995e+01,1.633593653846153737e+00,-6.282365384615383463e-02
5.980000000000000426e+01,1.633593653846153737e+00,-6.282365384615383463e-02
5.990000000000001279e+01,1.633593653846153737e+00,-6.282365384615383463e-02
6.000000000000000711e+01,1.633593653846153737e+00,-6.282365384615383463e-02
6.010000000000000853e+01,1.633593653846153737e+00,-6.282365384615383463e-02
6.020000000000000284e+01,1.633593653846153737e+00,-6.282365384615383463e-02
6.029999999999999716e+01,1.633593653846153737e+00,-6.282365384615383463e-02
6.040000000000000568e+01,1.633593653846153737e+00,-6.282365384615383463e-02
6.050000000000000000e+01,1.633593653846153737e+00,-6.282365384615383463e-02
6.060000000000000853e+01,1.633593653846153737e+00,-6.282365384615383463e-02
6.070000000000000284e+01,1.633593653846153737e+00,-6.282365384615383463e-02
6.080000000000001137e+01,1.633593653846153737e+00,-6.282365384615383463e-02
6.090000000000000568e+01,1.633593653846153737e+00,-6.282365384615383463e-02
6.100000000000000000e+01,1.633593653846153737e+00,-6.282365384615383463e-02
6.110000000000000853e+01,1.633593653846153737e+00,-6.282365384615383463e-02
6.120000000000000284e+01,1.633593653846153737e+00,-6.282365384615383463e-02
6.130000000000001137e+01,1.633593653846153737e+00,-6.282365384615383463e-02
6.140000000000000568e+01,1.633593653846153737e+00,-6.282365384615383463e-02
6.150000000000001421e+01,1.633593653846153737e+00,-6.282365384615383463e-02
6.160000000000000853e+01,1.633593653846153737e+00,-6.282365384615383463e-02
6.170000000000000995e+01,1.633593653846153737e+00,-6.282365384615383463e-02
6.180000000000000426e+01,1.633593653846153737e+00,-6.282365384615383463e-02
6.189999999999999858e+01,1.633593653846153737e+00,-6.282365384615383463e-02
6.200000000000000711e+01,1.633593653846153737e+00,-6.282365384615383463e-02
6.210000000000000142e+01,1.633593653846153737e+00,-6.282365384615383463e-02
6.220000000000000995e+01,1.633593653846153737e+00,-6.282365384615383463e-02
6.230000000000000426e+01,1.633593653846153737e+00,-6.282365384615383463e-02
6.240000000000001279e+01,1.633593653846153737e+00,-6.282365384615383463e-02
6.250000000000000711e+01,1.633593653846153737e+00,-6.282365384615383463e-02
6.260000000000000142e+01,1.633593653846153737e+00,-6.282365384615383463e-02
6.270000000000000995e+01,1.633593653846153737e+00,-6.282365384615383463e-02
6.280000000000000426e+01,1.633593653846153737e+00,-6.282365384615383463e-02
6.290000000000001279e+01,1.633593653846153737e+00,-6.282365384615383463e-02
6.300000000000000711e+01,1.633593653846153737e+00,-6.282365384615383463e-02
6.310000000000000853e+01,1.633593653846153737e+00,-6.282365384615383463e-02
6.320000000000000284e+01,1.633593653846153737e+00,-6.282365384615383463e-02
6.329999999999999716e+01,1.633593653846153737e+00,-6.282365384615383463e-02
6.340000000000000568e+01,1.633593653846153737e+00,-6.282365384615383463e-02
6.350000000000000000e+01,1.633593653846153737e+00,-6.282365384615383463e-02
6.360000000000000853e+01,1.633593653846153737e+00,-6.282365384615383463e-02
6.370000000000000284e+01,1.633593653846153737e+00,-6.282365384615383463e-02
6.380000000000001137e+01,1.633593653846153737e+00,-6.282365384615383463e-02
6.390000000000000568e+01,1.633593653846153737e+00,-6.282365384615383463e-02
6.400000000000001421e+01,1.633593653846153737e+00,-6.282365384615383463e-02
6.410000000000000853e+01,1.633593653846153737e+00,-6.282365384615383463e-02
6.420000000000000284e+01,1.633593653846153737e+00,-6.282365384615383463e-02
6.430000000000001137e+01,1.633593653846153737e+00,-6.282365384615383463e-02
6.440000000000000568e+01,1.633593653846153737e+00,-6.282365384615383463e-02
6.450000000000001421e+01,1.633593653846153737e+00,-6.282365384615383463e-02
6.460000000000000853e+01,1.633593653846153737e+00,-6.282365384615383463e-02
6.470000000000001705e+01,1.633593653846153737e+00,-6.282365384615383463e-02
6.480000000000001137e+01,1.633593653846153737e+00,-6.282365384615383463e-02
6.490000000000000568e+01,1.633593653846153737e+00,-6.282365384615383463e-02
6.500000000000001421e+01,1.633593653846153737e+00,-6.282365384615383463e-02
6.510000000000000853e+01,1.633593653846153737e+00,-6.282365384615383463e-02
6.520000000000001705e+01,1.633593653846153737e+00,-6.282365384615383463e-02
6.530000000000001137e+01,1.633593653846153737e+00,-6.282365384615383463e-02
6.540000000000000568e+01,1.633593653846153737e+00,-6.282365384615383463e-02
6.550000000000000000e+01,1.633593653846153737e+00,-6.282365384615383463e-02
6.559999999999999432e+01,1.633593653846153737e+00,-6.282365384615383463e-02
6.570000000000000284e+01,1.633593653846153737e+00,-6.282365384615383463e-02
6.579999999999999716e+01,1.633593653846153737e+00,-6.282365384615383463e-02
6.590000000000000568e+01,1.633593653846153737e+00,-6.282365384615383463e-02
6.600000000000000000e+01,1.633593653846153737e+00,-6.282365384615383463e-02
6.610000000000000853e+01,1.633593653846153737e+00,-6.282365384615383463e-02
6.620000000000000284e+01,1.633593653846153737e+00,-6.282365384615383463e-02
6.629999999999999716e+01,1.633593653846153737e+00,-6.282365384615383463e-02
6.640000000000000568e+01,1.633593653846153737e+00,-6.282365384615383463e-02
6.650000000000000000e+01,1.633593653846153737e+00,-6.282365384615383463e-02
6.660000000000000853e+01,1.633593653846153737e+00,-6.282365384615383463e-02
6.670000000000000284e+01,1.633593653846153737e+00,-6.282365384615383463e-02
6.680000000000001137e+01,1.633593653846153737e+00,-6.282365384615383463e-02
6.690000000000000568e+01,1.633593653846153737e+00,-6.282365384615383463e-02
6.700000000000001421e+01,1.633593653846153737e+00,-6.282365384615383463e-02
6.710000000000000853e+01,1.633593653846153737e+00,-6.282365384615383463e-02
6.720000000000000284e+01,1.633593653846153737e+00,-6.282365384615383463e-02
6.730000000000001137e+01,1.633593653846153737e+00,-6.282365384615383463e-02
6.740000000000000568e+01,1.633593653846153737e+00,-6.282365384615383463e-02
6.750000000000001421e+01,1.633593653846153737e+00,-6.282365384615383463e-02
6.760000000000000853e+01,1.633593653846153737e+00,-6.282365384615383463e-02
6.770000000000001705e+01,1.633593653846153737e+00,-6.282365384615383463e-02
6.780000000000001137e+01,1.633593653846153737e+00,-6.282365384615383463e-02
6.790000000000000568e+01,1.633593653846153737e+00,-6.282365384615383463e-02
6.800000000000001421e+01,1.633593653846153737e+00,-6.282365384615383463e-02
6.810000000000000853e+01,1.633593653846153737e+00,-6.282365384615383463e-02
6.820000000000001705e+01,1.633593653846153737e+00,-6.282365384615383463e-02
6.830000000000001137e+01,1.633593653846153737e+00,-6.282365384615383463e-02
6.840000000000000568e+01,1.633593653846153737e+00,-6.282365384615383463e-02
6.850000000000000000e+01,1.633593653846153737e+00,-6.282365384615383463e-02
6.859999999999999432e+01,1.633593653846153737e+00,-6.282365384615383463e-02
6.870000000000000284e+01,1.633593653846153737e+00,-6.282365384615383463e-02
6.879999999999999716e+01,1.633593653846153737e+00,-6.282365384615383463e-02
6.890000000000000568e+01,1.633593653846153737e+00,-6.282365384615383463e-02
6.900000000000000000e+01,1.633593653846153737e+00,-6.282365384615383463e-02
6.910000000000000853e+01,1.633593653846153737e+00,-6.282365384615383463e-02
6.920000000000000284e+01,1.633593653846153737e+00,-6.282365384615383463e-02
6.929999999999999716e+01,1.633593653846153737e+00,-6.282365384615383463e-02
6.940000000000000568e+01,1.633593653846153737e+00,-6.282365384615383463e-02
6.950000000000000000e+01,1.633593653846153737e+00,-6.282365384615383463e-02
6.960000000000000853e+01,1.633593653846153737e+00,-6.282365384615383463e-02
6.970000000000000284e+01,1.633593653846153737e+00,-6.282365384615383463e-02
6.980000000000001137e+01,1.633593653846153737e+00,-6.282365384615383463e-02
6.990000000000000568e+01,1.633593653846153737e+00,-6.282365384615383463e-02
7.000000000000001421e+01,1.633593653846153737e+00,-6.282365384615383463e-02
7.010000000000000853e+01,1.633593653846153737e+00,-6.282365384615383463e-02
7.020000000000000284e+01,1.633593653846153737e+00,-6.282365384615383463e-02
7.030000000000001137e+01,1.633593653846153737e+00,-6.282365384615383463e-02
7.040000000000000568e+01,1.633593653846153737e+00,-6.282365384615383463e-02
7.050000000000001421e+01,1.633593653846153737e+00,-6.282365384615383463e-02
7.060000000000000853e+01,1.633593653846153737e+00,-6.282365384615383463e-02
7.070000000000001705e+01,1.633593653846153737e+00,-6.282365384615383463e-02
7.080000000000001137e+01,1.633593653846153737e+00,-6.282365384615383463e-02
7.090000000000000568e+01,1.633593653846153737e+00,-6.282365384615383463e-02
7.100000000000001421e+01,1.633593653846153737e+00,-6.282365384615383463e-02
7.110000000000000853e+01,1.633593653846153737e+00,-6.282365384615383463e-02
7.120000000000001705e+01,1.633593653846153737e+00,-6.282365384615383463e-02
7.130000000000001137e+01,1.633593653846153737e+00,-6.282365384615383463e-02
7.140000000000001990e+01,1.633593653846153737e+00,-6.282365384615383463e-02
7.150000000000001421e+01,1.633593653846153737e+00,-6.282365384615383463e-02
7.159999999999999432e+01,1.633593653846153737e+00,-6.282365384615383463e-02
7.170000000000000284e+01,1.633593653846153737e+00,-6.282365384615383463e-02
7.179999999999999716e+01,1.633593653846153737e+00,-6.282365384615383463e-02
7.190000000000000568e+01,1.633593653846153737e+00,-6.282365384615383463e-02
7.200000000000000000e+01,1.633593653846153737e+00,-6.282365384615383463e-02
7.210000000000000853e+01,1.633593653846153737e+00,-6.282365384615383463e-02
7.220000000000000284e+01,1.633593653846153737e+00,-6.282365384615383463e-02
7.229999999999999716e+01,1.633593653846153737e+00,-6.282365384615383463e-02
7.240000000000000568e+01,1.633593653846153737e+00,-6.282365384615383463e-02
7.250000000000000000e+01,1.633593653846153737e+00,-6.282365384615383463e-02
7.260000000000000853e+01,1.633593653846153737e+00,-6.282365384615383463e-02
7.270000000000000284e+01,1.633593653846153737e+00,-6.282365384615383463e-02
7.280000000000001137e+01,1.633593653846153737e+00,-6.282365384615383463e-02
7.290000000000000568e+01,1.633593653846153737e+00,-6.282365384615383463e-02
7.300000000000001421e+01,1.633593653846153737e+00,-6.282365384615383463e-02
7.310000000000000853e+01,1.633593653846153737e+00,-6.282365384615383463e-02
7.320000000000000284e+01,1.633593653846153737e+00,-6.282365384615383463e-02
7.330000000000001137e+01,1.633593653846153737e+00,-6.282365384615383463e-02
7.340000000000000568e+01,1.633593653846153737e+00,-6.282365384615383463e-02
7.350000000000001421e+01,1.633593653846153737e+00,-6.282365384615383463e-02
7.360000000000000853e+01,1.633593653846153737e+00,-6.282365384615383463e-02
7.370000000000001705e+01,1.633593653846153737e+00,-6.282365384615383463e-02
7.380000000000001137e+01,1.633593653846153737e+00,-6.282365384615383463e-02
7.390000000000000568e+01,1.633593653846153737e+00,-6.282365384615383463e-02
7.400000000000001421e+01,1.633593653846153737e+00,-6.282365384615383463e-02
7.410000000000000853e+01,1.633593653846153737e+00,-6.282365384615383463e-02
7.420000000000001705e+01,1.633593653846153737e+00,-6.282365384615383463e-02
7.430000000000001137e+01,1.633593653846153737e+00,-6.282365384615383463e-02
7.440000000000001990e+01,1.633593653846153737e+00,-6.282365384615383463e-02
7.450000000000001421e+01,1.633593653846153737e+00,-6.282365384615383463e-02
7.460000000000000853e+01,1.633593653846153737e+00,-6.282365384615383463e-02
7.470000000000000284e+01,1.633593653846153737e+00,-6.282365384615383463e-02
7.479999999999999716e+01,1.633593653846153737e+00,-6.282365384615383463e-02
7.490000000000000568e+01,1.633593653846153737e+00,-6.282365384615383463e-02
7.500000000000000000e+01,1.633593653846153737e+00,-6.282365384615383463e-02
7.510000000000000853e+01,1.633593653846153737e+00,-6.282365384615383463e-02
7.520000000000000284e+01,1.633593653846153737e+00,-6.282365384615383463e-02
7.529999999999999716e+01,1.633593653846153737e+00,-6.282365384615383463e-02
7.540000000000000568e+01,1.633593653846153737e+00,-6.282365384615383463e-02
7.550000000000000000e+01,1.633593653846153737e+00,-6.282365384615383463e-02
7.560000000000000853e+01,1.633593653846153737e+00,-6.282365384615383463e-02
7.570000000000000284e+01,1.633593653846153737e+00,-6.282365384615383463e-02
7.580000000000001137e+01,1.633593653846153737e+00,-6.282365384615383463e-02
7.590000000000000568e+01,1.633593653846153737e+00,-6.282365384615383463e-02
7.600000000000001421e+01,1.633593653846153737e+00,-6.282365384615383463e-02
7.610000000000000853e+01,1.633593653846153737e+00,-6.282365384615383463e-02
7.620000000000000284e+01,1.633593653846153737e+00,-6.282365384615383463e-02
7.630000000000001137e+01,1.633593653846153737e+00,-6.282365384615383463e-02
7.640000000000000568e+01,1.633593653846153737e+00,-6.282365384615383463e-02
7.650000000000001421e+01,1.633593653846153737e+00,-6.282365384615383463e-02
7.660000000000000853e+01,1.633593653846153737e+00,-6.282365384615383463e-02
7.670000000000001705e+01,1.633593653846153737e+00,-6.282365384615383463e-02
7.680000000000001137e+01,1.633593653846153737e+00,-6.282365384615383463e-02
7.690000000000000568e+01,1.633593653846153737e+00,-6.282365384615383463e-02
7.700000000000001421e+01,1.633593653846153737e+00,-6.282365384615383463e-02
7.710000000000000853e+01,1.633593653846153737e+00,-6.282365384615383463e-02
7.720000000000001705e+01,1.633593653846153737e+00,-6.282365384615383463e-02
7.730000000000001137e+01,1.633593653846153737e+00,-6.282365384615383463e-02
7.740000000000001990e+01,1.633593653846153737e+00,-6.282365384615383463e-02
7.750000000000001421e+01,1.633593653846153737e+00,-6.282365384615383463e-02
7.760000000000000853e+01,1.633593653846153737e+00,-6.282365384615383463e-02
7.770000000000000284e+01,1.633593653846153737e+00,-6.282365384615383463e-02
7.779999999999999716e+01,1.633593653846153737e+00,-6.282365384615383463e-02
7.790000000000000568e+01,1.633593653846153737e+00,-6.282365384615383463e-02
7.800000000000000000e+01,1.633593653846153737e+00,-6.282365384615383463e-02
7.810000000000000853e+01,1.633593653846153737e+00,-6.282365384615383463e-02
7.820000000000000284e+01,1.633593653846153737e+00,-6.282365384615383463e-02
7.830000000000001137e+01,1.633593653846153737e+00,-6.282365384615383463e-02
7.840000000000000568e+01,1.633593653846153737e+00,-6.282365384615383463e-02
7.850000000000000000e+01,1.633593653846153737e+00,-6.282365384615383463e-02
7.860000000000000853e+01,1.633593653846153737e+00,-6.282365384615383463e-02
7.870000000000000284e+01,1.633593653846153737e+00,-6.282365384615383463e-02
7.880000000000001137e+01,1.633593653846153737e+00,-6.282365384615383463e-02
7.890000000000000568e+01,1.633593653846153737e+00,-6.282365384615383463e-02
7.900000000000001421e+01,1.633593653846153737e+00,-6.282365384615383463e-02
7.910000000000000853e+01,1.633593653846153737e+00,-6.282365384615383463e-02
7.920000000000000284e+01,1.633593653846153737e+00,-6.282365384615383463e-02
7.930000000000001137e+01,1.633593653846153737e+00,-6.282365384615383463e-02
7.940000000000000568e+01,1.633593653846153737e+00,-6.282365384615383463e-02
7.950000000000001421e+01,1.633593653846153737e+00,-6.282365384615383463e-02
7.960000000000000853e+01,1.633593653846153737e+00,-6.282365384615383463e-02
7.970000000000001705e+01,1.633593653846153737e+00,-6.282365384615383463e-02
7.980000000000001137e+01,1.633593653846153737e+00,-6.282365384615383463e-02
7.990000000000000568e+01,1.633593653846153737e+00,-6.282365384615383463e-02
8.000000000000001421e+01,1.633593653846153737e+00,-6.282365384615383463e-02
8.010000000000000853e+01,1.633593653846153737e+00,-6.282365384615383463e-02
8.020000000000001705e+01,1.633593653846153737e+00,-6.282365384615383463e-02
8.030000000000001137e+01,1.633593653846153737e+00,-6.282365384615383463e-02
8.040000000000001990e+01,1.633593653846153737e+00,-6.282365384615383463e-02
8.050000000000001421e+01,1.633593653846153737e+00,-6.282365384615383463e-02
8.060000000000000853e+01,1.633593653846153737e+00,-6.282365384615383463e-02
8.070000000000000284e+01,1.633593653846153737e+00,-6.282365384615383463e-02
8.079999999999999716e+01,1.633593653846153737e+00,-6.282365384615383463e-02
8.090000000000000568e+01,1.633593653846153737e+00,-6.282365384615383463e-02
8.100000000000000000e+01,1.633593653846153737e+00,-6.282365384615383463e-02
8.110000000000000853e+01,1.633593653846153737e+00,-6.282365384615383463e-02
8.120000000000000284e+01,1.633593653846153737e+00,-6.282365384615383463e-02
8.130000000000001137e+01,1.633593653846153737e+00,-6.282365384615383463e-02
8.140000000000000568e+01,1.633593653846153737e+00,-6.282365384615383463e-02
8.150000000000000000e+01,1.633593653846153737e+00,-6.282365384615383463e-02
8.160000000000000853e+01,1.633593653846153737e+00,-6.282365384615383463e-02
8.170000000000000284e+01,1.633593653846153737e+00,-6.282365384615383463e-02
8.180000000000001137e+01,1.633593653846153737e+00,-6.282365384615383463e-02
8.190000000000000568e+01,1.633593653846153737e+00,-6.282365384615383463e-02
8.200000000000001421e+01,1.633593653846153737e+00,-6.282365384615383463e-02
8.210000000000000853e+01,1.633593653846153737e+00,-6.282365384615383463e-02
8.220000000000000284e+01,1.633593653846153737e+00,-6.282365384615383463e-02
8.230000000000001137e+01,1.633593653846153737e+00,-6.282365384615383463e-02
8.240000000000000568e+01,1.633593653846153737e+00,-6.282365384615383463e-02
8.250000000000001421e+01,1.633593653846153737e+00,-6.282365384615383463e-02
8.260000000000000853e+01,1.633593653846153737e+00,-6.282365384615383463e-02
8.270000000000001705e+01,1.633593653846153737e+00,-6.282365384615383463e-02
8.280000000000001137e+01,1.633593653846153737e+00,-6.282365384615383463e-02
8.290000000000000568e+01,1.633593653846153737e+00,-6.282365384615383463e-02
8.300000000000001421e+01,1.633593653846153737e+00,-6.282365384615383463e-02
8.310000000000000853e+01,1.633593653846153737e+00,-6.282365384615383463e-02
8.320000000000001705e+01,1.633593653846153737e+00,-6.282365384615383463e-02
8.330000000000001137e+01,1.633593653846153737e+00,-6.282365384615383463e-02
8.340000000000001990e+01,1.633593653846153737e+00,-6.282365384615383463e-02
8.350000000000001421e+01,1.633593653846153737e+00,-6.282365384615383463e-02
8.360000000000000853e+01,1.633593653846153737e+00,-6.282365384615383463e-02
8.370000000000000284e+01,1.633593653846153737e+00,-6.282365384615383463e-02
8.379999999999999716e+01,1.633593653846153737e+00,-6.282365384615383463e-02
8.390000000000000568e+01,1.633593653846153737e+00,-6.282365384615383463e-02
8.400000000000000000e+01,1.633593653846153737e+00,-6.282365384615383463e-02
8.410000000000000853e+01,1.633593653846153737e+00,-6.282365384615383463e-02
8.420000000000000284e+01,1.633593653846153737e+00,-6.282365384615383463e-02
8.430000000000001137e+01,1.633593653846153737e+00,-6.282365384615383463e-02
8.440000000000000568e+01,1.633593653846153737e+00,-6.282365384615383463e-02
8.450000000000000000e+01,1.633593653846153737e+00,-6.282365384615383463e-02
8.460000000000000853e+01,1.633593653846153737e+00,-6.282365384615383463e-02
8.470000000000000284e+01,1.633593653846153737e+00,-6.282365384615383463e-02
8.480000000000001137e+01,1.633593653846153737e+00,-6.282365384615383463e-02
8.490000000000000568e+01,1.633593653846153737e+00,-6.282365384615383463e-02
8.500000000000001421e+01,1.633593653846153737e+00,-6.282365384615383463e-02
8.510000000000000853e+01,1.633593653846153737e+00,-6.282365384615383463e-02
8.520000000000000284e+01,1.633593653846153737e+00,-6.282365384615383463e-02
8.530000000000001137e+01,1.633593653846153737e+00,-6.282365384615383463e-02
8.540000000000000568e+01,1.633593653846153737e+00,-6.282365384615383463e-02
8.550000000000001421e+01,1.633593653846153737e+00,-6.282365384615383463e-02
8.560000000000000853e+01,1.633593653846153737e+00,-6.282365384615383463e-02
